India VIX,20170102,15.47,16.38,14.64,15.83,-0
India VIX,20170103,15.83,16.42,14.90,15.96,-0
India VIX,20170104,15.96,16.10,14.90,15.89,-0
India VIX,20170105,15.89,15.89,14.45,15.05,-0
India VIX,20170106,15.05,15.09,13.92,14.91,-0
India VIX,20170109,14.91,15.64,13.82,15.48,-0
India VIX,20170110,15.48,15.48,14.02,15.20,-0
India VIX,20170111,15.19,15.19,13.54,14.81,-0
India VIX,20170112,14.81,14.86,13.46,14.61,-0
India VIX,20170113,14.61,14.65,13.38,14.38,-0
India VIX,20170116,14.38,15.25,13.43,15.07,-0
India VIX,20170117,15.06,15.62,13.98,15.39,-0
India VIX,20170118,15.39,15.39,13.61,15.18,-0
India VIX,20170119,15.18,15.28,14.03,15.02,-0
India VIX,20170120,15.02,15.87,13.85,15.79,-0
India VIX,20170123,15.79,16.37,15.50,15.91,-0
India VIX,20170124,15.90,15.96,14.39,15.29,-0
India VIX,20170125,15.28,15.43,14.41,15.17,-0
India VIX,20170127,15.17,16.13,14.93,16.01,-0
India VIX,20170130,16.00,16.86,15.39,16.67,-0
India VIX,20170131,16.67,17.09,15.71,16.83,-0
India VIX,20170201,16.83,17.43,13.80,13.97,-0
India VIX,20170202,13.97,13.97,12.64,13.52,-0
India VIX,20170203,13.52,13.60,11.78,13.13,-0
India VIX,20170206,13.13,13.61,11.06,13.40,-0
India VIX,20170207,13.40,13.72,12.24,13.51,-0
India VIX,20170208,13.51,13.76,11.44,13.35,-0
India VIX,20170209,13.35,13.78,11.40,13.24,-0
India VIX,20170210,13.23,13.33,11.37,13.18,-0
India VIX,20170213,13.18,13.76,11.57,13.69,-0
India VIX,20170214,13.69,14.01,12.10,13.80,-0
India VIX,20170215,13.80,14.46,11.73,14.21,-0
India VIX,20170216,14.21,14.21,11.44,13.73,-0
India VIX,20170217,13.73,13.77,12.47,13.43,-0
India VIX,20170220,13.43,13.85,12.41,13.61,-0
India VIX,20170221,13.61,14.28,11.89,13.53,-0
India VIX,20170222,13.52,14.04,12.72,13.70,-0
India VIX,20170223,13.70,13.96,12.91,13.40,-0
India VIX,20170227,13.40,14.27,13.40,13.68,-0
India VIX,20170228,13.68,14.02,13.17,13.79,-0
India VIX,20170301,13.79,13.80,13.21,13.58,-0
India VIX,20170302,13.57,13.61,13.03,13.36,-0
India VIX,20170303,13.36,13.60,12.57,13.35,-0
India VIX,20170306,13.35,13.73,12.81,13.64,-0
India VIX,20170307,13.64,14.01,13.09,13.88,-0
India VIX,20170308,13.88,14.29,12.69,14.08,-0
India VIX,20170309,14.07,14.78,12.60,14.39,-0
India VIX,20170310,14.39,14.39,13.57,13.96,-0
India VIX,20170314,13.96,13.96,11.09,12.40,-0
India VIX,20170315,12.40,12.53,11.20,12.42,-0
India VIX,20170316,12.42,12.42,11.34,11.91,-0
India VIX,20170317,11.91,12.11,10.39,11.85,-0
India VIX,20170320,11.85,12.31,11.44,12.02,-0
India VIX,20170321,12.02,12.15,11.03,11.94,-0
India VIX,20170322,11.94,12.36,11.58,12.27,-0
India VIX,20170323,12.27,12.27,11.24,11.84,-0
India VIX,20170324,11.84,12.10,10.70,11.98,-0
India VIX,20170327,11.98,12.57,11.34,12.44,-0
India VIX,20170328,12.44,12.44,11.46,12.12,-0
India VIX,20170329,12.12,12.24,11.45,12.09,-0
India VIX,20170330,12.09,12.45,11.75,12.15,-0
India VIX,20170331,12.15,12.51,11.49,12.42,-0
India VIX,20170403,12.42,12.76,11.41,11.49,-0
India VIX,20170405,11.49,11.89,10.89,11.55,-0
India VIX,20170406,11.55,11.77,11.03,11.29,-0
India VIX,20170407,11.29,11.81,10.31,11.69,-0
India VIX,20170410,11.69,11.92,11.24,11.62,-0
India VIX,20170411,11.62,11.83,10.24,11.40,-0
India VIX,20170412,11.40,12.06,10.79,11.63,-0
India VIX,20170413,11.63,11.78,10.59,11.58,-0
India VIX,20170417,11.58,12.21,10.69,11.89,-0
India VIX,20170418,11.89,12.59,10.76,12.38,-0
India VIX,20170419,12.38,12.52,10.74,12.22,-0
India VIX,20170420,12.22,12.22,10.85,11.56,-0
India VIX,20170421,11.56,11.73,10.56,11.42,-0
India VIX,20170424,11.42,11.85,10.97,11.63,-0
India VIX,20170425,11.63,11.63,10.97,11.16,-0
India VIX,20170426,11.15,11.86,9.92,11.74,-0
India VIX,20170427,11.74,11.74,10.36,11.07,-0
India VIX,20170428,11.07,11.07,10.53,10.86,-0
India VIX,20170502,10.86,11.81,10.35,11.45,-0
India VIX,20170503,11.45,11.66,9.94,11.53,-0
India VIX,20170504,11.53,11.78,10.60,11.33,-0
India VIX,20170505,11.33,12.16,10.45,11.99,-0
India VIX,20170508,11.99,11.99,10.61,11.67,-0
India VIX,20170509,11.66,11.66,10.54,11.11,-0
India VIX,20170510,11.11,11.11,9.96,10.95,-0
India VIX,20170511,10.95,11.26,9.90,10.84,-0
India VIX,20170512,10.84,10.84,9.47,10.63,-0
India VIX,20170515,10.63,11.14,8.84,10.68,-0
India VIX,20170516,10.68,11.02,9.06,10.56,-0
India VIX,20170517,10.56,10.81,9.24,10.64,-0
India VIX,20170518,10.64,12.74,9.82,11.79,-0
India VIX,20170519,11.78,11.90,10.40,11.30,-0
India VIX,20170522,11.30,11.85,10.20,11.20,-0
India VIX,20170523,11.20,12.77,9.86,12.20,-0
India VIX,20170524,12.20,12.78,10.45,11.83,-0
India VIX,20170525,11.83,11.92,10.19,10.45,-0
India VIX,20170526,10.45,11.19,9.89,10.86,-0
India VIX,20170529,10.86,11.88,10.26,11.79,-0
India VIX,20170530,11.79,12.27,10.86,11.77,-0
India VIX,20170531,11.77,12.25,11.02,11.76,-0
India VIX,20170601,11.76,11.91,10.61,11.31,-0
India VIX,20170602,11.31,11.31,10.31,10.81,-0
India VIX,20170605,10.81,11.14,10.05,11.02,-0
India VIX,20170606,11.02,11.32,9.49,11.13,-0
India VIX,20170607,11.13,11.19,10.22,10.89,-0
India VIX,20170608,10.89,11.13,9.53,11.07,-0
India VIX,20170609,11.07,11.23,10.27,10.86,-0
India VIX,20170612,10.86,11.50,10.35,11.42,-0
India VIX,20170613,11.42,11.46,9.90,11.34,-0
India VIX,20170614,11.34,11.53,10.44,11.18,-0
India VIX,20170615,11.18,11.43,9.89,11.33,-0
India VIX,20170616,11.32,11.32,9.71,10.92,-0
India VIX,20170619,10.91,10.91,9.74,10.63,-0
India VIX,20170620,10.63,10.87,9.82,10.66,-0
India VIX,20170621,10.66,11.06,9.77,10.92,-0
India VIX,20170622,10.91,11.42,10.07,11.21,-0
India VIX,20170623,11.21,11.78,8.76,11.56,-0
India VIX,20170627,11.56,12.87,10.93,12.51,-0
India VIX,20170628,12.51,12.76,11.09,11.99,-0
India VIX,20170629,11.99,11.99,10.60,11.38,-0
India VIX,20170630,11.38,12.10,11.08,11.73,-0
India VIX,20170703,11.73,11.75,10.45,11.20,-0
India VIX,20170704,11.20,11.65,10.42,11.28,-0
India VIX,20170705,11.27,11.42,10.45,11.15,-0
India VIX,20170706,11.15,11.18,10.29,10.98,-0
India VIX,20170707,10.98,11.13,9.61,10.87,-0
India VIX,20170710,10.87,11.09,9.57,10.91,-0
India VIX,20170711,10.91,11.08,9.90,10.89,-0
India VIX,20170712,10.89,11.30,9.67,11.05,-0
India VIX,20170713,11.05,11.40,9.86,11.25,-0
India VIX,20170714,11.25,11.48,10.06,11.17,-0
India VIX,20170717,11.17,11.57,10.48,11.46,-0
India VIX,20170718,11.46,11.79,10.28,11.49,-0
India VIX,20170719,11.49,11.69,9.08,11.26,-0
India VIX,20170720,11.26,11.57,10.37,11.32,-0
India VIX,20170721,11.31,11.72,9.01,11.09,-0
India VIX,20170724,11.09,11.80,10.36,11.31,-0
India VIX,20170725,11.31,11.51,10.23,10.91,-0
India VIX,20170726,10.91,11.77,10.91,11.17,-0
India VIX,20170727,11.17,11.91,10.81,11.22,-0
India VIX,20170728,11.22,12.02,10.98,11.14,-0
India VIX,20170731,11.14,12.03,11.14,11.90,-0
India VIX,20170801,11.90,12.39,11.59,11.91,-0
India VIX,20170802,11.91,12.17,10.92,11.94,-0
India VIX,20170803,11.94,12.23,11.21,11.64,-0
India VIX,20170804,11.64,11.74,10.74,11.39,-0
India VIX,20170807,11.39,12.00,10.64,11.90,-0
India VIX,20170808,11.90,13.05,10.48,12.77,-0
India VIX,20170809,12.77,13.68,10.52,13.45,-0
India VIX,20170810,13.45,14.17,12.23,13.80,-0
India VIX,20170811,13.80,15.54,11.67,15.20,-0
India VIX,20170814,15.19,15.19,11.86,14.38,-0
India VIX,20170816,14.38,14.70,12.62,14.24,-0
India VIX,20170817,14.24,14.62,10.79,14.34,-0
India VIX,20170818,14.34,14.89,11.17,14.57,-0
India VIX,20170821,14.57,14.97,13.15,14.82,-0
India VIX,20170822,14.81,14.81,11.16,14.11,-0
India VIX,20170823,14.10,14.10,12.26,13.18,-0
India VIX,20170824,13.18,13.19,11.94,12.57,-0
India VIX,20170828,12.57,13.68,11.36,12.64,-0
India VIX,20170829,12.64,13.85,12.28,13.54,-0
India VIX,20170830,13.54,14.13,11.74,12.89,-0
India VIX,20170831,12.89,13.69,11.78,11.95,-0
India VIX,20170901,11.95,12.16,10.52,11.68,-0
India VIX,20170904,11.68,13.95,11.48,13.17,-0
India VIX,20170905,13.16,13.44,12.48,12.89,-0
India VIX,20170906,12.89,13.49,12.03,13.12,-0
India VIX,20170907,13.12,13.13,11.18,13.01,-0
India VIX,20170908,13.01,13.10,11.77,12.96,-0
India VIX,20170911,12.96,12.96,11.55,12.36,-0
India VIX,20170912,12.36,12.36,11.52,11.76,-0
India VIX,20170913,11.76,11.86,10.68,11.76,-0
India VIX,20170914,11.76,11.88,10.36,11.47,-0
India VIX,20170915,11.47,12.02,10.02,11.68,-0
India VIX,20170918,11.68,11.68,10.84,11.44,-0
India VIX,20170919,11.44,11.64,10.40,11.47,-0
India VIX,20170920,11.47,11.88,10.11,11.63,-0
India VIX,20170921,11.63,12.18,9.26,11.63,-0
India VIX,20170922,11.63,12.99,11.01,12.81,-0
India VIX,20170925,12.81,13.84,11.51,13.34,-0
India VIX,20170926,13.34,13.63,12.63,12.93,-0
India VIX,20170927,12.93,14.16,11.77,13.86,-0
India VIX,20170928,13.86,13.97,12.82,13.17,-0
India VIX,20170929,13.17,13.17,11.91,12.49,-0
India VIX,20171003,12.48,12.87,11.44,12.46,-0
India VIX,20171004,12.46,12.58,11.57,11.80,-0
India VIX,20171005,11.80,11.90,10.59,11.71,-0
India VIX,20171006,11.71,11.71,10.74,11.12,-0
India VIX,20171009,11.12,11.56,10.40,11.39,-0
India VIX,20171010,11.39,11.45,10.75,11.11,-0
India VIX,20171011,11.11,12.18,10.19,11.73,-0
India VIX,20171012,11.73,11.73,10.46,11.04,-0
India VIX,20171013,11.04,11.35,10.09,11.26,-0
India VIX,20171016,11.26,11.58,10.03,11.31,-0
India VIX,20171017,11.31,11.73,10.10,11.61,-0
India VIX,20171018,11.61,11.75,10.13,11.54,-0
India VIX,20171019,11.54,12.81,10.82,12.40,-0
India VIX,20171023,12.40,12.94,10.88,12.33,-0
India VIX,20171024,12.32,12.47,11.36,11.59,-0
India VIX,20171025,11.59,12.49,11.19,11.76,-0
India VIX,20171026,11.76,12.65,11.29,11.62,-0
India VIX,20171027,11.62,12.15,11.19,11.48,-0
India VIX,20171030,11.48,12.26,11.48,12.11,-0
India VIX,20171031,12.11,12.52,11.52,12.44,-0
India VIX,20171101,12.44,12.44,11.79,12.14,-0
India VIX,20171102,12.14,12.37,11.41,12.01,-0
India VIX,20171103,12.01,12.30,11.07,11.91,-0
India VIX,20171106,11.91,13.26,11.37,13.02,-0
India VIX,20171107,13.02,13.68,11.68,13.24,-0
India VIX,20171108,13.24,13.85,11.23,13.61,-0
India VIX,20171109,13.61,13.72,11.08,13.27,-0
India VIX,20171110,13.27,13.82,11.17,13.48,-0
India VIX,20171113,13.48,14.38,11.16,14.05,-0
India VIX,20171114,14.05,14.74,12.46,14.17,-0
India VIX,20171115,14.16,14.58,11.58,14.27,-0
India VIX,20171116,14.27,14.27,11.07,13.46,-0
India VIX,20171117,13.46,13.86,11.63,13.71,-0
India VIX,20171120,13.71,15.60,11.12,13.43,-0
India VIX,20171121,13.43,13.93,11.01,13.72,-0
India VIX,20171122,13.72,14.34,12.19,14.04,-0
India VIX,20171123,14.04,14.46,12.82,13.87,-0
India VIX,20171124,13.86,13.99,12.49,13.51,-0
India VIX,20171127,13.51,13.90,11.53,13.03,-0
India VIX,20171128,13.03,13.36,12.04,13.15,-0
India VIX,20171129,13.15,13.28,12.26,13.06,-0
India VIX,20171130,13.06,13.91,11.97,13.55,-0
India VIX,20171201,13.55,15.02,12.62,14.80,-0
India VIX,20171204,14.80,15.26,14.14,14.86,-0
India VIX,20171205,14.85,15.34,13.55,15.01,-0
India VIX,20171206,15.01,15.26,13.55,15.09,-0
India VIX,20171207,15.09,15.09,13.92,14.27,-0
India VIX,20171208,14.27,14.27,12.90,13.67,-0
India VIX,20171211,13.67,14.48,12.16,14.15,-0
India VIX,20171212,14.15,15.37,12.16,15.26,-0
India VIX,20171213,15.26,16.31,12.70,15.95,-0
India VIX,20171214,15.94,17.39,12.80,16.41,-0
India VIX,20171215,16.41,16.41,13.40,14.94,-0
India VIX,20171218,14.94,18.26,12.81,13.12,-0
India VIX,20171219,13.11,13.11,12.07,12.19,-0
India VIX,20171220,12.19,12.41,11.20,12.19,-0
India VIX,20171221,12.19,12.24,10.16,12.09,-0
India VIX,20171222,12.09,12.13,10.73,11.59,-0
India VIX,20171226,11.59,12.26,10.32,12.05,-0
India VIX,20171227,12.05,12.73,11.51,12.49,-0
India VIX,20171228,12.49,12.69,11.33,12.30,-0
India VIX,20171229,12.30,12.76,11.48,12.67,-0
India VIX,20180101,12.67,13.61,12.55,13.35,-0
India VIX,20180102,13.35,13.84,12.60,13.69,-0
India VIX,20180103,13.69,13.72,12.77,13.62,-0
India VIX,20180104,13.62,13.79,12.18,13.42,-0
India VIX,20180105,13.41,13.41,12.42,13.11,-0
India VIX,20180108,13.11,13.85,11.81,13.74,-0
India VIX,20180109,13.73,14.13,12.25,13.85,-0
India VIX,20180110,13.85,14.23,12.52,14.04,-0
India VIX,20180111,14.03,14.28,12.98,14.01,-0
India VIX,20180112,14.01,14.55,11.92,13.73,-0
India VIX,20180115,13.73,14.48,11.81,14.31,-0
India VIX,20180116,14.31,14.59,12.35,14.09,-0
India VIX,20180117,14.09,14.44,10.35,13.86,-0
India VIX,20180118,13.86,14.22,11.65,13.96,-0
India VIX,20180119,13.96,14.19,10.75,13.98,-0
India VIX,20180122,13.98,15.59,12.07,15.39,-0
India VIX,20180123,15.39,16.30,14.11,16.23,-0
India VIX,20180124,16.23,18.50,14.64,18.04,-0
India VIX,20180125,18.04,18.24,17.03,17.51,-0
India VIX,20180129,17.51,18.49,16.36,17.89,-0
India VIX,20180130,17.89,18.00,16.15,16.42,-0
India VIX,20180131,16.42,16.42,14.29,15.93,-0
India VIX,20180201,15.93,16.77,13.90,14.11,-0
India VIX,20180202,14.11,15.49,11.50,15.25,-0
India VIX,20180205,15.25,18.33,15.08,16.05,-0
India VIX,20180206,16.05,23.16,16.05,20.02,-0
India VIX,20180207,20.01,20.01,16.80,19.47,-0
India VIX,20180208,19.47,24.03,15.26,17.77,-0
India VIX,20180209,17.77,20.42,15.15,19.23,-0
India VIX,20180212,19.23,19.23,16.57,17.88,-0
India VIX,20180214,17.88,17.88,15.52,17.19,-0
India VIX,20180215,17.18,17.18,14.09,16.32,-0
India VIX,20180216,16.32,16.97,12.57,16.38,-0
India VIX,20180219,16.38,18.03,13.95,16.67,-0
India VIX,20180220,16.67,17.54,16.33,16.87,-0
India VIX,20180221,16.87,16.87,15.73,15.92,-0
India VIX,20180222,15.92,16.46,14.50,14.83,-0
India VIX,20180223,14.83,14.83,13.53,14.20,-0
India VIX,20180226,14.20,14.32,13.53,13.70,-0
India VIX,20180227,13.69,14.42,12.45,13.92,-0
India VIX,20180228,13.92,14.40,12.52,13.81,-0
India VIX,20180301,13.81,14.25,12.40,14.07,-0
India VIX,20180305,14.07,15.99,12.23,15.40,-0
India VIX,20180306,15.40,16.45,13.16,16.25,-0
India VIX,20180307,16.25,16.46,13.45,15.70,-0
India VIX,20180308,15.70,15.70,12.48,14.59,-0
India VIX,20180309,14.59,14.76,12.90,14.53,-0
India VIX,20180312,14.52,14.66,12.01,14.49,-0
India VIX,20180313,14.49,14.62,12.39,14.46,-0
India VIX,20180314,14.46,14.95,11.73,14.36,-0
India VIX,20180315,14.36,14.65,11.30,14.33,-0
India VIX,20180316,14.33,15.62,11.63,15.22,-0
India VIX,20180319,15.22,16.01,13.14,15.82,-0
India VIX,20180320,15.82,16.13,15.17,15.61,-0
India VIX,20180321,15.61,15.61,12.39,15.11,-0
India VIX,20180322,15.11,15.36,11.99,15.25,-0
India VIX,20180323,15.25,16.38,15.25,15.55,-0
India VIX,20180326,15.55,16.38,14.86,15.20,-0
India VIX,20180327,15.19,16.11,14.49,15.55,-0
India VIX,20180328,15.55,15.97,14.82,15.76,-0
India VIX,20180402,15.76,16.45,15.20,15.35,-0
India VIX,20180403,15.35,15.77,14.88,15.19,-0
India VIX,20180404,15.19,16.49,13.68,16.34,-0
India VIX,20180405,16.34,16.34,13.86,14.80,-0
India VIX,20180406,14.80,15.15,13.01,14.75,-0
India VIX,20180409,14.75,15.14,14.46,14.87,-0
India VIX,20180410,14.87,14.87,14.01,14.50,-0
India VIX,20180411,14.50,14.91,12.74,14.72,-0
India VIX,20180412,14.72,14.99,11.81,14.56,-0
India VIX,20180413,14.56,14.56,13.45,14.14,-0
India VIX,20180416,14.14,14.86,13.41,14.26,-0
India VIX,20180417,14.26,14.40,13.35,14.04,-0
India VIX,20180418,14.04,14.37,13.16,14.11,-0
India VIX,20180419,14.11,14.11,12.50,13.75,-0
India VIX,20180420,13.75,13.77,9.74,12.94,-0
India VIX,20180423,12.94,13.49,11.53,13.15,-0
India VIX,20180424,13.15,13.39,11.49,11.90,-0
India VIX,20180425,11.90,13.31,11.90,12.40,-0
India VIX,20180426,12.40,13.58,11.74,12.04,-0
India VIX,20180427,12.04,12.63,11.44,12.02,-0
India VIX,20180430,12.02,12.55,12.02,12.36,-0
India VIX,20180502,12.36,13.20,12.36,12.84,-0
India VIX,20180503,12.84,13.21,12.47,12.99,-0
India VIX,20180504,12.98,13.45,10.99,13.25,-0
India VIX,20180507,13.25,13.96,12.83,13.76,-0
India VIX,20180508,13.76,14.44,11.09,14.06,-0
India VIX,20180509,14.06,14.56,12.12,14.27,-0
India VIX,20180510,14.27,14.65,12.56,14.43,-0
India VIX,20180511,14.43,14.82,13.00,13.98,-0
India VIX,20180514,13.98,14.50,12.11,14.25,-0
India VIX,20180515,14.24,14.24,11.49,13.17,-0
India VIX,20180516,13.16,13.65,10.85,13.44,-0
India VIX,20180517,13.44,13.68,11.09,13.41,-0
India VIX,20180518,13.41,14.35,11.61,14.15,-0
India VIX,20180521,14.15,14.54,11.76,14.41,-0
India VIX,20180522,14.41,14.41,11.74,13.60,-0
India VIX,20180523,13.60,14.94,11.88,14.16,-0
India VIX,20180524,14.16,14.22,10.90,13.15,-0
India VIX,20180525,13.15,13.17,11.00,12.65,-0
India VIX,20180528,12.65,13.15,11.35,13.06,-0
India VIX,20180529,13.06,13.87,11.98,13.07,-0
India VIX,20180530,13.07,13.85,12.18,13.41,-0
India VIX,20180531,13.41,14.23,12.13,13.22,-0
India VIX,20180601,13.22,14.59,12.16,13.57,-0
India VIX,20180604,13.57,15.47,12.18,13.88,-0
India VIX,20180605,13.88,14.49,13.13,13.32,-0
India VIX,20180606,13.31,13.51,12.15,12.55,-0
India VIX,20180607,12.55,13.65,11.61,12.78,-0
India VIX,20180608,12.78,13.17,10.80,12.70,-0
India VIX,20180611,12.70,13.82,11.32,13.18,-0
India VIX,20180612,13.18,13.90,10.44,12.73,-0
India VIX,20180613,12.73,13.14,11.22,12.64,-0
India VIX,20180614,12.64,12.64,10.43,12.10,-0
India VIX,20180615,12.10,12.51,10.49,12.07,-0
India VIX,20180618,12.07,12.55,9.82,12.38,-0
India VIX,20180619,12.38,13.00,11.48,12.92,-0
India VIX,20180620,12.92,12.92,10.61,12.17,-0
India VIX,20180621,12.17,12.59,10.91,12.45,-0
India VIX,20180622,12.45,12.54,10.39,12.02,-0
India VIX,20180625,12.02,12.78,9.74,12.58,-0
India VIX,20180626,12.58,12.97,12.33,12.80,-0
India VIX,20180627,12.80,13.81,12.09,13.51,-0
India VIX,20180628,13.51,14.07,12.52,13.95,-0
India VIX,20180629,13.95,13.95,12.63,12.94,-0
India VIX,20180702,12.94,13.94,12.47,13.37,-0
India VIX,20180703,13.37,13.75,12.19,13.00,-0
India VIX,20180704,13.00,13.34,12.57,12.66,-0
India VIX,20180705,12.66,12.95,11.23,12.58,-0
India VIX,20180706,12.57,12.68,11.67,12.44,-0
India VIX,20180709,12.44,12.57,11.22,12.39,-0
India VIX,20180710,12.39,12.52,11.02,12.40,-0
India VIX,20180711,12.40,12.86,10.02,12.78,-0
India VIX,20180712,12.77,12.86,10.65,12.51,-0
India VIX,20180713,12.51,12.51,11.32,12.30,-0
India VIX,20180716,12.30,13.05,11.17,12.95,-0
India VIX,20180717,12.95,12.95,11.24,12.83,-0
India VIX,20180718,12.82,13.90,10.65,13.68,-0
India VIX,20180719,13.68,13.80,10.99,13.59,-0
India VIX,20180720,13.59,13.90,11.32,13.54,-0
India VIX,20180723,13.53,13.62,12.07,13.01,-0
India VIX,20180724,13.01,13.08,12.15,12.47,-0
India VIX,20180725,12.47,13.26,11.22,12.21,-0
India VIX,20180726,12.21,13.05,11.61,12.03,-0
India VIX,20180727,12.03,12.50,11.25,12.31,-0
India VIX,20180730,12.31,13.06,12.31,12.59,-0
India VIX,20180731,12.59,12.80,12.29,12.48,-0
India VIX,20180801,12.48,12.77,12.00,12.53,-0
India VIX,20180802,12.53,12.80,10.89,12.56,-0
India VIX,20180803,12.56,12.56,10.91,12.08,-0
India VIX,20180806,12.08,12.73,11.85,12.56,-0
India VIX,20180807,12.56,12.82,10.58,12.58,-0
India VIX,20180808,12.58,12.78,10.48,12.54,-0
India VIX,20180809,12.54,12.76,10.88,12.68,-0
India VIX,20180810,12.68,12.98,10.06,12.85,-0
India VIX,20180813,12.85,13.50,11.29,13.40,-0
India VIX,20180814,13.40,13.42,10.76,13.28,-0
India VIX,20180816,13.28,13.86,11.47,13.65,-0
India VIX,20180817,13.65,13.65,10.30,13.16,-0
India VIX,20180820,13.16,13.55,11.35,13.03,-0
India VIX,20180821,13.03,13.64,9.93,12.90,-0
India VIX,20180823,12.90,13.12,9.53,12.76,-0
India VIX,20180824,12.76,12.84,9.43,12.41,-0
India VIX,20180827,12.41,12.53,9.52,12.24,-0
India VIX,20180828,12.24,12.60,10.38,12.43,-0
India VIX,20180829,12.43,12.67,10.73,12.44,-0
India VIX,20180830,12.44,12.63,10.62,12.41,-0
India VIX,20180831,12.41,12.80,11.60,12.60,-0
India VIX,20180903,12.60,13.72,11.17,13.39,-0
India VIX,20180904,13.39,13.88,12.20,13.78,-0
India VIX,20180905,13.78,14.15,11.95,13.65,-0
India VIX,20180906,13.65,14.20,12.06,13.72,-0
India VIX,20180907,13.72,14.14,11.09,13.89,-0
India VIX,20180910,13.89,15.31,12.61,15.20,-0
India VIX,20180911,15.20,15.45,13.44,15.33,-0
India VIX,20180912,15.33,15.33,12.98,14.25,-0
India VIX,20180914,14.25,14.25,12.32,13.84,-0
India VIX,20180917,13.84,14.64,11.73,14.50,-0
India VIX,20180918,14.49,14.62,11.87,14.42,-0
India VIX,20180919,14.41,14.48,11.74,14.01,-0
India VIX,20180921,14.01,16.92,10.98,15.54,-0
India VIX,20180924,15.53,17.85,13.80,17.43,-0
India VIX,20180925,17.43,18.31,16.22,16.68,-0
India VIX,20180926,16.68,17.58,15.10,17.09,-0
India VIX,20180927,17.09,17.37,15.60,16.92,-0
India VIX,20180928,16.92,17.69,15.93,17.00,-0
India VIX,20181001,17.00,18.86,16.27,16.84,-0
India VIX,20181003,16.83,18.65,15.57,18.12,-0
India VIX,20181004,18.12,19.68,17.49,18.92,-0
India VIX,20181005,18.92,20.48,18.45,19.73,-0
India VIX,20181008,19.73,21.76,18.48,20.15,-0
India VIX,20181009,20.15,20.36,17.47,19.76,-0
India VIX,20181010,19.75,19.75,17.73,17.91,-0
India VIX,20181011,17.91,20.84,17.63,20.55,-0
India VIX,20181012,20.55,20.55,16.67,18.63,-0
India VIX,20181015,18.63,19.82,15.98,18.89,-0
India VIX,20181016,18.89,18.89,14.28,17.37,-0
India VIX,20181017,17.37,18.20,14.84,17.98,-0
India VIX,20181019,17.98,20.05,17.45,19.79,-0
India VIX,20181022,19.79,21.67,17.08,21.36,-0
India VIX,20181023,21.36,22.35,18.76,19.04,-0
India VIX,20181024,19.04,19.81,17.71,18.88,-0
India VIX,20181025,18.88,20.33,18.50,18.96,-0
India VIX,20181026,18.96,21.04,18.66,19.23,-0
India VIX,20181029,19.23,20.81,19.23,19.83,-0
India VIX,20181030,19.83,20.77,19.55,20.50,-0
India VIX,20181031,20.50,22.82,19.58,19.80,-0
India VIX,20181101,19.80,20.13,18.90,19.19,-0
India VIX,20181102,19.19,19.19,17.49,18.23,-0
India VIX,20181105,18.23,19.82,17.74,19.48,-0
India VIX,20181106,19.48,19.48,16.18,18.51,-0
India VIX,20181107,18.50,18.50,16.81,17.88,-0
India VIX,20181109,17.88,18.75,16.75,17.77,-0
India VIX,20181112,17.76,19.46,16.48,19.37,-0
India VIX,20181113,19.37,19.68,17.12,18.70,-0
India VIX,20181114,18.69,19.51,14.77,18.83,-0
India VIX,20181115,18.83,18.92,15.50,18.46,-0
India VIX,20181116,18.45,18.87,16.90,18.35,-0
India VIX,20181119,18.35,19.65,13.52,19.26,-0
India VIX,20181120,19.25,19.65,18.25,19.33,-0
India VIX,20181121,19.33,20.10,15.54,19.56,-0
India VIX,20181122,19.56,20.00,17.09,19.16,-0
India VIX,20181126,19.16,20.53,15.02,20.40,-0
India VIX,20181127,20.40,20.40,16.60,18.32,-0
India VIX,20181128,18.32,19.35,16.67,17.96,-0
India VIX,20181129,17.96,18.85,14.93,18.70,-0
India VIX,20181130,18.70,19.92,16.81,19.16,-0
India VIX,20181203,19.16,19.60,16.31,18.22,-0
India VIX,20181204,18.22,19.62,16.91,18.11,-0
India VIX,20181205,18.11,18.83,16.62,18.39,-0
India VIX,20181206,18.39,19.55,15.91,19.31,-0
India VIX,20181207,19.31,19.63,15.98,18.59,-0
India VIX,20181210,18.59,20.65,16.89,20.44,-0
India VIX,20181211,20.44,20.44,17.20,17.95,-0
India VIX,20181212,17.94,17.94,15.42,15.81,-0
India VIX,20181213,15.81,15.90,11.91,15.55,-0
India VIX,20181214,15.55,15.60,12.67,15.16,-0
India VIX,20181217,15.16,15.91,13.87,14.54,-0
India VIX,20181218,14.54,15.31,11.98,14.58,-0
India VIX,20181219,14.58,14.86,11.87,14.66,-0
India VIX,20181220,14.66,14.92,13.72,14.33,-0
India VIX,20181221,14.33,16.23,12.94,15.99,-0
India VIX,20181224,15.99,17.13,14.90,15.75,-0
India VIX,20181226,15.75,17.48,14.81,15.92,-0
India VIX,20181227,15.92,16.38,12.56,16.07,-0
India VIX,20181228,16.07,16.07,15.02,15.27,-0
India VIX,20181231,15.27,16.15,14.65,16.00,-0
India VIX,20190101,16.00,16.40,15.15,15.33,-0
India VIX,20190102,15.32,16.95,14.84,16.39,-0
India VIX,20190103,16.39,17.15,15.44,16.79,-0
India VIX,20190104,16.79,16.97,15.48,16.16,-0
India VIX,20190107,16.16,16.45,15.30,16.30,-0
India VIX,20190108,16.30,16.57,14.73,15.70,-0
India VIX,20190109,15.70,16.32,13.90,15.27,-0
India VIX,20190110,15.27,15.61,14.15,15.35,-0
India VIX,20190111,15.35,15.83,14.36,15.35,-0
India VIX,20190114,15.35,16.55,15.35,16.16,-0
India VIX,20190115,16.16,16.16,12.99,15.58,-0
India VIX,20190116,15.58,16.31,12.80,16.08,-0
India VIX,20190117,16.08,16.43,12.99,16.24,-0
India VIX,20190118,16.24,16.91,12.31,16.62,-0
India VIX,20190121,16.62,18.34,14.36,18.15,-0
India VIX,20190122,18.15,18.47,15.51,17.99,-0
India VIX,20190123,17.99,18.29,12.02,18.09,-0
India VIX,20190124,18.08,18.38,14.54,17.44,-0
India VIX,20190125,17.43,18.14,14.36,17.69,-0
India VIX,20190128,17.69,19.28,14.59,18.90,-0
India VIX,20190129,18.90,19.80,18.04,18.43,-0
India VIX,20190130,18.43,18.43,15.98,17.85,-0
India VIX,20190131,17.85,17.85,16.44,17.12,-0
India VIX,20190201,17.12,17.18,15.55,15.72,-0
India VIX,20190204,15.72,16.45,14.97,15.72,-0
India VIX,20190205,15.72,15.98,14.60,15.78,-0
India VIX,20190206,15.78,15.97,12.83,15.63,-0
India VIX,20190207,15.63,16.22,13.60,15.44,-0
India VIX,20190208,15.44,15.81,12.97,15.57,-0
India VIX,20190211,15.57,16.35,13.46,15.84,-0
India VIX,20190212,15.84,15.98,13.23,15.75,-0
India VIX,20190213,15.75,15.90,11.81,15.73,-0
India VIX,20190214,15.73,16.58,12.09,15.77,-0
India VIX,20190215,15.77,17.53,12.45,16.46,-0
India VIX,20190218,16.46,18.19,11.85,18.00,-0
India VIX,20190219,18.00,18.60,15.26,18.47,-0
India VIX,20190220,18.47,18.47,15.24,17.06,-0
India VIX,20190221,17.06,17.17,12.13,16.05,-0
India VIX,20190222,16.05,16.05,12.31,15.45,-0
India VIX,20190225,15.45,16.03,11.70,15.36,-0
India VIX,20190226,15.36,18.10,13.12,17.12,-0
India VIX,20190227,17.11,19.98,14.13,18.90,-0
India VIX,20190228,18.90,18.90,17.07,18.28,-0
India VIX,20190301,18.28,18.28,15.90,16.28,-0
India VIX,20190305,16.27,16.86,15.45,15.66,-0
India VIX,20190306,15.66,15.73,14.29,15.61,-0
India VIX,20190307,15.61,15.69,14.31,15.29,-0
India VIX,20190308,15.29,15.41,12.92,14.94,-0
India VIX,20190311,14.94,15.38,13.67,14.90,-0
India VIX,20190312,14.90,15.20,13.84,15.10,-0
India VIX,20190313,15.10,15.60,12.30,15.28,-0
India VIX,20190314,15.28,15.52,13.76,15.15,-0
India VIX,20190315,15.15,16.39,11.85,15.87,-0
India VIX,20190318,15.86,17.19,14.27,16.90,-0
India VIX,20190319,16.90,17.18,14.55,16.49,-0
India VIX,20190320,16.49,16.49,14.48,16.03,-0
India VIX,20190322,16.03,16.81,12.68,16.28,-0
India VIX,20190325,16.27,17.03,14.26,16.67,-0
India VIX,20190326,16.67,16.67,15.52,16.49,-0
India VIX,20190327,16.49,17.42,14.55,17.05,-0
India VIX,20190328,17.05,17.33,15.75,16.65,-0
India VIX,20190329,16.65,17.43,16.24,17.19,-0
India VIX,20190401,17.18,18.22,17.18,18.01,-0
India VIX,20190402,18.00,18.55,17.44,18.08,-0
India VIX,20190403,18.08,18.88,17.29,18.78,-0
India VIX,20190404,18.78,19.33,18.25,18.65,-0
India VIX,20190405,18.65,19.08,16.76,18.39,-0
India VIX,20190408,18.39,20.46,18.39,20.15,-0
India VIX,20190409,20.15,20.66,16.55,20.28,-0
India VIX,20190410,20.28,21.28,18.70,21.13,-0
India VIX,20190411,21.13,21.34,19.41,20.96,-0
India VIX,20190412,20.96,21.30,18.67,21.00,-0
India VIX,20190415,21.00,22.24,18.76,21.39,-0
India VIX,20190416,21.39,21.89,19.67,21.69,-0
India VIX,20190418,21.69,23.05,18.50,22.74,-0
India VIX,20190422,22.74,24.56,20.41,24.05,-0
India VIX,20190423,24.05,26.32,22.78,24.65,-0
India VIX,20190424,24.65,25.13,23.44,23.71,-0
India VIX,20190425,23.71,25.53,22.73,23.23,-0
India VIX,20190426,23.23,23.96,21.43,21.72,-0
India VIX,20190430,21.72,22.77,20.76,21.83,-0
India VIX,20190502,21.83,23.26,21.77,22.98,-0
India VIX,20190503,22.98,24.15,21.10,24.03,-0
India VIX,20190506,24.03,27.83,19.74,26.43,-0
India VIX,20190507,26.43,26.81,23.09,26.48,-0
India VIX,20190508,26.48,27.02,23.25,26.37,-0
India VIX,20190509,26.36,26.50,23.49,25.49,-0
India VIX,20190510,25.49,26.52,24.53,26.34,-0
India VIX,20190513,26.33,28.06,23.71,27.38,-0
India VIX,20190514,27.38,27.76,22.39,27.13,-0
India VIX,20190515,27.13,29.08,23.18,28.66,-0
India VIX,20190516,28.66,29.33,23.78,28.37,-0
India VIX,20190517,28.37,29.23,25.50,28.08,-0
India VIX,20190520,28.08,28.08,19.76,23.68,-0
India VIX,20190521,23.67,28.10,20.24,25.65,-0
India VIX,20190522,25.65,30.18,19.04,27.63,-0
India VIX,20190523,27.63,27.63,18.96,19.41,-0
India VIX,20190524,19.41,19.41,14.49,16.47,-0
India VIX,20190527,16.47,17.33,13.48,16.19,-0
India VIX,20190528,16.19,16.54,15.38,15.92,-0
India VIX,20190529,15.92,16.51,14.48,16.41,-0
India VIX,20190530,16.41,16.41,14.85,15.61,-0
India VIX,20190531,15.61,16.79,14.19,16.07,-0
India VIX,20190603,16.07,16.23,14.07,15.97,-0
India VIX,20190604,15.97,15.97,14.67,15.63,-0
India VIX,20190606,15.63,15.93,13.98,15.53,-0
India VIX,20190607,15.52,15.73,13.63,14.86,-0
India VIX,20190610,14.86,15.45,13.45,14.98,-0
India VIX,20190611,14.98,14.98,13.48,14.49,-0
India VIX,20190612,14.49,14.71,13.31,14.12,-0
India VIX,20190613,14.12,14.29,13.28,13.66,-0
India VIX,20190614,13.66,14.12,12.64,13.90,-0
India VIX,20190617,13.90,14.96,13.52,14.65,-0
India VIX,20190618,14.65,14.97,11.74,14.60,-0
India VIX,20190619,14.60,15.30,10.79,14.73,-0
India VIX,20190620,14.73,15.19,12.84,14.00,-0
India VIX,20190621,14.00,14.83,10.60,14.61,-0
India VIX,20190624,14.61,15.66,11.85,15.22,-0
India VIX,20190625,15.22,15.59,14.93,15.01,-0
India VIX,20190626,15.01,15.19,14.39,14.75,-0
India VIX,20190627,14.75,14.89,13.65,14.65,-0
India VIX,20190628,14.65,15.07,13.99,14.95,-0
India VIX,20190701,14.95,15.02,14.47,14.60,-0
India VIX,20190702,14.60,14.83,14.02,14.25,-0
India VIX,20190703,14.25,14.32,13.52,13.70,-0
India VIX,20190704,13.69,13.69,13.01,13.53,-0
India VIX,20190705,13.53,13.97,12.66,13.07,-0
India VIX,20190708,13.06,14.04,12.11,13.85,-0
India VIX,20190709,13.85,14.22,13.35,13.69,-0
India VIX,20190710,13.69,13.96,12.40,13.64,-0
India VIX,20190711,13.64,13.64,12.18,12.47,-0
India VIX,20190712,12.47,12.55,11.55,12.00,-0
India VIX,20190715,12.00,12.52,10.64,12.02,-0
India VIX,20190716,12.02,12.02,11.06,11.56,-0
India VIX,20190717,11.56,11.91,9.16,11.80,-0
India VIX,20190718,11.80,11.98,9.22,11.75,-0
India VIX,20190719,11.75,12.68,10.59,12.52,-0
India VIX,20190722,12.52,13.40,11.56,13.01,-0
India VIX,20190723,13.01,13.78,11.59,13.43,-0
India VIX,20190724,13.43,14.48,11.85,12.76,-0
India VIX,20190725,12.76,13.55,12.00,12.64,-0
India VIX,20190726,12.64,13.31,11.92,12.13,-0
India VIX,20190729,12.13,13.53,12.04,13.06,-0
India VIX,20190730,13.06,13.87,12.50,13.61,-0
India VIX,20190731,13.61,14.55,13.41,13.59,-0
India VIX,20190801,13.59,15.28,13.27,14.56,-0
India VIX,20190802,14.56,16.16,14.44,15.19,-0
India VIX,20190805,15.19,17.82,15.19,16.59,-0
India VIX,20190806,16.58,16.78,15.59,16.12,-0
India VIX,20190807,16.12,16.91,15.74,16.74,-0
India VIX,20190808,16.74,16.74,15.52,16.09,-0
India VIX,20190809,16.09,16.16,15.03,15.85,-0
India VIX,20190813,15.85,18.00,15.12,17.78,-0
India VIX,20190814,17.78,17.78,16.11,16.36,-0
India VIX,20190816,16.36,17.43,15.99,16.65,-0
India VIX,20190819,16.65,17.02,14.71,16.75,-0
India VIX,20190820,16.75,17.09,15.10,16.63,-0
India VIX,20190821,16.63,17.33,14.00,17.02,-0
India VIX,20190822,17.02,18.12,14.49,17.85,-0
India VIX,20190823,17.85,18.26,13.70,17.35,-0
India VIX,20190826,17.35,19.15,13.70,16.66,-0
India VIX,20190827,16.66,16.83,14.42,16.01,-0
India VIX,20190828,16.01,17.38,14.12,16.84,-0
India VIX,20190829,16.83,17.44,13.87,16.43,-0
India VIX,20190830,16.42,17.38,15.19,16.28,-0
India VIX,20190903,16.28,18.27,16.28,18.06,-0
India VIX,20190904,18.06,18.31,17.13,17.24,-0
India VIX,20190905,17.24,17.70,16.06,17.27,-0
India VIX,20190906,17.27,17.27,15.89,16.28,-0
India VIX,20190909,16.27,16.64,13.66,15.85,-0
India VIX,20190911,15.85,15.85,14.65,15.37,-0
India VIX,20190912,15.37,15.37,14.61,14.90,-0
India VIX,20190913,14.90,15.19,13.89,14.12,-0
India VIX,20190916,14.12,15.31,14.12,14.95,-0
India VIX,20190917,14.95,16.31,13.28,16.02,-0
India VIX,20190918,16.02,16.19,13.90,15.35,-0
India VIX,20190919,15.35,15.97,14.18,15.55,-0
India VIX,20190920,15.55,17.05,13.83,15.40,-0
India VIX,20190923,15.40,17.64,14.21,16.79,-0
India VIX,20190924,16.79,18.53,15.90,16.73,-0
India VIX,20190925,16.73,17.42,14.10,16.17,-0
India VIX,20190926,16.17,17.01,13.64,16.34,-0
India VIX,20190927,16.34,16.82,15.93,16.12,-0
India VIX,20190930,16.11,16.51,15.80,15.87,-0
India VIX,20191001,15.87,18.22,14.95,16.76,-0
India VIX,20191003,16.76,18.05,16.42,17.70,-0
India VIX,20191004,17.70,17.94,16.35,17.58,-0
India VIX,20191007,17.58,18.43,16.99,17.83,-0
India VIX,20191009,17.83,18.33,16.33,17.16,-0
India VIX,20191010,17.16,17.54,15.73,17.23,-0
India VIX,20191011,17.23,18.28,15.78,17.14,-0
India VIX,20191014,17.14,17.96,17.06,17.43,-0
India VIX,20191015,17.43,17.43,16.69,16.85,-0
India VIX,20191016,16.85,16.95,15.49,16.36,-0
India VIX,20191017,16.36,16.36,15.52,15.88,-0
India VIX,20191018,15.88,16.15,14.99,15.93,-0
India VIX,20191022,15.93,17.12,13.57,16.81,-0
India VIX,20191023,16.81,16.85,14.83,16.54,-0
India VIX,20191024,16.53,16.78,14.71,16.24,-0
India VIX,20191025,16.24,16.24,15.19,15.32,-0
India VIX,20191029,15.59,16.55,15.50,16.42,-0
India VIX,20191030,16.42,16.84,16.25,16.66,-0
India VIX,20191031,16.66,16.80,15.50,16.28,-0
India VIX,20191101,16.28,16.47,15.17,15.73,-0
India VIX,20191104,15.73,16.36,13.49,15.93,-0
India VIX,20191105,15.93,16.34,13.51,15.92,-0
India VIX,20191106,15.92,16.15,13.38,15.78,-0
India VIX,20191107,15.77,15.92,13.52,15.21,-0
India VIX,20191108,15.21,15.99,13.71,15.86,-0
India VIX,20191111,15.85,16.76,15.19,16.25,-0
India VIX,20191113,16.25,16.67,14.47,16.46,-0
India VIX,20191114,16.46,16.46,14.09,15.65,-0
India VIX,20191115,15.65,15.65,12.52,15.03,-0
India VIX,20191118,15.03,16.07,12.66,15.76,-0
India VIX,20191119,15.76,15.76,12.61,15.41,-0
India VIX,20191120,15.41,15.41,11.61,15.16,-0
India VIX,20191121,15.16,15.60,12.61,14.98,-0
India VIX,20191122,14.98,15.88,12.24,14.87,-0
India VIX,20191125,14.87,15.21,13.00,15.00,-0
India VIX,20191126,15.00,15.13,13.11,14.84,-0
India VIX,20191127,14.84,14.84,12.36,14.62,-0
India VIX,20191128,14.62,14.62,12.89,13.99,-0
India VIX,20191129,13.99,14.29,13.14,13.90,-0
India VIX,20191202,13.90,15.85,13.50,14.20,-0
India VIX,20191203,14.20,16.34,12.07,14.56,-0
India VIX,20191204,14.56,15.87,12.26,13.32,-0
India VIX,20191205,13.32,15.12,12.83,14.31,-0
India VIX,20191206,14.31,14.72,11.41,13.64,-0
India VIX,20191209,13.64,15.36,12.47,14.60,-0
India VIX,20191210,14.60,15.66,11.73,14.29,-0
India VIX,20191211,14.29,14.45,11.71,13.38,-0
India VIX,20191212,13.38,13.77,11.82,13.35,-0
India VIX,20191213,13.35,14.67,12.19,13.30,-0
India VIX,20191216,13.30,14.11,12.50,13.42,-0
India VIX,20191217,13.41,13.43,11.95,12.52,-0
India VIX,20191218,12.52,12.72,11.39,12.34,-0
India VIX,20191219,12.34,12.41,11.32,12.12,-0
India VIX,20191220,12.12,12.73,11.90,12.33,-0
India VIX,20191223,12.32,14.51,10.69,11.96,-0
India VIX,20191224,11.96,13.31,10.89,11.63,-0
India VIX,20191226,11.63,12.35,10.84,11.12,-0
India VIX,20191227,11.12,11.47,10.43,10.53,-0
India VIX,20191230,10.52,11.45,9.62,11.01,-0
India VIX,20191231,11.01,11.79,10.44,11.67,-0
India VIX,20200101,11.67,11.73,11.09,11.60,-0
India VIX,20200102,11.60,11.70,10.73,11.49,-0
India VIX,20200103,11.49,12.94,10.69,12.70,-0
India VIX,20200106,12.69,15.10,12.69,14.78,-0
India VIX,20200107,14.78,14.91,14.46,14.61,-0
India VIX,20200108,14.61,16.39,13.79,15.64,-0
India VIX,20200109,15.64,15.64,12.99,14.00,-0
India VIX,20200110,14.00,14.24,13.18,14.08,-0
India VIX,20200113,14.08,14.49,13.58,14.28,-0
India VIX,20200114,14.27,14.27,13.06,13.91,-0
India VIX,20200115,13.91,14.46,13.59,14.12,-0
India VIX,20200116,14.12,14.36,12.60,14.18,-0
India VIX,20200117,14.18,14.53,12.50,14.13,-0
India VIX,20200120,14.13,15.49,12.47,15.41,-0
India VIX,20200121,15.41,16.04,15.07,15.86,-0
India VIX,20200122,15.86,16.61,15.36,16.36,-0
India VIX,20200123,16.36,16.71,15.78,15.86,-0
India VIX,20200124,15.85,16.22,14.59,15.56,-0
India VIX,20200127,15.56,17.34,14.68,17.18,-0
India VIX,20200128,17.17,17.61,16.96,17.30,-0
India VIX,20200129,17.30,17.30,15.65,16.50,-0
India VIX,20200130,16.50,17.14,15.38,16.80,-0
India VIX,20200131,16.80,17.59,14.90,17.37,-0
India VIX,20200203,16.83,17.03,15.48,15.78,-0
India VIX,20200204,15.78,15.78,14.31,14.38,-0
India VIX,20200205,14.38,14.52,13.82,14.17,-0
India VIX,20200206,14.17,14.24,12.65,13.78,-0
India VIX,20200207,13.78,13.99,12.98,13.75,-0
India VIX,20200210,13.75,14.60,12.97,14.21,-0
India VIX,20200211,14.21,14.21,11.38,13.88,-0
India VIX,20200212,13.88,13.88,13.15,13.62,-0
India VIX,20200213,13.62,13.67,11.80,13.37,-0
India VIX,20200214,13.37,13.99,11.90,13.62,-0
India VIX,20200217,13.61,14.62,13.38,14.42,-0
India VIX,20200218,14.41,14.82,11.38,14.51,-0
India VIX,20200219,14.51,14.51,13.48,14.02,-0
India VIX,20200220,14.02,14.03,10.16,13.70,-0
India VIX,20200224,13.70,17.38,12.30,17.00,-0
India VIX,20200225,17.00,17.32,15.62,16.90,-0
India VIX,20200226,16.90,18.86,16.50,18.26,-0
India VIX,20200227,18.26,19.16,16.83,17.77,-0
India VIX,20200228,17.76,23.70,17.48,23.24,-0
India VIX,20200302,23.24,26.34,19.92,25.20,-0
India VIX,20200303,25.20,26.49,21.54,24.54,-0
India VIX,20200304,24.54,26.29,22.42,24.23,-0
India VIX,20200305,24.23,24.23,22.13,23.25,-0
India VIX,20200306,23.25,27.55,23.25,25.64,-0
India VIX,20200309,25.64,34.35,21.42,30.80,-0
India VIX,20200311,30.80,33.24,29.65,31.56,-0
India VIX,20200312,31.56,42.33,29.81,41.16,-0
India VIX,20200313,41.16,59.48,41.16,51.47,-0
India VIX,20200316,51.47,59.87,51.47,58.88,-0
India VIX,20200317,58.88,63.44,57.25,62.93,-0
India VIX,20200318,62.92,64.58,61.15,63.96,-0
India VIX,20200319,63.96,73.34,63.10,72.20,-0
India VIX,20200320,72.20,72.96,65.38,67.10,-0
India VIX,20200323,67.10,73.37,66.32,71.99,-0
India VIX,20200324,71.99,86.64,71.99,83.61,-0
India VIX,20200325,83.61,84.60,75.97,77.63,-0
India VIX,20200326,77.63,79.40,70.68,71.53,-0
India VIX,20200327,71.53,73.03,65.63,70.39,-0
India VIX,20200330,70.39,73.36,70.28,71.89,-0
India VIX,20200331,71.89,71.89,63.61,64.41,-0
India VIX,20200401,64.41,64.41,59.78,60.05,-0
India VIX,20200403,60.05,60.59,54.90,55.30,-0
India VIX,20200407,55.30,55.30,49.94,51.80,-0
India VIX,20200408,51.80,53.73,46.97,52.24,-0
India VIX,20200409,52.24,52.24,46.90,49.75,-0
India VIX,20200413,49.74,52.49,43.63,51.46,-0
India VIX,20200415,51.46,51.46,44.65,49.74,-0
India VIX,20200416,49.74,49.74,42.26,46.10,-0
India VIX,20200417,46.10,46.10,40.31,42.59,-0
India VIX,20200420,42.59,44.04,40.29,43.46,-0
India VIX,20200421,43.46,45.96,36.22,45.20,-0
India VIX,20200422,45.20,45.42,40.47,42.82,-0
India VIX,20200423,42.82,42.82,37.00,39.23,-0
India VIX,20200424,39.23,39.95,34.98,39.12,-0
India VIX,20200427,39.12,40.17,35.21,38.04,-0
India VIX,20200428,38.04,41.91,35.07,35.36,-0
India VIX,20200429,35.35,35.35,31.48,33.84,-0
India VIX,20200430,33.84,34.25,32.53,33.99,-0
India VIX,20200504,33.99,43.92,33.99,43.67,-0
India VIX,20200505,43.67,43.87,38.15,43.61,-0
India VIX,20200506,43.61,43.63,40.20,41.25,-0
India VIX,20200507,41.25,41.72,39.66,39.93,-0
India VIX,20200508,39.93,39.93,36.55,38.41,-0
India VIX,20200511,38.41,38.49,36.95,38.04,-0
India VIX,20200512,38.04,38.81,35.24,38.21,-0
India VIX,20200513,38.21,39.05,33.44,38.84,-0
India VIX,20200514,38.83,38.83,35.79,38.18,-0
India VIX,20200515,38.18,38.46,34.06,38.02,-0
India VIX,20200518,38.02,41.24,27.93,40.92,-0
India VIX,20200519,40.92,40.92,37.95,39.45,-0
India VIX,20200520,39.45,39.45,34.10,35.81,-0
India VIX,20200521,35.81,35.81,32.58,32.99,-0
India VIX,20200522,32.99,34.36,26.33,32.38,-0
India VIX,20200526,32.38,33.21,30.97,31.47,-0
India VIX,20200527,31.47,32.01,28.85,31.27,-0
India VIX,20200528,31.27,31.27,29.19,30.02,-0
India VIX,20200529,30.02,30.57,27.41,30.22,-0
India VIX,20200601,30.22,32.17,28.83,30.74,-0
India VIX,20200602,30.74,30.92,27.90,30.12,-0
India VIX,20200603,30.11,30.40,29.33,30.04,-0
India VIX,20200604,30.04,30.26,28.45,29.69,-0
India VIX,20200605,29.69,29.69,25.92,28.68,-0
India VIX,20200608,28.68,30.15,27.80,29.65,-0
India VIX,20200609,29.65,30.34,27.24,30.21,-0
India VIX,20200610,30.20,30.20,28.73,29.44,-0
India VIX,20200611,29.44,30.42,28.39,29.66,-0
India VIX,20200612,29.66,32.88,29.66,30.82,-0
India VIX,20200615,30.82,33.78,29.92,32.58,-0
India VIX,20200616,32.58,35.31,30.41,32.97,-0
India VIX,20200617,32.97,34.02,29.05,33.36,-0
India VIX,20200618,33.35,33.42,31.22,31.46,-0
India VIX,20200619,31.45,31.91,29.68,29.97,-0
India VIX,20200622,29.97,30.98,29.97,30.46,-0
India VIX,20200623,30.46,31.15,29.24,29.34,-0
India VIX,20200624,29.34,30.53,27.79,29.58,-0
India VIX,20200625,29.58,31.28,29.06,29.73,-0
India VIX,20200626,29.73,30.07,28.32,28.74,-0
India VIX,20200629,28.74,30.45,27.98,28.91,-0
India VIX,20200630,28.91,29.63,28.41,29.12,-0
India VIX,20200701,29.12,29.16,27.94,28.12,-0
India VIX,20200702,28.12,28.12,26.32,26.51,-0
India VIX,20200703,26.51,26.77,25.63,25.77,-0
India VIX,20200706,25.77,26.17,24.54,25.20,-0
India VIX,20200707,25.20,25.65,24.24,25.10,-0
India VIX,20200708,25.10,26.35,25.03,26.10,-0
India VIX,20200709,26.10,27.66,24.74,24.91,-0
India VIX,20200710,24.91,25.48,23.49,24.94,-0
India VIX,20200713,24.94,25.91,22.81,25.25,-0
India VIX,20200714,25.25,27.26,25.25,26.64,-0
India VIX,20200715,26.64,26.64,23.74,26.29,-0
India VIX,20200716,26.29,26.60,25.25,25.36,-0
India VIX,20200717,25.36,25.50,23.77,24.16,-0
India VIX,20200720,24.16,25.12,24.16,24.71,-0
India VIX,20200721,24.71,24.71,23.73,24.43,-0
India VIX,20200722,24.43,25.80,23.73,24.89,-0
India VIX,20200723,24.89,24.93,24.01,24.64,-0
India VIX,20200724,24.64,25.30,22.74,24.54,-0
India VIX,20200727,24.53,25.72,23.29,25.02,-0
India VIX,20200728,25.02,25.22,23.55,23.64,-0
India VIX,20200729,23.64,24.50,23.64,24.11,-0
India VIX,20200730,24.11,25.14,22.09,24.73,-0
India VIX,20200731,24.73,25.37,23.97,24.19,-0
India VIX,20200803,24.19,25.69,23.26,25.19,-0
India VIX,20200804,25.18,25.18,23.56,23.82,-0
India VIX,20200805,23.82,23.93,21.83,23.57,-0
India VIX,20200806,23.57,23.70,22.52,23.15,-0
India VIX,20200807,23.15,23.31,21.75,22.58,-0
India VIX,20200810,22.58,23.01,21.45,22.51,-0
India VIX,20200811,22.51,22.51,20.22,21.36,-0
India VIX,20200812,21.36,21.92,16.85,20.85,-0
India VIX,20200813,20.84,21.19,19.46,20.57,-0
India VIX,20200814,20.57,22.97,16.34,21.67,-0
India VIX,20200817,21.67,22.88,19.56,21.31,-0
India VIX,20200818,21.31,21.31,18.25,20.43,-0
India VIX,20200819,20.43,20.43,17.83,19.96,-0
India VIX,20200820,19.96,21.08,17.66,20.62,-0
India VIX,20200821,20.62,20.62,14.89,19.94,-0
India VIX,20200824,19.94,20.07,17.89,19.23,-0
India VIX,20200825,19.23,19.81,15.42,19.32,-0
India VIX,20200826,19.32,19.59,17.22,19.30,-0
India VIX,20200827,19.30,19.47,17.45,18.90,-0
India VIX,20200828,18.90,18.90,16.66,18.35,-0
India VIX,20200831,18.35,23.87,16.40,22.84,-0
India VIX,20200901,22.83,23.24,21.11,21.80,-0
India VIX,20200902,21.80,22.50,19.85,21.11,-0
India VIX,20200903,21.10,21.10,18.16,20.50,-0
India VIX,20200904,20.50,22.65,19.86,22.15,-0
India VIX,20200907,22.15,23.25,17.25,22.01,-0
India VIX,20200908,22.01,23.07,17.57,22.72,-0
India VIX,20200909,22.72,23.27,20.20,22.23,-0
India VIX,20200910,22.23,22.23,17.70,21.26,-0
India VIX,20200911,21.26,21.34,18.17,20.71,-0
India VIX,20200914,20.71,21.74,17.53,21.19,-0
India VIX,20200915,21.19,21.19,18.90,20.60,-0
India VIX,20200916,20.60,20.60,16.33,19.66,-0
India VIX,20200917,19.66,20.68,17.55,20.10,-0
India VIX,20200918,20.10,20.77,17.58,20.05,-0
India VIX,20200921,20.05,22.99,18.27,22.19,-0
India VIX,20200922,22.19,23.27,15.76,21.41,-0
India VIX,20200923,21.41,22.48,19.37,20.99,-0
India VIX,20200924,20.99,23.82,20.92,23.51,-0
India VIX,20200925,23.51,23.51,18.67,20.68,-0
India VIX,20200928,20.67,21.10,19.35,19.57,-0
India VIX,20200929,19.57,20.20,18.43,19.78,-0
India VIX,20200930,19.77,20.22,17.67,19.53,-0
India VIX,20201001,19.53,19.53,17.38,18.35,-0
India VIX,20201005,18.35,20.02,18.35,19.71,-0
India VIX,20201006,19.70,19.89,18.36,19.64,-0
India VIX,20201007,19.64,20.34,19.07,20.06,-0
India VIX,20201008,20.06,20.85,18.98,20.38,-0
India VIX,20201009,20.38,21.01,17.51,20.38,-0
India VIX,20201012,20.38,22.10,19.39,21.13,-0
India VIX,20201013,21.13,21.65,20.52,20.72,-0
India VIX,20201014,20.72,20.96,18.42,20.21,-0
India VIX,20201015,20.21,22.27,19.04,22.06,-0
India VIX,20201016,22.06,22.42,20.49,21.65,-0
India VIX,20201019,21.65,22.32,15.47,21.82,-0
India VIX,20201020,21.82,22.79,18.79,22.69,-0
India VIX,20201021,22.69,23.55,18.38,22.92,-0
India VIX,20201022,22.92,23.51,17.44,22.64,-0
India VIX,20201023,22.64,22.78,19.83,21.83,-0
India VIX,20201026,21.83,23.41,21.32,22.83,-0
India VIX,20201027,22.83,23.17,22.12,22.20,-0
India VIX,20201028,22.19,23.47,20.08,23.28,-0
India VIX,20201029,23.28,24.36,22.28,24.02,-0
India VIX,20201030,24.02,26.30,21.73,24.75,-0
India VIX,20201102,24.75,25.92,24.22,25.21,-0
India VIX,20201103,25.21,25.33,22.92,24.24,-0
India VIX,20201104,24.24,24.24,20.67,23.20,-0
India VIX,20201105,23.20,23.20,19.99,20.97,-0
India VIX,20201106,20.97,20.97,19.28,20.50,-0
India VIX,20201109,20.50,21.05,17.58,20.11,-0
India VIX,20201110,20.11,21.84,19.90,21.58,-0
India VIX,20201111,21.58,22.38,19.00,22.03,-0
India VIX,20201112,22.03,22.03,19.79,20.62,-0
India VIX,20201113,20.62,29.52,19.56,19.70,-0
India VIX,20201117,19.13,20.41,18.40,19.80,-0
India VIX,20201118,19.80,19.80,15.72,19.12,-0
India VIX,20201119,19.12,19.98,16.33,19.57,-0
India VIX,20201120,19.57,19.81,17.00,19.62,-0
India VIX,20201123,19.62,20.86,16.91,20.80,-0
India VIX,20201124,20.80,22.00,20.02,21.06,-0
India VIX,20201125,21.06,23.50,20.68,23.13,-0
India VIX,20201126,23.13,23.13,19.44,20.02,-0
India VIX,20201127,20.02,21.28,17.63,19.82,-0
India VIX,20201201,19.82,21.24,19.25,20.18,-0
India VIX,20201202,20.18,20.55,17.96,19.91,-0
India VIX,20201203,19.91,19.91,17.72,19.00,-0
India VIX,20201204,19.00,19.03,16.53,18.03,-0
India VIX,20201207,18.03,18.32,16.95,18.03,-0
India VIX,20201208,18.02,18.80,16.27,18.62,-0
India VIX,20201209,18.62,19.63,16.22,18.92,-0
India VIX,20201210,18.92,19.39,17.42,18.71,-0
India VIX,20201211,18.71,19.28,17.36,18.79,-0
India VIX,20201214,18.79,19.64,15.33,19.40,-0
India VIX,20201215,19.40,19.83,15.69,19.35,-0
India VIX,20201216,19.34,19.40,18.61,19.20,-0
India VIX,20201217,19.20,21.62,14.05,19.16,-0
India VIX,20201218,19.16,19.49,14.56,18.62,-0
India VIX,20201221,18.62,23.68,18.62,23.19,-0
India VIX,20201222,23.19,24.48,16.59,21.99,-0
India VIX,20201223,21.99,22.08,19.40,20.50,-0
India VIX,20201224,20.50,20.95,15.65,19.97,-0
India VIX,20201228,19.97,21.02,18.60,20.43,-0
India VIX,20201229,20.43,21.21,17.63,20.79,-0
India VIX,20201230,20.79,21.59,20.79,21.11,-0
India VIX,20201231,21.11,21.50,19.19,21.10,-0
India VIX,20210101,21.09,21.33,19.26,19.56,-0
India VIX,20210104,19.56,21.03,19.33,20.03,-0
India VIX,20210105,20.03,21.00,20.03,20.46,-0
India VIX,20210106,20.46,21.63,20.42,21.00,-0
India VIX,20210107,21.00,21.00,20.14,20.62,-0
India VIX,20210108,20.61,20.85,17.38,20.64,-0
India VIX,20210111,20.64,22.75,20.64,22.38,-0
India VIX,20210112,22.38,23.26,22.29,22.85,-0
India VIX,20210113,22.85,24.05,22.37,23.29,-0
India VIX,20210114,23.29,23.70,22.81,23.03,-0
India VIX,20210115,23.03,24.68,23.03,24.01,-0
India VIX,20210118,24.01,25.41,23.57,24.40,-0
India VIX,20210119,24.40,24.40,20.36,22.90,-0
India VIX,20210120,22.90,23.18,19.33,21.55,-0
India VIX,20210121,21.55,22.78,18.62,22.18,-0
India VIX,20210122,22.18,23.04,18.73,22.42,-0
India VIX,20210125,22.42,23.81,20.34,23.25,-0
India VIX,20210127,23.25,24.75,20.83,24.39,-0
India VIX,20210128,24.39,25.30,23.43,24.29,-0
India VIX,20210129,24.29,25.99,22.08,25.34,-0
India VIX,20210201,25.34,25.92,22.60,23.32,-0
India VIX,20210202,23.32,23.61,21.00,23.35,-0
India VIX,20210203,23.34,24.20,20.95,23.75,-0
India VIX,20210204,23.75,23.93,22.09,23.12,-0
India VIX,20210205,23.12,23.93,20.08,23.42,-0
India VIX,20210208,23.42,24.34,22.18,23.96,-0
India VIX,20210209,23.96,24.47,21.43,24.27,-0
India VIX,20210210,24.27,24.95,20.91,23.95,-0
India VIX,20210211,23.95,24.22,21.02,23.05,-0
India VIX,20210212,23.05,23.05,23.05,23.05,-0
India VIX,20210215,22.04,22.39,20.82,21.48,-0
India VIX,20210216,21.48,22.11,20.53,21.78,-0
India VIX,20210217,21.78,21.88,21.10,21.51,-0
India VIX,20210218,21.50,22.08,19.96,21.54,-0
India VIX,20210219,21.54,22.87,19.34,22.25,-0
India VIX,20210222,22.25,25.82,20.02,25.47,-0
India VIX,20210223,25.47,25.64,23.86,25.23,-0
India VIX,20210224,25.23,25.23,23.48,24.17,-0
India VIX,20210225,24.17,24.17,22.63,22.89,-0
India VIX,20210226,22.89,29.65,22.89,28.14,-0
India VIX,20210301,28.14,28.14,24.95,25.63,-0
India VIX,20210302,25.63,25.63,23.21,23.61,-0
India VIX,20210303,23.60,23.60,21.82,22.09,-0
India VIX,20210304,22.09,24.58,22.09,24.15,-0
India VIX,20210305,24.15,26.41,22.86,25.56,-0
India VIX,20210308,25.56,25.65,21.20,24.68,-0
India VIX,20210309,24.67,24.67,21.44,22.50,-0
India VIX,20210310,22.50,22.50,19.32,20.75,-0
India VIX,20210312,20.75,22.67,18.54,21.71,-0
India VIX,20210315,21.71,22.93,21.00,21.23,-0
India VIX,20210316,21.23,21.23,18.06,20.19,-0
India VIX,20210317,20.19,20.42,18.62,20.16,-0
India VIX,20210318,20.16,20.95,16.68,20.08,-0
India VIX,20210319,20.08,21.86,18.73,19.99,-0
India VIX,20210322,19.99,21.23,18.97,20.49,-0
India VIX,20210323,20.49,22.14,20.49,20.67,-0
India VIX,20210324,20.67,22.69,19.75,22.46,-0
India VIX,20210325,22.45,23.31,21.12,22.70,-0
India VIX,20210326,22.70,22.92,18.23,20.65,-0
India VIX,20210330,20.65,20.65,20.65,20.65,-0
India VIX,20210331,20.49,20.83,20.00,20.65,-0
India VIX,20210401,20.65,20.67,19.73,19.99,-0
India VIX,20210405,19.99,23.31,19.99,21.22,-0
India VIX,20210406,21.22,22.24,19.81,20.84,-0
India VIX,20210407,20.84,21.30,19.43,20.25,-0
India VIX,20210408,20.25,20.58,19.17,20.31,-0
India VIX,20210409,20.31,20.97,19.68,19.79,-0
India VIX,20210412,19.78,23.30,19.78,23.00,-0
India VIX,20210413,23.00,23.00,20.30,20.46,-0
India VIX,20210415,20.46,21.55,18.25,20.89,-0
India VIX,20210416,20.89,21.09,19.48,20.40,-0
India VIX,20210419,20.40,23.11,19.81,22.49,-0
India VIX,20210420,22.49,22.75,21.24,22.43,-0
India VIX,20210422,22.42,23.61,22.42,23.03,-0
India VIX,20210423,23.02,23.05,20.21,22.69,-0
India VIX,20210426,22.69,23.56,22.62,23.50,-0
India VIX,20210427,23.50,23.63,22.32,23.08,-0
India VIX,20210428,23.08,23.11,20.97,22.58,-0
India VIX,20210429,22.58,23.42,22.11,23.31,-0
India VIX,20210430,23.31,23.76,22.60,23.03,-0
India VIX,20210503,23.03,24.54,21.84,23.69,-0
India VIX,20210504,23.69,23.69,22.18,23.01,-0
India VIX,20210505,23.01,23.19,21.14,21.96,-0
India VIX,20210506,21.96,22.61,20.12,22.04,-0
India VIX,20210507,22.03,22.03,20.31,20.82,-0
India VIX,20210510,20.82,21.15,20.14,20.23,-0
India VIX,20210511,20.23,21.12,19.72,19.83,-0
India VIX,20210512,19.83,20.91,18.36,20.08,-0
India VIX,20210514,20.08,21.15,18.23,20.27,-0
India VIX,20210517,20.27,20.42,18.36,19.61,-0
India VIX,20210518,19.61,19.61,18.31,19.24,-0
India VIX,20210519,19.24,19.57,17.23,19.32,-0
India VIX,20210520,19.32,19.84,18.09,19.65,-0
India VIX,20210521,19.65,19.65,17.13,19.08,-0
India VIX,20210524,19.08,19.89,18.72,19.13,-0
India VIX,20210525,19.13,21.05,17.69,18.84,-0
India VIX,20210526,18.84,21.30,17.23,20.87,-0
India VIX,20210527,20.87,21.32,18.35,19.91,-0
India VIX,20210528,19.91,19.91,17.35,17.40,-0
India VIX,20210531,17.40,17.99,16.43,16.89,-0
India VIX,20210601,16.89,17.96,15.31,17.39,-0
India VIX,20210602,17.39,17.65,15.17,17.21,-0
India VIX,20210603,17.21,17.21,14.15,15.75,-0
India VIX,20210604,15.74,16.38,14.94,15.94,-0
India VIX,20210607,15.94,15.94,14.74,15.57,-0
India VIX,20210608,15.57,15.60,13.57,15.23,-0
India VIX,20210609,15.23,15.74,11.94,14.75,-0
India VIX,20210610,14.75,15.20,14.18,15.00,-0
India VIX,20210611,15.00,15.00,13.94,14.10,-0
India VIX,20210614,14.10,15.31,13.74,14.72,-0
India VIX,20210615,14.72,15.16,13.28,14.61,-0
India VIX,20210616,14.60,15.32,13.62,14.87,-0
India VIX,20210617,14.86,16.05,14.53,15.29,-0
India VIX,20210618,15.29,16.62,10.60,14.80,-0
India VIX,20210621,14.80,16.46,14.38,15.06,-0
India VIX,20210622,15.06,15.11,14.43,14.74,-0
India VIX,20210623,14.74,15.53,13.63,15.37,-0
India VIX,20210624,15.36,15.64,14.93,15.10,-0
India VIX,20210625,15.10,15.27,13.27,13.37,-0
India VIX,20210628,13.37,13.77,13.12,13.40,-0
India VIX,20210629,13.40,13.40,12.90,13.00,-0
India VIX,20210630,13.00,13.14,12.60,13.05,-0
India VIX,20210701,13.05,13.28,12.33,12.84,-0
India VIX,20210702,12.84,13.02,12.02,12.09,-0
India VIX,20210705,12.09,12.62,11.99,12.07,-0
India VIX,20210706,12.07,12.36,11.29,12.28,-0
India VIX,20210707,12.27,12.59,11.15,12.21,-0
India VIX,20210708,12.21,14.01,12.06,13.56,-0
India VIX,20210709,13.56,14.00,12.18,12.94,-0
India VIX,20210712,12.94,13.61,11.81,12.99,-0
India VIX,20210713,12.99,12.99,10.67,12.62,-0
India VIX,20210714,12.62,12.96,10.48,12.59,-0
India VIX,20210715,12.59,12.94,11.08,12.27,-0
India VIX,20210716,12.27,12.37,11.63,11.71,-0
India VIX,20210719,11.70,13.20,11.70,12.68,-0
India VIX,20210720,12.68,14.09,11.79,13.21,-0
India VIX,20210722,13.20,13.20,11.72,11.89,-0
India VIX,20210723,11.89,12.11,11.57,11.76,-0
India VIX,20210726,11.76,12.54,10.40,12.45,-0
India VIX,20210727,12.45,13.52,12.10,13.23,-0
India VIX,20210728,13.23,15.98,11.35,13.69,-0
India VIX,20210729,13.69,13.69,12.44,12.95,-0
India VIX,20210730,12.94,13.32,12.18,12.80,-0
India VIX,20210802,12.80,13.09,11.52,12.81,-0
India VIX,20210803,12.81,13.90,11.96,13.75,-0
India VIX,20210804,13.75,14.06,12.65,13.21,-0
India VIX,20210805,13.21,13.42,11.20,12.87,-0
India VIX,20210806,12.87,13.16,11.64,12.61,-0
India VIX,20210809,12.61,13.11,12.03,12.61,-0
India VIX,20210810,12.60,13.07,9.98,12.71,-0
India VIX,20210811,12.70,13.33,10.47,12.71,-0
India VIX,20210812,12.71,12.82,11.36,12.37,-0
India VIX,20210813,12.37,13.16,11.40,12.99,-0
India VIX,20210816,12.99,13.66,11.38,13.46,-0
India VIX,20210817,13.46,13.61,12.03,13.41,-0
India VIX,20210818,13.41,13.41,11.12,12.91,-0
India VIX,20210820,12.90,14.14,12.35,14.02,-0
India VIX,20210823,14.02,14.44,12.73,13.69,-0
India VIX,20210824,13.69,14.51,13.10,13.19,-0
India VIX,20210825,13.19,13.97,12.27,13.50,-0
India VIX,20210826,13.50,14.19,12.11,13.54,-0
India VIX,20210827,13.54,13.76,12.94,13.41,-0
India VIX,20210830,13.40,13.69,12.40,13.32,-0
India VIX,20210831,13.32,14.77,12.64,14.52,-0
India VIX,20210901,14.52,15.63,13.90,14.19,-0
India VIX,20210902,14.19,14.39,13.61,14.24,-0
India VIX,20210903,14.24,14.65,13.58,14.54,-0
India VIX,20210906,14.54,15.28,14.06,15.11,-0
India VIX,20210907,15.10,15.23,14.59,14.90,-0
India VIX,20210908,14.90,15.06,12.48,14.41,-0
India VIX,20210909,14.41,14.41,13.64,13.94,-0
India VIX,20210913,13.94,14.78,11.92,14.03,-0
India VIX,20210914,14.02,14.02,10.87,13.58,-0
India VIX,20210915,13.57,13.88,12.37,13.73,-0
India VIX,20210916,13.73,14.52,9.02,14.41,-0
India VIX,20210917,14.41,15.65,12.14,15.23,-0
India VIX,20210920,15.23,17.81,10.23,17.49,-0
India VIX,20210921,17.49,18.00,13.00,16.52,-0
India VIX,20210922,16.52,16.86,13.28,16.49,-0
India VIX,20210923,16.49,16.94,10.31,16.60,-0
India VIX,20210924,16.60,17.33,12.77,16.92,-0
India VIX,20210927,16.92,18.14,13.52,18.05,-0
India VIX,20210928,18.05,18.57,15.37,18.54,-0
India VIX,20210929,18.53,19.43,16.76,18.84,-0
India VIX,20210930,18.84,19.14,17.15,18.40,-0
India VIX,20211001,18.40,19.08,17.00,17.21,-0
India VIX,20211004,17.21,17.53,15.32,16.74,-0
India VIX,20211005,16.74,17.13,16.30,16.40,-0
India VIX,20211006,16.40,17.59,16.11,17.33,-0
India VIX,20211007,17.33,17.33,14.45,16.16,-0
India VIX,20211008,16.16,16.40,15.53,15.65,-0
India VIX,20211011,15.65,16.41,12.23,16.09,-0
India VIX,20211012,16.08,16.40,13.94,15.85,-0
India VIX,20211013,15.85,16.22,13.38,16.10,-0
India VIX,20211014,16.10,16.28,12.61,15.77,-0
India VIX,20211018,15.77,17.32,14.15,17.19,-0
India VIX,20211019,17.18,17.54,14.23,17.38,-0
India VIX,20211020,17.38,18.86,15.23,18.31,-0
India VIX,20211021,18.31,18.80,14.91,18.04,-0
India VIX,20211022,18.03,18.03,14.35,17.55,-0
India VIX,20211025,17.55,18.76,14.51,17.61,-0
India VIX,20211026,17.61,17.73,16.65,16.75,-0
India VIX,20211027,16.75,17.03,15.40,16.83,-0
India VIX,20211028,16.83,18.43,16.81,17.91,-0
India VIX,20211029,17.91,19.64,16.28,17.43,-0
India VIX,20211101,17.42,18.09,15.38,17.24,-0
India VIX,20211102,17.24,17.79,16.36,17.06,-0
India VIX,20211103,17.06,17.06,15.70,16.13,-0
India VIX,20211104,16.13,16.41,14.31,15.75,-0
India VIX,20211108,15.75,16.92,13.99,16.34,-0
India VIX,20211109,16.34,16.61,14.64,16.00,-0
India VIX,20211110,16.00,16.68,15.14,16.31,-0
India VIX,20211111,16.31,17.28,14.65,16.35,-0
India VIX,20211112,16.35,16.35,14.65,15.22,-0
India VIX,20211115,15.22,15.84,13.43,15.47,-0
India VIX,20211116,15.47,15.68,13.58,15.20,-0
India VIX,20211117,15.19,15.41,13.91,14.98,-0
India VIX,20211118,14.98,16.15,12.08,14.86,-0
India VIX,20211122,14.86,18.08,13.56,17.52,-0
India VIX,20211123,17.52,20.02,16.79,18.02,-0
India VIX,20211124,18.01,18.01,15.58,17.10,-0
India VIX,20211125,17.09,18.07,16.00,16.66,-0
India VIX,20211126,16.66,21.39,16.05,20.80,-0
India VIX,20211129,20.80,23.82,18.89,20.83,-0
India VIX,20211130,20.83,21.97,18.81,21.17,-0
India VIX,20211201,21.17,21.17,18.93,19.45,-0
India VIX,20211202,19.45,22.97,18.00,18.09,-0
India VIX,20211203,18.09,18.83,17.21,18.46,-0
India VIX,20211206,18.45,20.48,18.30,20.08,-0
India VIX,20211207,20.08,20.08,18.24,18.46,-0
India VIX,20211208,18.46,18.46,16.57,17.27,-0
India VIX,20211209,17.26,17.43,15.54,16.60,-0
India VIX,20211210,16.60,16.93,15.21,16.06,-0
India VIX,20211213,16.06,16.86,14.68,16.57,-0
India VIX,20211214,16.57,17.33,13.94,16.95,-0
India VIX,20211215,16.95,17.71,15.77,17.22,-0
India VIX,20211216,17.22,17.22,15.26,15.90,-0
India VIX,20211217,15.90,16.91,13.76,16.34,-0
India VIX,20211220,16.34,20.14,16.34,18.97,-0
India VIX,20211221,18.97,18.97,16.63,17.54,-0
India VIX,20211222,17.54,17.54,15.69,16.58,-0
India VIX,20211223,16.58,16.58,15.68,15.83,-0
India VIX,20211224,15.82,16.65,15.33,16.15,-0
India VIX,20211227,16.15,17.28,15.26,17.12,-0
India VIX,20211228,17.12,17.12,15.21,16.48,-0
India VIX,20211229,16.48,16.86,15.80,16.24,-0
India VIX,20211230,16.24,16.79,15.29,16.57,-0
India VIX,20211231,16.57,16.77,15.40,16.22,-0
India VIX,20220103,16.22,16.81,15.45,16.45,-0
India VIX,20220104,16.45,16.67,15.71,16.12,-0
India VIX,20220105,16.12,17.38,15.09,17.23,-0
India VIX,20220106,17.23,18.42,16.40,17.98,-0
India VIX,20220107,17.98,18.09,16.86,17.60,-0
India VIX,20220110,17.60,18.39,15.84,17.68,-0
India VIX,20220111,17.68,18.25,16.44,17.76,-0
India VIX,20220112,17.76,17.92,16.55,17.18,-0
India VIX,20220113,17.18,17.52,16.61,16.71,-0
India VIX,20220114,16.70,17.10,15.34,16.56,-0
India VIX,20220117,16.56,17.55,16.27,16.77,-0
India VIX,20220118,16.76,17.88,16.76,17.78,-0
India VIX,20220119,17.78,18.45,15.94,17.82,-0
India VIX,20220120,17.82,18.45,17.32,17.79,-0
India VIX,20220121,17.79,19.60,16.98,18.89,-0
India VIX,20220124,18.89,23.90,18.89,22.83,-0
India VIX,20220125,22.83,24.14,21.18,21.36,-0
India VIX,20220127,21.36,23.87,20.44,21.07,-0
India VIX,20220128,21.07,21.32,20.28,20.70,-0
India VIX,20220131,20.69,22.11,20.69,21.95,-0
India VIX,20220201,21.95,22.07,19.75,19.98,-0
India VIX,20220202,19.98,19.98,18.55,18.65,-0
India VIX,20220203,18.65,19.59,17.41,19.16,-0
India VIX,20220204,19.16,19.78,18.59,18.90,-0
India VIX,20220207,18.90,21.08,18.18,20.44,-0
India VIX,20220208,20.44,20.94,19.56,19.69,-0
India VIX,20220209,19.68,19.68,17.89,18.56,-0
India VIX,20220210,18.56,18.92,16.80,17.71,-0
India VIX,20220211,17.71,19.53,16.85,18.68,-0
India VIX,20220214,18.68,23.53,18.68,22.98,-0
India VIX,20220215,22.98,23.14,20.43,20.61,-0
India VIX,20220216,20.61,21.02,19.35,20.59,-0
India VIX,20220217,20.59,22.37,19.46,22.01,-0
India VIX,20220218,22.00,23.21,21.64,22.17,-0
India VIX,20220221,22.17,23.75,20.57,22.90,-0
India VIX,20220222,22.90,27.82,22.90,26.66,-0
India VIX,20220223,26.66,26.66,23.91,24.54,-0
India VIX,20220224,24.54,33.97,24.54,31.98,-0
India VIX,20220225,31.98,31.98,26.15,26.74,-0
India VIX,20220228,26.74,29.78,26.74,28.57,-0
India VIX,20220302,28.57,30.84,28.57,29.23,-0
India VIX,20220303,29.23,29.23,27.22,28.16,-0
India VIX,20220304,28.16,29.92,27.22,27.96,-0
India VIX,20220307,27.96,30.28,27.96,29.33,-0
India VIX,20220308,29.33,30.06,27.11,28.59,-0
India VIX,20220309,28.59,28.59,27.31,27.47,-0
India VIX,20220310,27.47,27.47,22.96,25.58,-0
India VIX,20220311,25.58,25.87,24.58,25.35,-0
India VIX,20220314,25.34,26.21,25.09,25.68,-0
India VIX,20220315,25.68,27.54,23.66,26.73,-0
India VIX,20220316,26.73,26.73,24.01,24.12,-0
India VIX,20220317,24.12,24.12,20.77,22.61,-0
India VIX,20220321,22.61,24.71,22.61,24.62,-0
India VIX,20220322,24.62,25.16,23.76,24.07,-0
India VIX,20220323,24.07,24.98,20.45,24.75,-0
India VIX,20220324,24.75,25.53,23.81,23.93,-0
India VIX,20220325,23.93,24.27,22.91,23.43,-0
India VIX,20220328,23.43,24.21,19.59,22.61,-0
India VIX,20220329,22.61,22.61,21.10,21.30,-0
India VIX,20220330,21.30,21.30,19.73,20.61,-0
India VIX,20220331,20.61,20.94,20.21,20.56,-0
India VIX,20220401,20.56,20.85,18.12,18.44,-0
India VIX,20220404,18.43,18.83,17.59,17.91,-0
India VIX,20220405,17.91,18.63,16.79,18.49,-0
India VIX,20220406,18.49,19.28,16.81,19.02,-0
India VIX,20220407,19.02,19.49,17.72,19.00,-0
India VIX,20220408,19.00,20.09,17.53,17.69,-0
India VIX,20220411,17.69,19.15,16.64,18.27,-0
India VIX,20220412,18.27,18.67,15.09,18.16,-0
India VIX,20220413,18.16,18.40,16.19,17.79,-0
India VIX,20220418,17.78,20.48,17.78,19.34,-0
India VIX,20220419,19.33,20.81,14.63,19.78,-0
India VIX,20220420,19.77,20.26,17.83,18.67,-0
India VIX,20220421,18.67,18.67,13.35,17.85,-0
India VIX,20220422,17.85,18.76,17.81,18.35,-0
India VIX,20220425,18.35,21.75,18.35,21.26,-0
India VIX,20220426,21.26,21.26,19.00,19.19,-0
India VIX,20220427,19.19,21.36,19.19,20.61,-0
India VIX,20220428,20.60,20.60,19.02,19.38,-0
India VIX,20220429,19.38,19.65,18.21,19.42,-0
India VIX,20220502,19.42,21.06,19.42,20.28,-0
India VIX,20220504,20.28,22.39,18.43,21.88,-0
India VIX,20220505,21.88,21.88,19.61,20.29,-0
India VIX,20220506,20.29,21.81,19.33,21.25,-0
India VIX,20220509,21.25,22.52,18.96,22.03,-0
India VIX,20220510,22.03,22.51,21.22,22.30,-0
India VIX,20220511,22.30,24.19,20.48,22.80,-0
India VIX,20220512,22.80,25.32,21.15,24.27,-0
India VIX,20220513,24.26,24.26,20.97,23.49,-0
India VIX,20220516,23.49,24.71,21.27,24.53,-0
India VIX,20220517,24.53,24.84,17.09,22.74,-0
India VIX,20220518,22.74,23.06,21.34,22.30,-0
India VIX,20220519,22.30,25.15,22.30,24.56,-0
India VIX,20220520,24.56,24.56,22.44,23.10,-0
India VIX,20220523,23.10,23.98,20.50,23.40,-0
India VIX,20220524,23.40,25.99,23.16,25.64,-0
India VIX,20220525,25.64,25.64,24.36,25.28,-0
India VIX,20220526,25.28,25.28,22.53,22.72,-0
India VIX,20220527,22.72,22.72,21.20,21.48,-0
India VIX,20220530,21.48,21.48,19.72,19.98,-0
India VIX,20220531,19.98,20.75,19.68,20.48,-0
India VIX,20220601,20.48,21.34,18.23,20.85,-0
India VIX,20220602,20.84,21.00,18.38,20.32,-0
India VIX,20220603,20.32,20.32,18.74,19.98,-0
India VIX,20220606,19.98,20.68,18.65,20.20,-0
India VIX,20220607,20.20,21.07,19.43,20.43,-0
India VIX,20220608,20.42,20.69,19.39,19.84,-0
India VIX,20220609,19.84,19.84,18.16,19.14,-0
India VIX,20220610,19.14,19.75,18.25,19.58,-0
India VIX,20220613,19.58,22.80,19.58,22.37,-0
India VIX,20220614,22.36,22.64,18.95,21.89,-0
India VIX,20220615,21.89,22.36,20.95,22.15,-0
India VIX,20220616,22.15,28.13,19.75,22.87,-0
India VIX,20220617,22.87,23.69,18.02,22.76,-0
India VIX,20220620,22.76,23.64,16.00,22.41,-0
India VIX,20220621,22.41,22.41,20.48,21.14,-0
India VIX,20220622,21.14,21.78,19.32,21.30,-0
India VIX,20220623,21.30,21.71,18.35,20.88,-0
India VIX,20220624,20.88,21.27,18.68,20.55,-0
India VIX,20220627,20.55,21.12,19.55,21.01,-0
India VIX,20220628,21.00,21.68,20.51,21.45,-0
India VIX,20220629,21.45,22.08,21.45,21.90,-0
India VIX,20220630,21.90,22.27,21.54,21.84,-0
India VIX,20220701,21.84,22.43,21.14,21.25,-0
India VIX,20220704,21.25,22.25,20.92,20.97,-0
India VIX,20220705,20.97,20.99,20.24,20.79,-0
India VIX,20220706,20.79,20.79,19.82,20.27,-0
India VIX,20220707,20.27,20.27,19.01,19.20,-0
India VIX,20220708,19.20,19.20,18.22,18.40,-0
India VIX,20220711,18.40,19.22,16.65,18.37,-0
India VIX,20220712,18.37,18.64,17.30,18.55,-0
India VIX,20220713,18.55,18.76,17.74,18.52,-0
India VIX,20220714,18.52,18.69,17.75,18.34,-0
India VIX,20220715,18.34,18.34,17.53,17.60,-0
India VIX,20220718,17.60,18.18,16.47,17.16,-0
India VIX,20220719,17.16,17.67,16.35,17.20,-0
India VIX,20220720,17.20,17.27,15.66,16.82,-0
India VIX,20220721,16.82,17.21,15.97,16.86,-0
India VIX,20220722,16.86,16.96,16.16,16.65,-0
India VIX,20220725,16.65,17.91,16.18,17.68,-0
India VIX,20220726,17.68,18.27,17.35,18.17,-0
India VIX,20220727,18.17,18.64,17.75,18.13,-0
India VIX,20220728,18.13,18.13,16.84,17.01,-0
India VIX,20220729,17.01,18.65,16.49,16.55,-0
India VIX,20220801,16.55,17.63,15.89,17.49,-0
India VIX,20220802,17.49,18.75,17.49,18.53,-0
India VIX,20220803,18.53,19.17,17.95,18.45,-0
India VIX,20220804,18.45,21.06,17.63,19.26,-0
India VIX,20220805,19.26,19.39,18.01,18.92,-0
India VIX,20220808,18.92,20.18,17.78,19.30,-0
India VIX,20220810,19.30,20.77,18.86,19.59,-0
India VIX,20220811,19.59,19.59,18.20,18.36,-0
India VIX,20220812,18.35,18.52,17.41,17.61,-0
India VIX,20220816,17.61,18.35,17.00,17.69,-0
India VIX,20220817,17.68,17.79,16.55,17.68,-0
India VIX,20220818,17.68,18.44,16.72,17.35,-0
India VIX,20220819,17.35,18.57,16.88,18.29,-0
India VIX,20220822,18.28,19.30,17.20,19.04,-0
India VIX,20220823,19.04,19.59,18.18,19.05,-0
India VIX,20220824,19.05,19.34,17.99,18.43,-0
India VIX,20220825,18.43,20.22,17.27,19.57,-0
India VIX,20220826,19.57,19.57,15.82,18.22,-0
India VIX,20220829,18.22,21.20,18.22,19.82,-0
India VIX,20220830,19.82,19.82,17.26,18.70,-0
India VIX,20220901,18.70,20.99,18.10,19.87,-0
India VIX,20220902,19.87,20.14,17.40,19.55,-0
India VIX,20220905,19.55,20.29,19.45,19.66,-0
India VIX,20220906,19.66,20.00,18.65,19.53,-0
India VIX,20220907,19.52,20.17,18.28,19.37,-0
India VIX,20220908,19.37,19.37,17.30,18.31,-0
India VIX,20220909,18.31,18.51,16.55,17.72,-0
India VIX,20220912,17.72,18.38,16.39,17.94,-0
India VIX,20220913,17.94,17.94,16.86,17.47,-0
India VIX,20220914,17.47,18.57,17.26,18.28,-0
India VIX,20220915,18.28,19.22,16.78,18.39,-0
India VIX,20220916,18.39,20.24,18.30,19.82,-0
India VIX,20220919,19.82,21.20,16.47,19.94,-0
India VIX,20220920,19.94,19.94,18.11,18.80,-0
India VIX,20220921,18.80,20.29,18.31,19.33,-0
India VIX,20220922,19.33,20.14,17.41,18.82,-0
India VIX,20220923,18.82,20.81,17.34,20.59,-0
India VIX,20220926,20.59,22.90,18.81,21.89,-0
India VIX,20220927,21.89,22.29,20.79,21.57,-0
India VIX,20220928,21.57,22.36,21.49,22.10,-0
India VIX,20220929,22.09,22.29,21.07,21.30,-0
India VIX,20220930,21.30,21.99,19.70,19.97,-0
India VIX,20221003,19.97,21.68,19.97,21.37,-0
India VIX,20221004,21.36,21.36,19.45,19.57,-0
India VIX,20221006,19.57,20.02,18.58,19.32,-0
India VIX,20221007,19.32,19.73,18.69,18.81,-0
India VIX,20221010,18.81,20.34,18.81,19.62,-0
India VIX,20221011,19.62,20.82,19.09,20.49,-0
India VIX,20221012,20.49,20.89,19.89,20.18,-0
India VIX,20221013,20.17,20.94,18.40,20.29,-0
India VIX,20221014,20.29,20.63,18.08,18.26,-0
India VIX,20221017,18.26,19.08,18.26,18.42,-0
India VIX,20221018,18.42,18.42,16.58,17.45,-0
India VIX,20221019,17.45,17.56,16.23,17.49,-0
India VIX,20221020,17.49,17.76,15.57,17.23,-0
India VIX,20221021,17.23,17.43,16.58,17.28,-0
India VIX,20221024,17.28,17.67,17.07,17.42,-0
India VIX,20221025,17.42,17.62,16.49,16.88,-0
India VIX,20221027,16.88,17.07,14.79,16.60,-0
India VIX,20221028,16.60,17.04,15.85,15.92,-0
India VIX,20221031,15.92,16.63,15.07,15.80,-0
India VIX,20221101,15.80,16.20,15.11,16.13,-0
India VIX,20221102,16.13,16.85,14.68,16.66,-0
India VIX,20221103,16.66,16.73,14.98,15.94,-0
India VIX,20221104,15.94,16.21,15.48,15.66,-0
India VIX,20221107,15.65,16.35,15.28,15.59,-0
India VIX,20221109,15.59,16.07,15.02,15.92,-0
India VIX,20221110,15.91,16.29,15.49,15.57,-0
India VIX,20221111,15.57,15.57,14.28,14.41,-0
India VIX,20221114,14.40,15.27,12.56,14.91,-0
India VIX,20221115,14.91,15.02,13.83,14.64,-0
India VIX,20221116,14.64,15.53,13.93,15.10,-0
India VIX,20221117,15.10,16.26,13.09,14.88,-0
India VIX,20221118,14.88,15.69,13.86,14.39,-0
India VIX,20221121,14.39,15.55,13.36,14.80,-0
India VIX,20221122,14.80,16.27,13.32,13.84,-0
India VIX,20221123,13.84,14.33,11.88,14.04,-0
India VIX,20221124,14.04,14.04,13.00,13.48,-0
India VIX,20221125,13.48,15.77,12.77,13.33,-0
India VIX,20221128,13.33,14.06,12.41,13.57,-0
India VIX,20221129,13.56,14.62,12.41,13.62,-0
India VIX,20221130,13.61,14.05,12.75,13.81,-0
India VIX,20221201,13.81,14.23,12.98,13.36,-0
India VIX,20221202,13.36,14.09,12.96,13.45,-0
India VIX,20221205,13.45,14.42,13.45,13.73,-0
India VIX,20221206,13.73,14.25,12.18,14.04,-0
India VIX,20221207,14.04,14.46,13.80,14.08,-0
India VIX,20221208,14.08,14.89,13.26,13.40,-0
India VIX,20221209,13.40,13.96,11.91,13.48,-0
India VIX,20221212,13.48,14.15,12.53,13.32,-0
India VIX,20221213,13.32,13.58,11.43,12.88,-0
India VIX,20221214,12.88,13.08,11.53,12.89,-0
India VIX,20221215,12.89,13.88,12.59,13.73,-0
India VIX,20221216,13.73,14.22,12.49,14.07,-0
India VIX,20221219,14.07,14.49,13.50,13.55,-0
India VIX,20221220,13.55,14.92,13.04,13.78,-0
India VIX,20221221,13.78,16.01,12.46,15.56,-0
India VIX,20221222,15.56,16.30,14.44,15.19,-0
India VIX,20221223,15.19,16.48,14.48,16.16,-0
India VIX,20221226,16.16,17.23,14.31,15.93,-0
India VIX,20221227,15.93,16.13,14.93,15.29,-0
India VIX,20221228,15.29,15.65,15.27,15.40,-0
India VIX,20221229,15.40,15.77,14.71,14.81,-0
India VIX,20221230,14.81,15.11,14.28,14.87,-0
India VIX,20230102,14.87,15.45,14.57,14.69,-0
India VIX,20230103,14.69,14.99,14.31,14.39,-0
India VIX,20230104,14.39,15.68,14.33,15.20,-0
India VIX,20230105,15.20,15.60,14.81,14.98,-0
India VIX,20230106,14.98,15.44,14.62,15.03,-0
India VIX,20230109,15.02,15.38,14.53,14.65,-0
India VIX,20230110,14.65,15.94,14.56,15.51,-0
India VIX,20230111,15.51,16.23,15.11,15.44,-0
India VIX,20230112,15.44,16.04,14.42,15.28,-0
India VIX,20230113,15.27,15.60,14.40,14.46,-0
India VIX,20230116,14.46,15.36,14.46,15.02,-0
India VIX,20230117,15.02,15.31,13.84,14.59,-0
India VIX,20230118,14.59,14.75,12.47,14.37,-0
India VIX,20230119,14.37,14.83,13.89,13.96,-0
India VIX,20230120,13.96,14.19,11.64,13.79,-0
India VIX,20230123,13.79,14.26,13.48,13.62,-0
India VIX,20230124,13.62,13.81,13.30,13.66,-0
India VIX,20230125,13.66,15.42,13.52,14.66,-0
India VIX,20230127,14.65,18.01,14.58,17.32,-0
India VIX,20230130,17.32,19.39,17.29,17.71,-0
India VIX,20230131,17.71,18.37,16.57,16.88,-0
India VIX,20230201,16.88,18.54,14.85,16.78,-0
India VIX,20230202,16.78,17.77,15.51,15.73,-0
India VIX,20230203,15.73,15.76,14.27,14.40,-0
India VIX,20230206,14.40,15.20,14.19,14.69,-0
India VIX,20230207,14.69,14.88,13.66,14.13,-0
India VIX,20230208,14.13,14.25,13.53,13.60,-0
India VIX,20230209,13.60,13.81,12.06,13.04,-0
India VIX,20230210,13.04,13.28,12.21,12.75,-0
India VIX,20230213,12.74,14.10,11.83,13.68,-0
India VIX,20230214,13.68,13.68,12.45,13.45,-0
India VIX,20230215,13.45,13.45,11.28,12.86,-0
India VIX,20230216,12.86,13.16,10.17,12.89,-0
India VIX,20230217,12.89,13.52,10.80,13.09,-0
India VIX,20230220,13.09,13.71,10.92,13.38,-0
India VIX,20230221,13.38,14.30,13.38,14.01,-0
India VIX,20230222,14.01,15.91,12.38,15.59,-0
India VIX,20230223,15.59,16.01,14.52,15.08,-0
India VIX,20230224,15.07,15.14,14.01,14.19,-0
India VIX,20230227,14.19,15.10,13.75,13.88,-0
India VIX,20230228,13.88,14.57,13.50,14.02,-0
India VIX,20230301,14.02,14.02,12.27,13.00,-0
India VIX,20230302,12.99,13.55,11.10,12.97,-0
India VIX,20230303,12.97,12.97,11.98,12.18,-0
India VIX,20230306,12.18,12.47,11.84,12.27,-0
India VIX,20230308,12.27,12.85,11.90,12.45,-0
India VIX,20230309,12.45,12.84,11.78,12.73,-0
India VIX,20230310,12.73,13.82,12.73,13.41,-0
India VIX,20230313,13.41,16.43,13.41,16.22,-0
India VIX,20230314,16.22,16.64,15.00,16.22,-0
India VIX,20230315,16.22,16.50,14.52,16.30,-0
India VIX,20230316,16.30,17.35,13.95,16.22,-0
India VIX,20230317,16.22,16.22,14.60,14.77,-0
India VIX,20230320,14.77,17.22,14.52,16.01,-0
India VIX,20230321,16.01,16.03,14.08,15.08,-0
India VIX,20230322,15.08,15.09,14.24,14.81,-0
India VIX,20230323,14.81,15.06,13.90,14.49,-0
India VIX,20230324,14.49,15.43,14.20,15.24,-0
India VIX,20230327,15.24,16.09,15.10,15.45,-0
India VIX,20230328,15.44,15.61,14.86,15.10,-0
India VIX,20230329,15.10,15.10,13.32,13.63,-0
India VIX,20230331,13.63,13.63,12.07,12.94,-0
India VIX,20230403,12.94,13.49,12.47,12.59,-0
India VIX,20230405,12.59,12.81,12.05,12.41,-0
India VIX,20230406,12.41,12.57,11.65,11.80,-0
India VIX,20230410,11.80,12.56,11.80,12.27,-0
India VIX,20230411,12.27,12.27,11.66,11.98,-0
India VIX,20230412,11.98,12.40,11.98,12.27,-0
India VIX,20230413,12.27,12.51,11.84,11.91,-0
India VIX,20230417,11.91,13.27,11.91,12.27,-0
India VIX,20230418,12.27,12.52,11.86,12.08,-0
India VIX,20230419,12.07,12.47,11.11,12.15,-0
India VIX,20230420,12.15,12.40,11.58,11.94,-0
India VIX,20230421,11.94,12.04,11.52,11.63,-0
India VIX,20230424,11.63,12.20,11.58,11.67,-0
India VIX,20230425,11.67,11.81,11.43,11.52,-0
India VIX,20230426,11.52,11.90,11.30,11.65,-0
India VIX,20230427,11.65,12.02,10.96,11.43,-0
India VIX,20230428,11.43,11.54,10.79,10.95,-0
India VIX,20230502,10.95,12.06,10.95,11.90,-0
India VIX,20230503,11.90,12.25,11.13,11.84,-0
India VIX,20230504,11.84,12.03,11.19,11.73,-0
India VIX,20230505,11.73,12.38,11.53,12.30,-0
India VIX,20230508,12.30,12.91,11.72,12.64,-0
India VIX,20230509,12.64,12.81,11.66,12.68,-0
India VIX,20230510,12.68,13.30,11.54,13.08,-0
India VIX,20230511,13.08,13.74,12.81,13.22,-0
India VIX,20230512,13.22,13.51,12.74,12.85,-0
India VIX,20230515,12.85,13.61,12.54,13.17,-0
India VIX,20230516,13.17,13.48,11.71,13.29,-0
India VIX,20230517,13.29,13.58,11.90,13.11,-0
India VIX,20230518,13.10,13.10,11.14,12.80,-0
India VIX,20230519,12.80,12.82,11.69,12.30,-0
India VIX,20230522,12.30,12.82,11.56,12.57,-0
India VIX,20230523,12.57,13.07,12.32,12.61,-0
India VIX,20230524,12.60,13.44,12.41,13.11,-0
India VIX,20230525,13.11,13.13,8.18,12.52,-0
India VIX,20230526,12.52,12.86,11.70,11.90,-0
India VIX,20230529,11.90,12.49,8.81,12.30,-0
India VIX,20230530,12.30,12.38,11.77,12.01,-0
India VIX,20230531,12.01,12.47,11.58,11.97,-0
India VIX,20230601,11.97,11.97,11.22,11.60,-0
India VIX,20230602,11.60,11.73,10.86,11.13,-0
India VIX,20230605,11.13,11.34,10.32,11.14,-0
India VIX,20230606,11.14,11.62,10.47,11.38,-0
India VIX,20230607,11.38,11.54,9.64,11.44,-0
India VIX,20230608,11.44,11.57,10.13,11.26,-0
India VIX,20230609,11.26,11.30,10.31,11.12,-0
India VIX,20230612,11.12,11.80,10.58,11.25,-0
India VIX,20230613,11.24,11.25,9.99,11.11,-0
India VIX,20230614,11.11,11.37,10.63,11.16,-0
India VIX,20230615,11.16,11.37,9.69,11.08,-0
India VIX,20230616,11.08,11.08,10.56,10.84,-0
India VIX,20230619,10.84,11.50,10.33,11.23,-0
