Nifty Quality 30,20170102,2102.25,2109.35,2089.60,2104.05,26266018
Nifty Quality 30,20170103,2107.65,2115.65,2097.85,2110.35,39368160
Nifty Quality 30,20170104,2113.75,2123.30,2109.10,2120.30,52805592
Nifty Quality 30,20170105,2128.55,2138.05,2126.30,2132.90,46822376
Nifty Quality 30,20170106,2133.40,2140.00,2108.80,2112.40,50819408
Nifty Quality 30,20170109,2113.25,2116.50,2105.20,2110.15,37168552
Nifty Quality 30,20170110,2117.00,2123.35,2113.85,2121.60,46269856
Nifty Quality 30,20170111,2127.00,2138.40,2123.65,2137.20,49946968
Nifty Quality 30,20170112,2133.80,2140.65,2130.50,2138.65,43491120
Nifty Quality 30,20170113,2151.80,2153.60,2121.10,2129.30,56480116
Nifty Quality 30,20170116,2127.15,2127.15,2118.60,2123.30,37402268
Nifty Quality 30,20170117,2124.00,2136.65,2123.70,2131.15,48747328
Nifty Quality 30,20170118,2132.10,2142.35,2131.10,2135.05,46039116
Nifty Quality 30,20170119,2133.70,2142.10,2131.75,2139.50,44437288
Nifty Quality 30,20170120,2134.60,2140.60,2125.45,2127.95,61306436
Nifty Quality 30,20170123,2120.70,2141.95,2120.15,2140.00,46117556
Nifty Quality 30,20170124,2139.90,2154.70,2136.25,2152.85,44860688
Nifty Quality 30,20170125,2157.65,2171.95,2152.35,2170.25,77576256
Nifty Quality 30,20170127,2169.30,2180.10,2162.75,2165.80,69340624
Nifty Quality 30,20170130,2162.40,2166.90,2158.45,2163.55,43111452
Nifty Quality 30,20170131,2162.10,2162.70,2123.15,2132.40,77621384
Nifty Quality 30,20170201,2133.00,2157.45,2117.45,2155.35,79695920
Nifty Quality 30,20170202,2158.65,2184.40,2154.55,2176.75,84855056
Nifty Quality 30,20170203,2177.00,2184.30,2168.65,2182.45,47485552
Nifty Quality 30,20170206,2194.15,2199.75,2186.50,2198.15,48488860
Nifty Quality 30,20170207,2202.45,2209.50,2183.95,2192.10,62909080
Nifty Quality 30,20170208,2191.85,2200.00,2182.85,2193.80,58627192
Nifty Quality 30,20170209,2200.50,2209.05,2189.10,2206.50,45384784
Nifty Quality 30,20170210,2212.10,2218.90,2204.00,2213.70,49642436
Nifty Quality 30,20170213,2217.75,2220.60,2202.70,2213.35,49687668
Nifty Quality 30,20170214,2216.30,2216.30,2199.35,2202.10,45212624
Nifty Quality 30,20170215,2202.55,2209.15,2178.75,2184.45,50632016
Nifty Quality 30,20170216,2186.10,2207.10,2186.10,2205.80,62103336
Nifty Quality 30,20170217,2212.90,2212.95,2192.75,2203.90,46350112
Nifty Quality 30,20170220,2206.80,2228.70,2203.70,2224.95,46525992
Nifty Quality 30,20170221,2230.40,2232.05,2219.70,2227.35,50193888
Nifty Quality 30,20170222,2230.80,2232.15,2210.90,2217.85,58756984
Nifty Quality 30,20170223,2224.60,2238.55,2217.10,2228.00,83269728
Nifty Quality 30,20170227,2227.05,2234.95,2220.10,2225.55,43147400
Nifty Quality 30,20170228,2224.40,2227.55,2214.15,2217.25,84093688
Nifty Quality 30,20170301,2222.85,2238.15,2222.05,2234.60,60179516
Nifty Quality 30,20170302,2242.20,2244.85,2219.25,2223.35,60135920
Nifty Quality 30,20170303,2216.55,2228.00,2208.05,2225.75,49114316
Nifty Quality 30,20170306,2225.55,2234.05,2223.35,2231.35,40597192
Nifty Quality 30,20170307,2233.90,2234.25,2222.50,2227.75,41579648
Nifty Quality 30,20170308,2227.35,2230.60,2210.70,2220.60,46644104
Nifty Quality 30,20170309,2222.85,2224.65,2215.35,2221.10,40701832
Nifty Quality 30,20170310,2224.75,2231.60,2215.95,2222.15,38286632
Nifty Quality 30,20170314,2244.10,2257.80,2239.00,2255.60,78134112
Nifty Quality 30,20170315,2255.00,2256.95,2243.55,2245.70,56420940
Nifty Quality 30,20170316,2255.90,2265.05,2254.75,2263.65,54518432
Nifty Quality 30,20170317,2279.40,2282.80,2271.15,2277.60,104945264
Nifty Quality 30,20170320,2279.55,2279.65,2266.40,2270.75,50895108
Nifty Quality 30,20170321,2270.05,2273.55,2256.55,2266.95,75370344
Nifty Quality 30,20170322,2249.70,2259.10,2248.05,2252.75,56468988
Nifty Quality 30,20170323,2255.65,2264.25,2254.95,2261.70,65137564
Nifty Quality 30,20170324,2264.40,2267.60,2254.10,2257.00,49644112
Nifty Quality 30,20170327,2253.50,2254.20,2236.90,2239.60,50474440
Nifty Quality 30,20170328,2243.40,2252.85,2241.15,2248.40,37908076
Nifty Quality 30,20170329,2253.55,2257.85,2245.20,2254.95,50299828
Nifty Quality 30,20170330,2256.20,2261.80,2250.70,2255.60,70417536
Nifty Quality 30,20170331,2253.65,2261.00,2249.10,2255.20,53401228
Nifty Quality 30,20170403,2263.20,2263.35,2246.40,2255.80,33451758
Nifty Quality 30,20170405,2263.25,2263.25,2252.35,2258.65,58703652
Nifty Quality 30,20170406,2256.55,2256.85,2246.00,2253.80,51468800
Nifty Quality 30,20170407,2247.45,2250.30,2239.85,2242.05,57756004
Nifty Quality 30,20170410,2248.05,2250.80,2233.10,2237.55,51029204
Nifty Quality 30,20170411,2238.35,2255.10,2235.55,2254.05,43872768
Nifty Quality 30,20170412,2255.65,2257.50,2238.85,2251.70,43390952
Nifty Quality 30,20170413,2254.05,2256.00,2228.85,2231.40,47278128
Nifty Quality 30,20170417,2226.60,2227.40,2217.45,2219.60,31856158
Nifty Quality 30,20170418,2222.45,2234.40,2204.00,2205.80,33729624
Nifty Quality 30,20170419,2205.45,2215.40,2201.60,2206.85,41707608
Nifty Quality 30,20170420,2211.55,2220.05,2207.70,2217.60,34125460
Nifty Quality 30,20170421,2227.10,2227.10,2200.60,2203.45,39988136
Nifty Quality 30,20170424,2204.25,2218.40,2196.80,2216.00,38706836
Nifty Quality 30,20170425,2222.75,2237.20,2218.15,2236.00,43750640
Nifty Quality 30,20170426,2243.40,2247.35,2228.85,2240.70,63798448
Nifty Quality 30,20170427,2242.15,2245.55,2229.25,2233.15,50976708
Nifty Quality 30,20170428,2235.10,2236.25,2222.15,2227.35,46539488
Nifty Quality 30,20170502,2239.60,2245.60,2223.40,2233.65,36108812
Nifty Quality 30,20170503,2241.10,2242.45,2231.65,2240.65,41788176
Nifty Quality 30,20170504,2244.75,2250.60,2235.65,2249.30,44023944
Nifty Quality 30,20170505,2247.45,2248.85,2235.75,2238.20,44982472
Nifty Quality 30,20170508,2245.95,2250.70,2241.60,2249.10,39537276
Nifty Quality 30,20170509,2255.90,2255.90,2245.80,2247.85,36981672
Nifty Quality 30,20170510,2251.90,2268.60,2251.10,2266.35,35001652
Nifty Quality 30,20170511,2275.45,2282.30,2268.40,2279.75,48764712
Nifty Quality 30,20170512,2285.70,2287.50,2273.30,2285.75,40537020
Nifty Quality 30,20170515,2292.25,2294.00,2283.30,2292.40,37854516
Nifty Quality 30,20170516,2295.75,2316.65,2294.35,2315.30,48880540
Nifty Quality 30,20170517,2315.30,2316.10,2302.25,2314.50,44816836
Nifty Quality 30,20170518,2299.85,2317.00,2297.45,2303.20,46467948
Nifty Quality 30,20170519,2313.90,2322.60,2290.50,2299.95,79206664
Nifty Quality 30,20170522,2311.90,2318.85,2299.80,2303.45,72755960
Nifty Quality 30,20170523,2304.60,2304.90,2283.75,2289.65,76991720
Nifty Quality 30,20170524,2290.95,2293.35,2272.35,2279.50,51601040
Nifty Quality 30,20170525,2285.50,2304.90,2277.50,2301.15,88148480
Nifty Quality 30,20170526,2305.20,2316.45,2298.05,2312.40,70641760
Nifty Quality 30,20170529,2294.10,2311.90,2289.05,2303.65,113757808
Nifty Quality 30,20170530,2296.40,2310.95,2293.20,2309.45,55624080
Nifty Quality 30,20170531,2308.80,2316.50,2302.90,2308.15,83414096
Nifty Quality 30,20170601,2306.55,2326.55,2304.15,2317.70,58369504
Nifty Quality 30,20170602,2326.30,2330.70,2319.90,2329.10,48757464
Nifty Quality 30,20170605,2330.85,2341.30,2329.50,2337.60,65704828
Nifty Quality 30,20170606,2345.65,2348.40,2336.50,2342.20,61602080
Nifty Quality 30,20170607,2347.75,2354.25,2329.85,2340.45,60256124
Nifty Quality 30,20170608,2343.45,2343.70,2328.55,2329.90,49653588
Nifty Quality 30,20170609,2326.40,2327.10,2314.45,2324.30,47351232
Nifty Quality 30,20170612,2322.30,2326.90,2310.55,2322.05,46293980
Nifty Quality 30,20170613,2322.25,2326.35,2312.50,2315.15,44853668
Nifty Quality 30,20170614,2319.35,2320.10,2304.40,2314.35,49745652
Nifty Quality 30,20170615,2317.00,2317.20,2299.15,2303.15,45640872
Nifty Quality 30,20170616,2306.75,2312.10,2287.75,2292.70,56297596
Nifty Quality 30,20170619,2302.65,2302.65,2293.60,2297.65,36431912
Nifty Quality 30,20170620,2302.30,2303.55,2292.65,2295.95,39371012
Nifty Quality 30,20170621,2298.90,2300.45,2285.05,2294.65,40420952
Nifty Quality 30,20170622,2297.05,2307.85,2283.15,2286.95,45895268
Nifty Quality 30,20170623,2288.35,2290.25,2272.15,2275.10,41905548
Nifty Quality 30,20170627,2277.10,2285.90,2255.65,2261.90,58677684
Nifty Quality 30,20170628,2263.50,2264.80,2254.80,2261.40,47962948
Nifty Quality 30,20170629,2268.95,2275.95,2258.30,2261.85,67534952
Nifty Quality 30,20170630,2256.15,2285.75,2253.20,2282.95,62188704
Nifty Quality 30,20170703,2307.50,2320.80,2297.50,2318.25,80756272
Nifty Quality 30,20170704,2324.15,2324.85,2306.75,2310.25,45926408
Nifty Quality 30,20170705,2308.35,2309.95,2302.45,2307.70,42525552
Nifty Quality 30,20170706,2311.35,2320.95,2307.55,2313.45,47849060
Nifty Quality 30,20170707,2312.60,2314.70,2304.00,2306.35,50924836
Nifty Quality 30,20170710,2322.40,2343.45,2293.05,2338.35,10643765
Nifty Quality 30,20170711,2341.50,2360.25,2340.10,2345.85,51566108
Nifty Quality 30,20170712,2349.20,2352.30,2342.55,2346.20,38924056
Nifty Quality 30,20170713,2354.00,2364.40,2353.45,2362.80,50653584
Nifty Quality 30,20170714,2366.75,2367.70,2348.55,2353.15,44755380
Nifty Quality 30,20170717,2355.95,2359.65,2348.05,2352.35,56482724
Nifty Quality 30,20170718,2325.10,2342.90,2311.95,2330.65,186109536
Nifty Quality 30,20170719,2342.25,2357.30,2338.85,2354.10,84253760
Nifty Quality 30,20170720,2358.50,2359.10,2336.60,2339.10,49195440
Nifty Quality 30,20170721,2346.15,2355.75,2339.00,2354.00,66915544
Nifty Quality 30,20170724,2358.05,2366.50,2355.55,2363.15,54770464
Nifty Quality 30,20170725,2365.90,2365.90,2353.90,2356.75,48541396
Nifty Quality 30,20170726,2358.95,2367.15,2357.30,2365.35,44611308
Nifty Quality 30,20170727,2369.40,2382.55,2339.40,2342.95,81879336
Nifty Quality 30,20170728,2341.60,2344.40,2325.20,2341.45,56465828
Nifty Quality 30,20170731,2340.65,2343.85,2331.15,2340.25,73282216
Nifty Quality 30,20170801,2344.95,2358.25,2343.50,2356.55,71802880
Nifty Quality 30,20170802,2361.75,2362.80,2340.65,2344.75,53098624
Nifty Quality 30,20170803,2346.00,2346.85,2329.65,2332.00,73554560
Nifty Quality 30,20170804,2329.40,2358.20,2327.25,2354.80,77158536
Nifty Quality 30,20170807,2355.30,2359.90,2350.70,2355.15,44399620
Nifty Quality 30,20170808,2356.90,2361.40,2326.85,2333.30,52159980
Nifty Quality 30,20170809,2330.60,2330.60,2308.40,2312.45,54563336
Nifty Quality 30,20170810,2305.40,2311.15,2282.00,2292.30,79667056
Nifty Quality 30,20170811,2272.50,2288.75,2269.35,2279.30,67409872
Nifty Quality 30,20170814,2284.60,2301.20,2284.10,2295.05,59219452
Nifty Quality 30,20170816,2303.55,2325.75,2296.85,2323.25,69924104
Nifty Quality 30,20170817,2337.50,2337.60,2320.20,2330.90,79560040
Nifty Quality 30,20170818,2322.55,2322.55,2292.40,2312.65,137842016
Nifty Quality 30,20170821,2316.75,2323.00,2281.80,2286.00,97548832
Nifty Quality 30,20170822,2300.55,2303.55,2283.80,2286.85,78630040
Nifty Quality 30,20170823,2296.45,2297.45,2283.40,2292.25,72592704
Nifty Quality 30,20170824,2298.85,2303.85,2293.55,2300.95,72069328
Nifty Quality 30,20170828,2314.25,2321.25,2305.05,2319.40,69039928
Nifty Quality 30,20170829,2316.55,2316.55,2294.05,2298.25,44652480
Nifty Quality 30,20170830,2311.95,2318.30,2308.65,2314.25,51277128
Nifty Quality 30,20170831,2317.35,2327.55,2306.25,2325.95,80777152
Nifty Quality 30,20170901,2330.10,2348.80,2325.05,2347.00,54723880
Nifty Quality 30,20170904,2349.95,2349.95,2321.25,2336.80,59224916
Nifty Quality 30,20170905,2340.65,2351.25,2334.35,2348.65,54687792
Nifty Quality 30,20170906,2337.85,2338.85,2330.15,2332.90,57327496
Nifty Quality 30,20170907,2345.00,2346.45,2336.55,2338.85,60709812
Nifty Quality 30,20170908,2344.20,2345.10,2328.80,2333.25,54543816
Nifty Quality 30,20170911,2341.35,2350.25,2339.90,2343.40,53593356
Nifty Quality 30,20170912,2355.85,2370.00,2348.70,2368.85,73290664
Nifty Quality 30,20170913,2370.55,2378.15,2354.50,2359.90,87708176
Nifty Quality 30,20170914,2368.25,2370.65,2357.00,2363.95,77773016
Nifty Quality 30,20170915,2359.80,2375.25,2354.00,2372.05,78562496
Nifty Quality 30,20170918,2379.55,2392.05,2378.85,2388.95,51392632
Nifty Quality 30,20170919,2393.30,2394.20,2383.55,2387.35,78615032
Nifty Quality 30,20170920,2395.55,2395.55,2376.50,2380.85,68059016
Nifty Quality 30,20170921,2383.55,2388.15,2369.50,2384.50,81130208
Nifty Quality 30,20170922,2379.60,2380.80,2355.70,2359.35,73342992
Nifty Quality 30,20170925,2358.00,2358.90,2331.20,2341.10,67319904
Nifty Quality 30,20170926,2344.65,2344.90,2321.00,2331.05,58847860
Nifty Quality 30,20170927,2339.00,2339.20,2301.00,2305.85,78191144
Nifty Quality 30,20170928,2307.45,2318.15,2294.85,2311.20,114170592
Nifty Quality 30,20170929,2319.75,2326.00,2308.75,2311.95,57994236
Nifty Quality 30,20171003,2335.95,2337.50,2321.90,2327.05,50716144
Nifty Quality 30,20171004,2335.85,2344.20,2324.70,2337.55,51577088
Nifty Quality 30,20171005,2339.40,2346.65,2327.00,2329.60,40751912
Nifty Quality 30,20171006,2335.60,2355.65,2334.20,2353.30,48667592
Nifty Quality 30,20171009,2358.30,2365.60,2353.85,2360.45,39986552
Nifty Quality 30,20171010,2367.35,2373.40,2363.65,2365.60,46194404
Nifty Quality 30,20171011,2369.55,2375.55,2356.25,2364.55,66845832
Nifty Quality 30,20171012,2373.20,2390.50,2369.40,2389.55,57475164
Nifty Quality 30,20171013,2392.60,2399.90,2389.10,2392.15,52550664
Nifty Quality 30,20171016,2398.80,2411.20,2398.10,2409.70,47990912
Nifty Quality 30,20171017,2409.70,2416.70,2404.00,2414.20,48977244
Nifty Quality 30,20171018,2415.70,2416.35,2398.80,2404.05,43213112
Nifty Quality 30,20171019,2407.70,2408.70,2391.10,2395.50,5845262
Nifty Quality 30,20171023,2400.05,2414.65,2391.65,2403.25,59366644
Nifty Quality 30,20171024,2411.50,2411.90,2396.70,2399.30,46975564
Nifty Quality 30,20171025,2405.10,2413.25,2395.15,2398.60,47529904
Nifty Quality 30,20171026,2401.25,2411.05,2393.50,2406.35,101014192
Nifty Quality 30,20171027,2415.50,2424.70,2409.15,2414.30,78475424
Nifty Quality 30,20171030,2421.40,2430.90,2418.25,2422.35,70882768
Nifty Quality 30,20171031,2418.70,2423.85,2414.90,2420.65,49644624
Nifty Quality 30,20171101,2428.55,2433.90,2419.90,2422.65,53108004
Nifty Quality 30,20171102,2425.10,2435.80,2424.90,2426.45,66021780
Nifty Quality 30,20171103,2431.95,2432.05,2415.95,2416.90,40831968
Nifty Quality 30,20171106,2420.80,2435.15,2419.90,2429.70,66991080
Nifty Quality 30,20171107,2435.05,2448.05,2418.10,2422.95,104734984
Nifty Quality 30,20171108,2431.45,2442.10,2420.70,2426.35,68495360
Nifty Quality 30,20171109,2439.35,2443.30,2417.45,2428.85,63456532
Nifty Quality 30,20171110,2429.70,2436.05,2414.75,2430.30,60048272
Nifty Quality 30,20171113,2429.65,2437.25,2415.60,2418.25,48612440
Nifty Quality 30,20171114,2420.75,2421.80,2408.55,2410.20,44908440
Nifty Quality 30,20171115,2404.75,2410.35,2391.65,2397.95,61595152
Nifty Quality 30,20171116,2403.40,2420.90,2393.25,2417.75,47077588
Nifty Quality 30,20171117,2428.10,2430.40,2414.95,2418.55,47861768
Nifty Quality 30,20171120,2422.35,2428.20,2413.20,2418.50,35525796
Nifty Quality 30,20171121,2422.45,2432.90,2421.65,2427.30,61684952
Nifty Quality 30,20171122,2431.60,2435.35,2422.15,2425.70,44550788
Nifty Quality 30,20171123,2430.25,2435.50,2422.85,2431.65,46953312
Nifty Quality 30,20171124,2436.25,2449.10,2436.05,2447.05,50349212
Nifty Quality 30,20171127,2442.90,2448.10,2434.30,2446.45,38906512
Nifty Quality 30,20171128,2445.60,2449.10,2439.05,2443.70,53214116
Nifty Quality 30,20171129,2447.30,2452.25,2440.10,2443.25,41455856
Nifty Quality 30,20171130,2440.40,2444.95,2421.50,2426.85,103338248
Nifty Quality 30,20171201,2434.05,2438.05,2393.45,2397.15,40150228
Nifty Quality 30,20171204,2411.10,2413.15,2387.50,2403.70,47835784
Nifty Quality 30,20171205,2403.90,2404.00,2390.95,2393.35,42622936
Nifty Quality 30,20171206,2391.00,2393.00,2382.50,2387.60,43184928
Nifty Quality 30,20171207,2388.60,2423.90,2388.40,2418.95,47302520
Nifty Quality 30,20171208,2425.10,2445.65,2423.35,2444.05,60140248
Nifty Quality 30,20171211,2453.80,2466.30,2451.55,2464.40,49125508
Nifty Quality 30,20171212,2468.05,2468.20,2442.25,2444.75,52685696
Nifty Quality 30,20171213,2442.65,2459.00,2428.60,2436.75,45560508
Nifty Quality 30,20171214,2444.05,2449.45,2424.60,2444.75,47485128
Nifty Quality 30,20171215,2458.55,2465.30,2456.30,2461.40,67722312
Nifty Quality 30,20171218,2452.65,2483.85,2417.75,2476.90,52492444
Nifty Quality 30,20171219,2483.80,2506.55,2482.05,2502.30,60690592
Nifty Quality 30,20171220,2511.40,2511.40,2498.70,2504.20,51823336
Nifty Quality 30,20171221,2511.55,2511.70,2496.00,2504.80,55345156
Nifty Quality 30,20171222,2506.70,2522.90,2504.50,2519.65,43773120
Nifty Quality 30,20171226,2523.20,2528.10,2516.05,2525.95,54293072
Nifty Quality 30,20171227,2525.75,2536.60,2519.45,2525.40,66802756
Nifty Quality 30,20171228,2526.70,2533.85,2514.00,2517.85,79605184
Nifty Quality 30,20171229,2521.70,2545.25,2520.65,2542.85,49273948
Nifty Quality 30,20180101,2541.70,2545.65,2520.40,2523.20,41480120
Nifty Quality 30,20180102,2531.05,2537.80,2504.70,2511.70,44095808
Nifty Quality 30,20180103,2518.10,2525.60,2505.35,2507.00,59594904
Nifty Quality 30,20180104,2511.00,2519.55,2502.85,2517.55,53229760
Nifty Quality 30,20180105,2522.40,2535.25,2519.30,2531.10,61047036
Nifty Quality 30,20180108,2541.70,2560.85,2539.30,2558.30,67682672
Nifty Quality 30,20180109,2566.15,2566.90,2551.55,2562.10,95982120
Nifty Quality 30,20180110,2566.35,2575.80,2556.55,2573.20,75677840
Nifty Quality 30,20180111,2574.35,2586.60,2569.40,2582.45,60417096
Nifty Quality 30,20180112,2590.15,2590.65,2562.75,2580.30,57279740
Nifty Quality 30,20180115,2585.50,2591.65,2566.15,2568.75,51846564
Nifty Quality 30,20180116,2574.40,2592.60,2571.65,2578.70,78767104
Nifty Quality 30,20180117,2582.65,2603.80,2577.10,2600.25,75985744
Nifty Quality 30,20180118,2611.65,2613.80,2589.70,2597.40,70831176
Nifty Quality 30,20180119,2600.25,2609.05,2587.45,2605.35,63662800
Nifty Quality 30,20180122,2600.45,2628.60,2592.65,2624.00,65239076
Nifty Quality 30,20180123,2631.55,2650.70,2629.30,2648.35,85198792
Nifty Quality 30,20180124,2646.00,2674.90,2642.60,2665.50,97254624
Nifty Quality 30,20180125,2668.35,2668.80,2639.30,2643.70,97179752
Nifty Quality 30,20180129,2647.40,2668.50,2645.20,2658.85,85135296
Nifty Quality 30,20180130,2653.30,2657.90,2634.05,2642.80,87961488
Nifty Quality 30,20180131,2633.30,2637.30,2597.95,2604.85,111755416
Nifty Quality 30,20180201,2605.85,2616.60,2556.80,2593.70,131108752
Nifty Quality 30,20180202,2572.00,2602.00,2553.10,2560.60,109369152
Nifty Quality 30,20180205,2531.05,2559.45,2524.00,2554.05,80861088
Nifty Quality 30,20180206,2463.55,2516.75,2461.50,2498.75,85076496
Nifty Quality 30,20180207,2524.35,2525.85,2495.20,2498.65,79068272
Nifty Quality 30,20180208,2512.05,2540.30,2502.25,2529.10,77063392
Nifty Quality 30,20180209,2494.30,2518.80,2488.70,2512.90,92754592
Nifty Quality 30,20180212,2527.10,2534.05,2518.80,2524.50,58799416
Nifty Quality 30,20180214,2531.00,2532.95,2500.95,2510.10,64503952
Nifty Quality 30,20180215,2518.05,2532.55,2511.10,2520.15,62336592
Nifty Quality 30,20180216,2532.15,2538.75,2502.45,2505.15,62873184
Nifty Quality 30,20180219,2511.40,2512.30,2464.30,2479.30,75501368
Nifty Quality 30,20180220,2475.05,2494.70,2470.70,2483.30,58285988
Nifty Quality 30,20180221,2500.05,2501.65,2482.85,2497.75,98291920
Nifty Quality 30,20180222,2491.55,2494.90,2482.80,2488.05,115588560
Nifty Quality 30,20180223,2495.75,2510.10,2486.40,2507.55,87161536
Nifty Quality 30,20180226,2509.95,2513.55,2505.40,2507.75,64409804
Nifty Quality 30,20180227,2518.70,2522.75,2502.85,2508.20,64261840
Nifty Quality 30,20180228,2495.80,2515.00,2488.65,2503.25,76965192
Nifty Quality 30,20180301,2503.65,2508.45,2497.85,2499.70,52124948
Nifty Quality 30,20180305,2496.25,2496.25,2475.70,2487.65,101618192
Nifty Quality 30,20180306,2502.15,2503.95,2459.55,2464.55,68636168
Nifty Quality 30,20180307,2469.00,2475.35,2457.25,2464.50,76000808
Nifty Quality 30,20180308,2477.25,2482.00,2459.05,2469.35,68679408
Nifty Quality 30,20180309,2476.40,2488.35,2468.65,2472.95,49461916
Nifty Quality 30,20180312,2491.55,2513.25,2489.40,2511.60,72544264
Nifty Quality 30,20180313,2498.00,2513.25,2493.85,2507.90,110642240
Nifty Quality 30,20180314,2503.50,2512.75,2496.05,2507.60,49604712
Nifty Quality 30,20180315,2509.50,2517.10,2500.20,2503.50,61661532
Nifty Quality 30,20180316,2502.05,2502.15,2463.50,2469.55,118892448
Nifty Quality 30,20180319,2472.45,2475.70,2439.60,2443.65,63374780
Nifty Quality 30,20180320,2436.95,2468.10,2436.15,2464.30,59172640
Nifty Quality 30,20180321,2474.50,2481.20,2460.05,2465.15,68726552
Nifty Quality 30,20180322,2468.75,2476.90,2443.70,2446.60,71865488
Nifty Quality 30,20180323,2415.00,2440.90,2412.60,2435.05,66299880
Nifty Quality 30,20180326,2430.05,2452.65,2418.20,2449.45,66171384
Nifty Quality 30,20180327,2460.75,2469.85,2450.90,2463.75,54131384
Nifty Quality 30,20180328,2453.05,2471.20,2447.95,2455.90,100048552
Nifty Quality 30,20180402,2462.55,2492.55,2460.20,2489.60,43391952
Nifty Quality 30,20180403,2483.65,2496.80,2479.10,2489.40,50436748
Nifty Quality 30,20180404,2499.65,2499.75,2466.60,2473.15,51289620
Nifty Quality 30,20180405,2490.75,2508.55,2490.10,2507.30,46188320
Nifty Quality 30,20180406,2509.20,2515.30,2499.50,2511.50,43695180
Nifty Quality 30,20180409,2511.70,2525.15,2511.05,2520.25,48841372
Nifty Quality 30,20180410,2525.10,2526.10,2515.55,2519.35,56149628
Nifty Quality 30,20180411,2524.70,2531.80,2510.50,2529.80,75537608
Nifty Quality 30,20180412,2527.10,2552.70,2522.20,2549.20,80701216
Nifty Quality 30,20180413,2558.55,2562.75,2547.85,2551.85,65578072
Nifty Quality 30,20180416,2525.35,2564.55,2524.35,2562.90,54956784
Nifty Quality 30,20180417,2564.75,2567.10,2552.80,2564.80,58213296
Nifty Quality 30,20180418,2569.55,2578.00,2562.15,2564.55,118311768
Nifty Quality 30,20180419,2572.30,2574.80,2562.95,2565.90,104733832
Nifty Quality 30,20180420,2567.55,2606.45,2566.45,2603.30,98153264
Nifty Quality 30,20180423,2606.25,2630.55,2599.20,2611.85,86286528
Nifty Quality 30,20180424,2612.60,2620.35,2595.35,2598.30,59477884
Nifty Quality 30,20180425,2596.60,2608.50,2589.90,2598.20,54845512
Nifty Quality 30,20180426,2598.50,2618.20,2595.15,2614.30,90527576
Nifty Quality 30,20180427,2620.95,2626.40,2606.75,2608.65,59336200
Nifty Quality 30,20180430,2614.65,2634.10,2614.25,2630.90,38173216
Nifty Quality 30,20180502,2639.25,2639.85,2601.70,2608.45,69278880
Nifty Quality 30,20180503,2609.35,2609.40,2578.45,2583.10,55468108
Nifty Quality 30,20180504,2586.75,2586.75,2558.85,2560.90,63141560
Nifty Quality 30,20180507,2568.55,2576.75,2561.05,2574.95,66685908
Nifty Quality 30,20180508,2579.15,2582.50,2568.05,2573.85,65157912
Nifty Quality 30,20180509,2569.60,2580.50,2569.25,2573.70,61105832
Nifty Quality 30,20180510,2582.35,2584.35,2556.90,2560.60,54532268
Nifty Quality 30,20180511,2569.80,2577.30,2565.00,2575.75,65831544
Nifty Quality 30,20180514,2580.30,2582.50,2567.40,2573.55,52330000
Nifty Quality 30,20180515,2577.10,2593.75,2570.55,2577.55,62353904
Nifty Quality 30,20180516,2567.30,2592.65,2563.70,2588.35,62649752
Nifty Quality 30,20180517,2597.05,2599.05,2573.65,2578.30,59869220
Nifty Quality 30,20180518,2577.90,2583.35,2569.20,2572.30,69506816
Nifty Quality 30,20180521,2575.35,2576.90,2549.75,2553.10,56715080
Nifty Quality 30,20180522,2548.70,2569.85,2545.80,2566.70,51838648
Nifty Quality 30,20180523,2564.55,2569.35,2537.30,2541.30,78343608
Nifty Quality 30,20180524,2549.35,2566.55,2543.65,2561.30,77057056
Nifty Quality 30,20180525,2566.75,2586.75,2563.05,2577.70,69561040
Nifty Quality 30,20180528,2595.75,2597.85,2587.10,2595.15,80764312
Nifty Quality 30,20180529,2597.60,2604.40,2585.65,2590.75,59269320
Nifty Quality 30,20180530,2579.85,2585.95,2570.10,2580.95,86446576
Nifty Quality 30,20180531,2584.00,2590.90,2573.65,2586.55,133772320
Nifty Quality 30,20180601,2593.50,2602.65,2579.85,2583.90,110371472
Nifty Quality 30,20180604,2592.55,2593.80,2572.50,2577.95,54323732
Nifty Quality 30,20180605,2579.65,2580.55,2552.65,2558.35,129489696
Nifty Quality 30,20180606,2563.70,2586.10,2556.90,2582.30,66579080
Nifty Quality 30,20180607,2586.50,2607.10,2586.50,2604.05,97816144
Nifty Quality 30,20180608,2600.00,2615.80,2597.30,2613.85,82630584
Nifty Quality 30,20180611,2619.60,2634.55,2618.00,2621.50,87946464
Nifty Quality 30,20180612,2627.25,2644.35,2621.55,2640.50,70343472
Nifty Quality 30,20180613,2658.40,2665.55,2651.55,2653.75,80193896
Nifty Quality 30,20180614,2647.60,2648.10,2631.80,2639.75,104707480
Nifty Quality 30,20180615,2644.05,2664.55,2633.45,2661.15,141619584
Nifty Quality 30,20180618,2671.80,2672.75,2652.25,2654.95,90089576
Nifty Quality 30,20180619,2649.25,2649.25,2628.75,2631.90,67461016
Nifty Quality 30,20180620,2638.40,2643.40,2626.35,2629.55,59414684
Nifty Quality 30,20180621,2636.85,2637.70,2611.65,2614.55,58088808
Nifty Quality 30,20180622,2616.30,2629.65,2606.50,2626.75,85367384
Nifty Quality 30,20180625,2629.75,2633.10,2614.75,2617.35,93231776
Nifty Quality 30,20180626,2615.45,2640.20,2613.85,2633.00,87682744
Nifty Quality 30,20180627,2638.75,2644.20,2614.35,2619.95,101903552
Nifty Quality 30,20180628,2621.50,2622.25,2590.55,2594.30,124700728
Nifty Quality 30,20180629,2602.15,2626.50,2601.70,2624.30,83764272
Nifty Quality 30,20180702,2631.65,2634.65,2616.30,2625.90,90270864
Nifty Quality 30,20180703,2630.90,2652.75,2624.45,2648.45,94404304
Nifty Quality 30,20180704,2652.45,2662.90,2641.20,2661.25,84614792
Nifty Quality 30,20180705,2665.35,2665.35,2643.65,2658.55,77672224
Nifty Quality 30,20180706,2661.80,2675.00,2657.45,2663.85,87225208
Nifty Quality 30,20180709,2680.35,2684.90,2670.50,2681.60,81981984
Nifty Quality 30,20180710,2696.55,2700.55,2687.15,2697.60,73530496
Nifty Quality 30,20180711,2703.40,2716.05,2696.55,2706.40,119252056
Nifty Quality 30,20180712,2724.95,2727.45,2699.25,2705.55,93834760
Nifty Quality 30,20180713,2715.95,2719.35,2697.25,2705.75,93533272
