NIFTY500 Value 50,20181024,4086.79,4086.79,4086.79,4086.79,286143872
NIFTY500 Value 50,20181025,4036.56,4036.56,4036.56,4036.56,430787904
NIFTY500 Value 50,20181026,4023.10,4023.10,4023.10,4023.10,294450464
NIFTY500 Value 50,20181029,4168.04,4168.04,4168.04,4168.04,380765824
NIFTY500 Value 50,20181030,4157.33,4157.33,4157.33,4157.33,451305536
NIFTY500 Value 50,20181031,4191.14,4191.14,4191.14,4191.14,364881792
NIFTY500 Value 50,20181101,4232.94,4232.94,4232.94,4232.94,436413696
NIFTY500 Value 50,20181102,4309.10,4309.10,4309.10,4309.10,582717120
NIFTY500 Value 50,20181105,4283.46,4283.46,4283.46,4283.46,338088640
NIFTY500 Value 50,20181106,4283.79,4283.79,4283.79,4283.79,294440352
NIFTY500 Value 50,20181107,4317.33,4317.33,4317.33,4317.33,40174176
NIFTY500 Value 50,20181109,4371.93,4371.93,4371.93,4371.93,328570144
NIFTY500 Value 50,20181112,4279.45,4279.45,4279.45,4279.45,299008288
NIFTY500 Value 50,20181113,4307.35,4307.35,4307.35,4307.35,366370944
NIFTY500 Value 50,20181114,4339.28,4339.28,4339.28,4339.28,362551584
NIFTY500 Value 50,20181115,4376.24,4376.24,4376.24,4376.24,274764992
NIFTY500 Value 50,20181116,4333.03,4333.03,4333.03,4333.03,395032256
NIFTY500 Value 50,20181119,4358.96,4358.96,4358.96,4358.96,357824992
NIFTY500 Value 50,20181120,4279.96,4279.96,4279.96,4279.96,340074368
NIFTY500 Value 50,20181121,4294.28,4294.28,4294.28,4294.28,290515008
NIFTY500 Value 50,20181122,4231.86,4231.86,4231.86,4231.86,274054784
NIFTY500 Value 50,20181126,4216.93,4216.93,4216.93,4216.93,277033952
NIFTY500 Value 50,20181127,4232.93,4232.93,4232.93,4232.93,299232704
NIFTY500 Value 50,20181128,4137.11,4137.11,4137.11,4137.11,329826304
NIFTY500 Value 50,20181129,4149.28,4149.28,4149.28,4149.28,394080416
NIFTY500 Value 50,20181130,4111.16,4111.16,4111.16,4111.16,497775104
NIFTY500 Value 50,20181203,4197.63,4197.63,4197.63,4197.63,551388416
NIFTY500 Value 50,20181204,4227.89,4227.89,4227.89,4227.89,546505984
NIFTY500 Value 50,20181205,4122.12,4122.12,4122.12,4122.12,417332032
NIFTY500 Value 50,20181206,4057.24,4057.24,4057.24,4057.24,433250848
NIFTY500 Value 50,20181207,4050.67,4050.67,4050.67,4050.67,415554336
NIFTY500 Value 50,20181210,3981.57,3981.57,3981.57,3981.57,395190112
NIFTY500 Value 50,20181211,4015.36,4015.36,4015.36,4015.36,413193472
NIFTY500 Value 50,20181212,4101.48,4101.48,4101.48,4101.48,398845312
NIFTY500 Value 50,20181213,4117.57,4117.57,4117.57,4117.57,341231776
NIFTY500 Value 50,20181214,4165.49,4165.49,4165.49,4165.49,458033568
NIFTY500 Value 50,20181217,4200.65,4200.65,4200.65,4200.65,304834560
NIFTY500 Value 50,20181218,4254.11,4254.11,4254.11,4254.11,346306112
NIFTY500 Value 50,20181219,4295.14,4295.14,4295.14,4295.14,470901408
NIFTY500 Value 50,20181220,4317.33,4317.33,4317.33,4317.33,418311136
NIFTY500 Value 50,20181221,4289.05,4289.05,4289.05,4289.05,403862304
NIFTY500 Value 50,20181224,4254.40,4254.40,4254.40,4254.40,339299872
NIFTY500 Value 50,20181226,4262.75,4262.75,4262.75,4262.75,351478464
NIFTY500 Value 50,20181227,4273.79,4273.79,4273.79,4273.79,510953184
NIFTY500 Value 50,20181228,4337.44,4337.44,4337.44,4337.44,296164736
NIFTY500 Value 50,20181231,4358.52,4358.52,4358.52,4358.52,214217536
NIFTY500 Value 50,20190101,4367.24,4367.24,4367.24,4367.24,161771616
NIFTY500 Value 50,20190102,4283.16,4283.16,4283.16,4283.16,297868768
NIFTY500 Value 50,20190103,4223.38,4223.38,4223.38,4223.38,260221024
NIFTY500 Value 50,20190104,4277.90,4277.90,4277.90,4277.90,289466528
NIFTY500 Value 50,20190107,4279.87,4279.87,4279.87,4279.87,251553712
NIFTY500 Value 50,20190108,4305.01,4305.01,4305.01,4305.01,240928176
NIFTY500 Value 50,20190109,4257.21,4257.21,4257.21,4257.21,256856016
NIFTY500 Value 50,20190110,4251.64,4251.64,4251.64,4251.64,233296464
NIFTY500 Value 50,20190111,4247.10,4247.10,4247.10,4247.10,209265824
NIFTY500 Value 50,20190114,4237.15,4237.15,4237.15,4237.15,204553936
NIFTY500 Value 50,20190115,4296.10,4296.10,4296.10,4296.10,185736592
NIFTY500 Value 50,20190116,4306.66,4306.66,4306.66,4306.66,219715616
NIFTY500 Value 50,20190117,4309.22,4309.22,4309.22,4309.22,200589040
NIFTY500 Value 50,20190118,4276.01,4276.01,4276.01,4276.01,171778016
NIFTY500 Value 50,20190121,4217.34,4217.34,4217.34,4217.34,252138400
NIFTY500 Value 50,20190122,4176.32,4176.32,4176.32,4176.32,217158144
NIFTY500 Value 50,20190123,4177.85,4177.85,4177.85,4177.85,197071824
NIFTY500 Value 50,20190124,4165.98,4165.98,4165.98,4165.98,168064912
NIFTY500 Value 50,20190125,4124.38,4124.38,4124.38,4124.38,237364432
NIFTY500 Value 50,20190128,4061.12,4061.12,4061.12,4061.12,219029520
NIFTY500 Value 50,20190129,4068.58,4068.58,4068.58,4068.58,287303456
NIFTY500 Value 50,20190130,4095.89,4095.89,4095.89,4095.89,276811136
NIFTY500 Value 50,20190131,4129.44,4129.44,4129.44,4129.44,435820960
NIFTY500 Value 50,20190201,4075.48,4075.48,4075.48,4075.48,422404128
NIFTY500 Value 50,20190204,3990.80,3990.80,3990.80,3990.80,488747680
NIFTY500 Value 50,20190205,3921.91,3921.91,3921.91,3921.91,570627584
NIFTY500 Value 50,20190206,3973.68,3973.68,3973.68,3973.68,573894272
NIFTY500 Value 50,20190207,4002.20,4002.20,4002.20,4002.20,737149440
NIFTY500 Value 50,20190208,3873.80,3873.80,3873.80,3873.80,667412288
NIFTY500 Value 50,20190211,3837.23,3837.23,3837.23,3837.23,412694048
NIFTY500 Value 50,20190212,3848.69,3848.69,3848.69,3848.69,366388000
NIFTY500 Value 50,20190213,3803.02,3803.02,3803.02,3803.02,341374496
NIFTY500 Value 50,20190214,3800.74,3800.74,3800.74,3800.74,484631744
NIFTY500 Value 50,20190215,3793.21,3793.21,3793.21,3793.21,386138624
NIFTY500 Value 50,20190218,3769.98,3769.98,3769.98,3769.98,374605568
NIFTY500 Value 50,20190219,3813.83,3813.83,3813.83,3813.83,314415072
NIFTY500 Value 50,20190220,3891.65,3891.65,3891.65,3891.65,344723392
NIFTY500 Value 50,20190221,3932.83,3932.83,3932.83,3932.83,412193440
NIFTY500 Value 50,20190222,4001.68,4001.68,4001.68,4001.68,392190560
NIFTY500 Value 50,20190225,3997.63,3997.63,3997.63,3997.63,344419968
NIFTY500 Value 50,20190226,4004.55,4004.55,4004.55,4004.55,384717728
NIFTY500 Value 50,20190227,3995.01,3995.01,3995.01,3995.01,381569920
NIFTY500 Value 50,20190228,4036.59,4036.59,4036.59,4036.59,608178880
NIFTY500 Value 50,20190301,4129.26,4129.26,4129.26,4129.26,520701536
NIFTY500 Value 50,20190305,4299.98,4299.98,4299.98,4299.98,572246592
NIFTY500 Value 50,20190306,4322.47,4322.47,4322.47,4322.47,515136256
NIFTY500 Value 50,20190307,4301.02,4301.02,4301.02,4301.02,471435104
NIFTY500 Value 50,20190308,4259.05,4259.05,4259.05,4259.05,404207904
NIFTY500 Value 50,20190311,4372.79,4372.79,4372.79,4372.79,450629824
NIFTY500 Value 50,20190312,4388.79,4388.79,4388.79,4388.79,380391808
NIFTY500 Value 50,20190313,4363.00,4363.00,4363.00,4363.00,351156800
NIFTY500 Value 50,20190314,4384.82,4384.82,4384.82,4384.82,362476544
NIFTY500 Value 50,20190315,4438.88,4438.88,4438.88,4438.88,534340544
NIFTY500 Value 50,20190318,4476.03,4476.03,4476.03,4476.03,437276512
NIFTY500 Value 50,20190319,4533.24,4533.24,4533.24,4533.24,528446304
NIFTY500 Value 50,20190320,4466.33,4466.33,4466.33,4466.33,464558304
NIFTY500 Value 50,20190322,4404.45,4404.45,4404.45,4404.45,400713344
NIFTY500 Value 50,20190325,4431.36,4431.36,4431.36,4431.36,394119072
NIFTY500 Value 50,20190326,4471.26,4471.26,4471.26,4471.26,398148992
NIFTY500 Value 50,20190327,4456.55,4456.55,4456.55,4456.55,354753824
NIFTY500 Value 50,20190328,4480.33,4480.33,4480.33,4480.33,537108544
NIFTY500 Value 50,20190329,4561.25,4561.25,4561.25,4561.25,567285632
NIFTY500 Value 50,20190401,4590.90,4590.90,4590.90,4590.90,460948544
NIFTY500 Value 50,20190402,4600.69,4600.69,4600.69,4600.69,501990176
NIFTY500 Value 50,20190403,4532.54,4532.54,4532.54,4532.54,423051104
NIFTY500 Value 50,20190404,4512.28,4512.28,4512.28,4512.28,329177728
NIFTY500 Value 50,20190405,4573.48,4573.48,4573.48,4573.48,390798272
NIFTY500 Value 50,20190408,4517.27,4517.27,4517.27,4517.27,441854336
NIFTY500 Value 50,20190409,4574.82,4574.82,4574.82,4574.82,400615104
NIFTY500 Value 50,20190410,4573.89,4573.89,4573.89,4573.89,407919488
NIFTY500 Value 50,20190411,4585.29,4585.29,4585.29,4585.29,387379168
NIFTY500 Value 50,20190412,4597.13,4597.13,4597.13,4597.13,374760928
NIFTY500 Value 50,20190415,4633.92,4633.92,4633.92,4633.92,389227936
NIFTY500 Value 50,20190416,4644.54,4644.54,4644.54,4644.54,467689568
NIFTY500 Value 50,20190418,4602.18,4602.18,4602.18,4602.18,516477056
NIFTY500 Value 50,20190422,4486.93,4486.93,4486.93,4486.93,398965728
NIFTY500 Value 50,20190423,4492.92,4492.92,4492.92,4492.92,438053760
NIFTY500 Value 50,20190424,4549.34,4549.34,4549.34,4549.34,480063104
NIFTY500 Value 50,20190425,4535.30,4535.30,4535.30,4535.30,582051968
NIFTY500 Value 50,20190426,4529.45,4529.45,4529.45,4529.45,423190784
NIFTY500 Value 50,20190430,4522.62,4522.62,4522.62,4522.62,534624544
NIFTY500 Value 50,20190502,4497.09,4497.09,4497.09,4497.09,527554176
NIFTY500 Value 50,20190503,4498.92,4498.92,4498.92,4498.92,460160000
NIFTY500 Value 50,20190506,4462.84,4462.84,4462.84,4462.84,444001952
NIFTY500 Value 50,20190507,4390.12,4390.12,4390.12,4390.12,415983264
NIFTY500 Value 50,20190508,4324.46,4324.46,4324.46,4324.46,397168672
NIFTY500 Value 50,20190509,4299.57,4299.57,4299.57,4299.57,350568544
NIFTY500 Value 50,20190510,4275.39,4275.39,4275.39,4275.39,398927392
NIFTY500 Value 50,20190513,4153.50,4153.50,4153.50,4153.50,384225152
NIFTY500 Value 50,20190514,4194.34,4194.34,4194.34,4194.34,424284736
NIFTY500 Value 50,20190515,4126.72,4126.72,4126.72,4126.72,367982304
NIFTY500 Value 50,20190516,4195.91,4195.91,4195.91,4195.91,349052128
NIFTY500 Value 50,20190517,4198.62,4198.62,4198.62,4198.62,362350912
NIFTY500 Value 50,20190520,4406.63,4406.63,4406.63,4406.63,468364128
NIFTY500 Value 50,20190521,4297.60,4297.60,4297.60,4297.60,388113728
NIFTY500 Value 50,20190522,4335.93,4335.93,4335.93,4335.93,444320416
NIFTY500 Value 50,20190523,4303.22,4303.22,4303.22,4303.22,553510400
NIFTY500 Value 50,20190524,4432.88,4432.88,4432.88,4432.88,427266336
NIFTY500 Value 50,20190527,4513.22,4513.22,4513.22,4513.22,364362400
NIFTY500 Value 50,20190528,4502.80,4502.80,4502.80,4502.80,687418880
NIFTY500 Value 50,20190529,4452.65,4452.65,4452.65,4452.65,407286720
NIFTY500 Value 50,20190530,4458.02,4458.02,4458.02,4458.02,469676832
NIFTY500 Value 50,20190531,4442.97,4442.97,4442.97,4442.97,517436416
NIFTY500 Value 50,20190603,4487.09,4487.09,4487.09,4487.09,381474624
NIFTY500 Value 50,20190604,4465.01,4465.01,4465.01,4465.01,370903904
NIFTY500 Value 50,20190606,4394.00,4394.00,4394.00,4394.00,523203264
NIFTY500 Value 50,20190607,4392.38,4392.38,4392.38,4392.38,544962560
NIFTY500 Value 50,20190610,4338.40,4338.40,4338.40,4338.40,649085760
NIFTY500 Value 50,20190611,4383.70,4383.70,4383.70,4383.70,588970112
NIFTY500 Value 50,20190612,4367.34,4367.34,4367.34,4367.34,425751584
NIFTY500 Value 50,20190613,4354.90,4354.90,4354.90,4354.90,465810272
NIFTY500 Value 50,20190614,4334.91,4334.91,4334.91,4334.91,357902112
NIFTY500 Value 50,20190617,4224.36,4224.36,4224.36,4224.36,384475008
NIFTY500 Value 50,20190618,4237.21,4237.21,4237.21,4237.21,516732384
NIFTY500 Value 50,20190619,4205.56,4205.56,4205.56,4205.56,724076224
NIFTY500 Value 50,20190620,4287.52,4287.52,4287.52,4287.52,730878528
NIFTY500 Value 50,20190621,4288.21,4288.21,4288.21,4288.21,600054272
NIFTY500 Value 50,20190624,4271.02,4271.02,4271.02,4271.02,478709856
NIFTY500 Value 50,20190625,4320.47,4320.47,4320.47,4320.47,506415520
NIFTY500 Value 50,20190626,4368.10,4368.10,4368.10,4368.10,612377344
NIFTY500 Value 50,20190627,4370.95,4370.95,4370.95,4370.95,720337280
NIFTY500 Value 50,20190628,4336.29,4336.29,4336.29,4336.29,414811296
NIFTY500 Value 50,20190701,4317.43,4317.43,4317.43,4317.43,353958976
NIFTY500 Value 50,20190702,4342.46,4342.46,4342.46,4342.46,320491712
NIFTY500 Value 50,20190703,4379.77,4379.77,4379.77,4379.77,312772128
NIFTY500 Value 50,20190704,4377.41,4377.41,4377.41,4377.41,262303232
NIFTY500 Value 50,20190705,4278.89,4278.89,4278.89,4278.89,313433088
NIFTY500 Value 50,20190708,4135.19,4135.19,4135.19,4135.19,294420320
NIFTY500 Value 50,20190709,4123.66,4123.66,4123.66,4123.66,340680288
NIFTY500 Value 50,20190710,4080.89,4080.89,4080.89,4080.89,308048896
NIFTY500 Value 50,20190711,4117.67,4117.67,4117.67,4117.67,343001440
NIFTY500 Value 50,20190712,4120.86,4120.86,4120.86,4120.86,459744896
NIFTY500 Value 50,20190715,4094.54,4094.54,4094.54,4094.54,279220544
NIFTY500 Value 50,20190716,4136.68,4136.68,4136.68,4136.68,315121888
NIFTY500 Value 50,20190717,4140.60,4140.60,4140.60,4140.60,311054656
NIFTY500 Value 50,20190718,4055.19,4055.19,4055.19,4055.19,288279808
NIFTY500 Value 50,20190719,4010.48,4010.48,4010.48,4010.48,336005632
NIFTY500 Value 50,20190722,4041.86,4041.86,4041.86,4041.86,315527232
NIFTY500 Value 50,20190723,4033.06,4033.06,4033.06,4033.06,362056064
NIFTY500 Value 50,20190724,3959.17,3959.17,3959.17,3959.17,351492576
NIFTY500 Value 50,20190725,3941.97,3941.97,3941.97,3941.97,448837888
NIFTY500 Value 50,20190726,3948.26,3948.26,3948.26,3948.26,380806624
NIFTY500 Value 50,20190729,3830.14,3830.14,3830.14,3830.14,346207744
NIFTY500 Value 50,20190730,3712.08,3712.08,3712.08,3712.08,356500512
NIFTY500 Value 50,20190731,3773.18,3773.18,3773.18,3773.18,328563488
NIFTY500 Value 50,20190801,3699.29,3699.29,3699.29,3699.29,321734240
NIFTY500 Value 50,20190802,3644.56,3644.56,3644.56,3644.56,359331584
NIFTY500 Value 50,20190805,3564.27,3564.27,3564.27,3564.27,301455008
NIFTY500 Value 50,20190806,3634.66,3634.66,3634.66,3634.66,338460736
NIFTY500 Value 50,20190807,3541.05,3541.05,3541.05,3541.05,379606592
NIFTY500 Value 50,20190808,3587.69,3587.69,3587.69,3587.69,361246944
NIFTY500 Value 50,20190809,3599.93,3599.93,3599.93,3599.93,341403584
NIFTY500 Value 50,20190813,3543.03,3543.03,3543.03,3543.03,410441984
NIFTY500 Value 50,20190814,3571.91,3571.91,3571.91,3571.91,360628256
NIFTY500 Value 50,20190816,3576.53,3576.53,3576.53,3576.53,319955872
NIFTY500 Value 50,20190819,3569.39,3569.39,3569.39,3569.39,258001152
NIFTY500 Value 50,20190820,3532.73,3532.73,3532.73,3532.73,273945312
NIFTY500 Value 50,20190821,3421.77,3421.77,3421.77,3421.77,408681664
NIFTY500 Value 50,20190822,3306.62,3306.62,3306.62,3306.62,437405472
NIFTY500 Value 50,20190823,3395.62,3395.62,3395.62,3395.62,395186816
NIFTY500 Value 50,20190826,3449.72,3449.72,3449.72,3449.72,432743776
NIFTY500 Value 50,20190827,3496.56,3496.56,3496.56,3496.56,450005280
NIFTY500 Value 50,20190828,3429.68,3429.68,3429.68,3429.68,347896576
NIFTY500 Value 50,20190829,3425.24,3425.24,3425.24,3425.24,429989376
NIFTY500 Value 50,20190830,3460.25,3460.25,3460.25,3460.25,362573376
NIFTY500 Value 50,20190903,3371.18,3371.18,3371.18,3371.18,255604784
NIFTY500 Value 50,20190904,3401.16,3401.16,3401.16,3401.16,313832192
NIFTY500 Value 50,20190905,3469.35,3469.35,3469.35,3469.35,415971776
NIFTY500 Value 50,20190906,3523.85,3523.85,3523.85,3523.85,365779744
NIFTY500 Value 50,20190909,3540.39,3540.39,3540.39,3540.39,279973984
NIFTY500 Value 50,20190911,3583.21,3583.21,3583.21,3583.21,373189312
NIFTY500 Value 50,20190912,3579.91,3579.91,3579.91,3579.91,370390016
NIFTY500 Value 50,20190913,3625.57,3625.57,3625.57,3625.57,374171008
NIFTY500 Value 50,20190916,3603.39,3603.39,3603.39,3603.39,331148096
NIFTY500 Value 50,20190917,3506.38,3506.38,3506.38,3506.38,440794048
NIFTY500 Value 50,20190918,3516.89,3516.89,3516.89,3516.89,377517120
NIFTY500 Value 50,20190919,3455.60,3455.60,3455.60,3455.60,359021248
NIFTY500 Value 50,20190920,3606.21,3606.21,3606.21,3606.21,719478720
NIFTY500 Value 50,20190923,3668.00,3668.00,3668.00,3668.00,463571168
NIFTY500 Value 50,20190924,3641.46,3641.46,3641.46,3641.46,363417312
NIFTY500 Value 50,20190925,3569.26,3569.26,3569.26,3569.26,354351776
NIFTY500 Value 50,20190926,3637.60,3637.60,3637.60,3637.60,463526304
NIFTY500 Value 50,20190927,3558.75,3558.75,3558.75,3558.75,325055936
NIFTY500 Value 50,20190930,3469.49,3469.49,3469.49,3469.49,383842240
NIFTY500 Value 50,20191001,3427.53,3427.53,3427.53,3427.53,466207744
NIFTY500 Value 50,20191003,3420.67,3420.67,3420.67,3420.67,390327520
NIFTY500 Value 50,20191004,3385.17,3385.17,3385.17,3385.17,342127840
NIFTY500 Value 50,20191007,3325.98,3325.98,3325.98,3325.98,331926560
NIFTY500 Value 50,20191009,3367.88,3367.88,3367.88,3367.88,322835008
NIFTY500 Value 50,20191010,3317.18,3317.18,3317.18,3317.18,336101376
NIFTY500 Value 50,20191011,3334.61,3334.61,3334.61,3334.61,369600480
NIFTY500 Value 50,20191014,3366.60,3366.60,3366.60,3366.60,361431904
NIFTY500 Value 50,20191015,3387.73,3387.73,3387.73,3387.73,379757728
NIFTY500 Value 50,20191016,3386.66,3386.66,3386.66,3386.66,326666016
NIFTY500 Value 50,20191017,3436.68,3436.68,3436.68,3436.68,402807488
NIFTY500 Value 50,20191018,3524.90,3524.90,3524.90,3524.90,640873664
NIFTY500 Value 50,20191022,3541.21,3541.21,3541.21,3541.21,447403872
NIFTY500 Value 50,20191023,3542.09,3542.09,3542.09,3542.09,332320640
NIFTY500 Value 50,20191024,3495.14,3495.14,3495.14,3495.14,297833312
NIFTY500 Value 50,20191025,3481.24,3481.24,3481.24,3481.24,303419552
NIFTY500 Value 50,20191029,3627.74,3627.74,3627.74,3627.74,491384928
NIFTY500 Value 50,20191030,3652.10,3652.10,3652.10,3652.10,408905952
NIFTY500 Value 50,20191031,3684.50,3684.50,3684.50,3684.50,423970080
NIFTY500 Value 50,20191101,3715.21,3715.21,3715.21,3715.21,354586400
NIFTY500 Value 50,20191104,3741.67,3741.67,3741.67,3741.67,360791776
NIFTY500 Value 50,20191105,3711.35,3711.35,3711.35,3711.35,298960448
NIFTY500 Value 50,20191106,3716.05,3716.05,3716.05,3716.05,292430464
NIFTY500 Value 50,20191107,3732.55,3732.55,3732.55,3732.55,371227616
NIFTY500 Value 50,20191108,3680.74,3680.74,3680.74,3680.74,349562752
NIFTY500 Value 50,20191111,3696.95,3696.95,3696.95,3696.95,321470688
NIFTY500 Value 50,20191113,3634.96,3634.96,3634.96,3634.96,327840768
NIFTY500 Value 50,20191114,3598.59,3598.59,3598.59,3598.59,296780800
NIFTY500 Value 50,20191115,3588.37,3588.37,3588.37,3588.37,257896448
NIFTY500 Value 50,20191118,3630.77,3630.77,3630.77,3630.77,261659952
NIFTY500 Value 50,20191119,3627.84,3627.84,3627.84,3627.84,212065440
NIFTY500 Value 50,20191120,3632.22,3632.22,3632.22,3632.22,272520128
NIFTY500 Value 50,20191121,3579.01,3579.01,3579.01,3579.01,303747680
NIFTY500 Value 50,20191122,3618.31,3618.31,3618.31,3618.31,299924160
NIFTY500 Value 50,20191125,3675.32,3675.32,3675.32,3675.32,313374976
NIFTY500 Value 50,20191126,3618.57,3618.57,3618.57,3618.57,407822016
NIFTY500 Value 50,20191127,3633.16,3633.16,3633.16,3633.16,227214416
NIFTY500 Value 50,20191128,3696.49,3696.49,3696.49,3696.49,406329856
NIFTY500 Value 50,20191129,3655.73,3655.73,3655.73,3655.73,410081504
NIFTY500 Value 50,20191202,3628.90,3628.90,3628.90,3628.90,292293792
NIFTY500 Value 50,20191203,3563.31,3563.31,3563.31,3563.31,249282688
NIFTY500 Value 50,20191204,3604.74,3604.74,3604.74,3604.74,322739008
NIFTY500 Value 50,20191205,3568.46,3568.46,3568.46,3568.46,218668640
NIFTY500 Value 50,20191206,3511.67,3511.67,3511.67,3511.67,247542416
NIFTY500 Value 50,20191209,3510.92,3510.92,3510.92,3510.92,244168128
NIFTY500 Value 50,20191210,3474.31,3474.31,3474.31,3474.31,255224768
NIFTY500 Value 50,20191211,3493.35,3493.35,3493.35,3493.35,233403312
NIFTY500 Value 50,20191212,3564.83,3564.83,3564.83,3564.83,298853344
NIFTY500 Value 50,20191213,3621.79,3621.79,3621.79,3621.79,409714592
NIFTY500 Value 50,20191216,3592.81,3592.81,3592.81,3592.81,230991888
NIFTY500 Value 50,20191217,3634.73,3634.73,3634.73,3634.73,299785632
NIFTY500 Value 50,20191218,3618.87,3618.87,3618.87,3618.87,312511936
NIFTY500 Value 50,20191219,3619.66,3619.66,3619.66,3619.66,264576512
NIFTY500 Value 50,20191220,3620.46,3620.46,3620.46,3620.46,340989984
NIFTY500 Value 50,20191223,3607.72,3607.72,3607.72,3607.72,271380320
NIFTY500 Value 50,20191224,3612.26,3612.26,3612.26,3612.26,231922944
NIFTY500 Value 50,20191226,3611.59,3611.59,3611.59,3611.59,299250048
NIFTY500 Value 50,20191227,3647.16,3647.16,3647.16,3647.16,369189312
NIFTY500 Value 50,20191230,3657.77,3657.77,3657.77,3657.77,341519680
NIFTY500 Value 50,20191231,3678.14,3678.14,3678.14,3678.14,379890240
NIFTY500 Value 50,20200101,3689.27,3689.27,3689.27,3689.27,290426432
NIFTY500 Value 50,20200102,3756.51,3756.51,3756.51,3756.51,466580416
NIFTY500 Value 50,20200103,3734.03,3734.03,3734.03,3734.03,380627552
NIFTY500 Value 50,20200106,3614.10,3614.10,3614.10,3614.10,349509888
NIFTY500 Value 50,20200107,3634.83,3634.83,3634.83,3634.83,381163904
NIFTY500 Value 50,20200108,3612.05,3612.05,3612.05,3612.05,396712960
NIFTY500 Value 50,20200109,3685.58,3685.58,3685.58,3685.58,411527168
NIFTY500 Value 50,20200110,3705.53,3705.53,3705.53,3705.53,595956416
NIFTY500 Value 50,20200113,3742.08,3742.08,3742.08,3742.08,413789760
NIFTY500 Value 50,20200114,3739.74,3739.74,3739.74,3739.74,553415936
NIFTY500 Value 50,20200115,3763.57,3763.57,3763.57,3763.57,641610944
NIFTY500 Value 50,20200116,3739.04,3739.04,3739.04,3739.04,361058560
NIFTY500 Value 50,20200117,3708.39,3708.39,3708.39,3708.39,348233216
NIFTY500 Value 50,20200120,3653.06,3653.06,3653.06,3653.06,436149536
NIFTY500 Value 50,20200121,3631.93,3631.93,3631.93,3631.93,349885280
NIFTY500 Value 50,20200122,3603.97,3603.97,3603.97,3603.97,465897056
NIFTY500 Value 50,20200123,3664.36,3664.36,3664.36,3664.36,975683776
NIFTY500 Value 50,20200124,3704.61,3704.61,3704.61,3704.61,562287616
NIFTY500 Value 50,20200127,3655.85,3655.85,3655.85,3655.85,364398016
NIFTY500 Value 50,20200128,3619.73,3619.73,3619.73,3619.73,372584416
NIFTY500 Value 50,20200129,3639.70,3639.70,3639.70,3639.70,385876928
NIFTY500 Value 50,20200130,3595.29,3595.29,3595.29,3595.29,432565344
NIFTY500 Value 50,20200131,3528.42,3528.42,3528.42,3528.42,577331712
NIFTY500 Value 50,20200203,3374.75,3374.75,3374.75,3374.75,475403296
NIFTY500 Value 50,20200204,3469.08,3469.08,3469.08,3469.08,420735552
NIFTY500 Value 50,20200205,3543.74,3543.74,3543.74,3543.74,586381824
NIFTY500 Value 50,20200206,3596.12,3596.12,3596.12,3596.12,496326048
NIFTY500 Value 50,20200207,3622.11,3622.11,3622.11,3622.11,418967808
NIFTY500 Value 50,20200210,3551.52,3551.52,3551.52,3551.52,498003328
NIFTY500 Value 50,20200211,3578.73,3578.73,3578.73,3578.73,434904384
NIFTY500 Value 50,20200212,3539.85,3539.85,3539.85,3539.85,435698400
NIFTY500 Value 50,20200213,3520.60,3520.60,3520.60,3520.60,418845184
NIFTY500 Value 50,20200214,3482.39,3482.39,3482.39,3482.39,480000448
NIFTY500 Value 50,20200217,3416.40,3416.40,3416.40,3416.40,397778656
NIFTY500 Value 50,20200218,3366.29,3366.29,3366.29,3366.29,643624064
NIFTY500 Value 50,20200219,3429.30,3429.30,3429.30,3429.30,424358976
NIFTY500 Value 50,20200220,3448.71,3448.71,3448.71,3448.71,499494528
NIFTY500 Value 50,20200224,3341.08,3341.08,3341.08,3341.08,414974560
NIFTY500 Value 50,20200225,3322.80,3322.80,3322.80,3322.80,374481408
NIFTY500 Value 50,20200226,3280.90,3280.90,3280.90,3280.90,487932608
NIFTY500 Value 50,20200227,3256.03,3256.03,3256.03,3256.03,522798784
NIFTY500 Value 50,20200228,3091.82,3091.82,3091.82,3091.82,608831872
NIFTY500 Value 50,20200302,3040.98,3040.98,3040.98,3040.98,544929472
NIFTY500 Value 50,20200303,3139.65,3139.65,3139.65,3139.65,567419904
NIFTY500 Value 50,20200304,3108.29,3108.29,3108.29,3108.29,596302656
NIFTY500 Value 50,20200305,3112.12,3112.12,3112.12,3112.12,1125354112
NIFTY500 Value 50,20200306,2937.67,2937.67,2937.67,2937.67,1583471232
NIFTY500 Value 50,20200309,2790.60,2790.60,2790.60,2790.60,1314859136
NIFTY500 Value 50,20200311,2778.25,2778.25,2778.25,2778.25,935789504
NIFTY500 Value 50,20200312,2503.08,2503.08,2503.08,2503.08,1030734656
NIFTY500 Value 50,20200313,2616.23,2616.23,2616.23,2616.23,1014065408
NIFTY500 Value 50,20200316,2494.14,2494.14,2494.14,2494.14,671881472
NIFTY500 Value 50,20200317,2518.45,2518.45,2518.45,2518.45,675055296
NIFTY500 Value 50,20200318,2433.16,2433.16,2433.16,2433.16,1093081856
NIFTY500 Value 50,20200319,2258.62,2258.62,2258.62,2258.62,559147328
NIFTY500 Value 50,20200320,2398.60,2398.60,2398.60,2398.60,771050240
NIFTY500 Value 50,20200323,2135.52,2135.52,2135.52,2135.52,347045472
NIFTY500 Value 50,20200324,2114.85,2114.85,2114.85,2114.85,346375200
NIFTY500 Value 50,20200325,2179.16,2179.16,2179.16,2179.16,288162112
NIFTY500 Value 50,20200326,2230.70,2230.70,2230.70,2230.70,448356896
NIFTY500 Value 50,20200327,2212.32,2212.32,2212.32,2212.32,414885504
NIFTY500 Value 50,20200330,2177.77,2177.77,2177.77,2177.77,286655136
NIFTY500 Value 50,20200331,2299.01,2299.01,2299.01,2299.01,427568128
NIFTY500 Value 50,20200401,2261.06,2261.06,2261.06,2261.06,269452224
NIFTY500 Value 50,20200403,2259.72,2259.72,2259.72,2259.72,301884352
NIFTY500 Value 50,20200407,2376.49,2376.49,2376.49,2376.49,405616928
NIFTY500 Value 50,20200408,2399.51,2399.51,2399.51,2399.51,460541568
NIFTY500 Value 50,20200409,2486.20,2486.20,2486.20,2486.20,339274240
NIFTY500 Value 50,20200413,2492.48,2492.48,2492.48,2492.48,382180416
NIFTY500 Value 50,20200415,2498.35,2498.35,2498.35,2498.35,470506240
NIFTY500 Value 50,20200416,2554.26,2554.26,2554.26,2554.26,395794592
NIFTY500 Value 50,20200417,2612.14,2612.14,2612.14,2612.14,426815296
NIFTY500 Value 50,20200420,2595.55,2595.55,2595.55,2595.55,472070304
NIFTY500 Value 50,20200421,2494.25,2494.25,2494.25,2494.25,383818912
NIFTY500 Value 50,20200422,2487.28,2487.28,2487.28,2487.28,399499168
NIFTY500 Value 50,20200423,2510.61,2510.61,2510.61,2510.61,304204384
NIFTY500 Value 50,20200424,2449.23,2449.23,2449.23,2449.23,386224128
NIFTY500 Value 50,20200427,2464.16,2464.16,2464.16,2464.16,263523888
NIFTY500 Value 50,20200428,2476.58,2476.58,2476.58,2476.58,297813184
NIFTY500 Value 50,20200429,2539.08,2539.08,2539.08,2539.08,424784288
NIFTY500 Value 50,20200430,2652.01,2652.01,2652.01,2652.01,558193792
NIFTY500 Value 50,20200504,2500.79,2500.79,2500.79,2500.79,439624320
NIFTY500 Value 50,20200505,2491.26,2491.26,2491.26,2491.26,434097248
NIFTY500 Value 50,20200506,2485.83,2485.83,2485.83,2485.83,381107392
NIFTY500 Value 50,20200507,2467.14,2467.14,2467.14,2467.14,286796704
NIFTY500 Value 50,20200508,2432.10,2432.10,2432.10,2432.10,308544256
NIFTY500 Value 50,20200511,2449.12,2449.12,2449.12,2449.12,300040896
NIFTY500 Value 50,20200512,2457.50,2457.50,2457.50,2457.50,427130848
NIFTY500 Value 50,20200513,2558.71,2558.71,2558.71,2558.71,892730688
NIFTY500 Value 50,20200514,2516.96,2516.96,2516.96,2516.96,663933184
NIFTY500 Value 50,20200515,2531.64,2531.64,2531.64,2531.64,502971264
NIFTY500 Value 50,20200518,2428.11,2428.11,2428.11,2428.11,521633824
NIFTY500 Value 50,20200519,2450.50,2450.50,2450.50,2450.50,415566656
NIFTY500 Value 50,20200520,2476.69,2476.69,2476.69,2476.69,392968320
NIFTY500 Value 50,20200521,2487.40,2487.40,2487.40,2487.40,381059680
NIFTY500 Value 50,20200522,2454.86,2454.86,2454.86,2454.86,345335072
NIFTY500 Value 50,20200526,2471.25,2471.25,2471.25,2471.25,333316864
NIFTY500 Value 50,20200527,2525.58,2525.58,2525.58,2525.58,381105568
NIFTY500 Value 50,20200528,2570.84,2570.84,2570.84,2570.84,454921600
NIFTY500 Value 50,20200529,2616.37,2616.37,2616.37,2616.37,735014272
NIFTY500 Value 50,20200601,2693.41,2693.41,2693.41,2693.41,586086848
NIFTY500 Value 50,20200602,2708.22,2708.22,2708.22,2708.22,466801344
NIFTY500 Value 50,20200603,2719.31,2719.31,2719.31,2719.31,591203584
NIFTY500 Value 50,20200604,2726.98,2726.98,2726.98,2726.98,571231360
NIFTY500 Value 50,20200605,2837.62,2837.62,2837.62,2837.62,636436032
NIFTY500 Value 50,20200608,2878.79,2878.79,2878.79,2878.79,643489152
NIFTY500 Value 50,20200609,2842.96,2842.96,2842.96,2842.96,589226048
NIFTY500 Value 50,20200610,2868.21,2868.21,2868.21,2868.21,515173952
NIFTY500 Value 50,20200611,2798.10,2798.10,2798.10,2798.10,462666912
NIFTY500 Value 50,20200612,2819.09,2819.09,2819.09,2819.09,508136864
NIFTY500 Value 50,20200615,2777.94,2777.94,2777.94,2777.94,503273504
NIFTY500 Value 50,20200616,2774.34,2774.34,2774.34,2774.34,485482560
NIFTY500 Value 50,20200617,2763.13,2763.13,2763.13,2763.13,423741728
NIFTY500 Value 50,20200618,2829.40,2829.40,2829.40,2829.40,649430976
NIFTY500 Value 50,20200619,2886.37,2886.37,2886.37,2886.37,669020416
NIFTY500 Value 50,20200622,2998.23,2998.23,2998.23,2998.23,652848832
NIFTY500 Value 50,20200623,3055.90,3055.90,3055.90,3055.90,638195776
NIFTY500 Value 50,20200624,2985.27,2985.27,2985.27,2985.27,921919360
NIFTY500 Value 50,20200625,2989.15,2989.15,2989.15,2989.15,907192960
NIFTY500 Value 50,20200626,3027.94,3027.94,3027.94,3027.94,636437568
NIFTY500 Value 50,20200629,2952.86,2952.86,2952.86,2952.86,467714272
NIFTY500 Value 50,20200630,2912.74,2912.74,2912.74,2912.74,521756032
NIFTY500 Value 50,20200701,2938.51,2938.51,2938.51,2938.51,500258880
NIFTY500 Value 50,20200702,2966.87,2966.87,2966.87,2966.87,548096384
NIFTY500 Value 50,20200703,2978.83,2978.83,2978.83,2978.83,547719296
NIFTY500 Value 50,20200706,3037.07,3037.07,3037.07,3037.07,716248768
NIFTY500 Value 50,20200707,3007.26,3007.26,3007.26,3007.26,601924992
NIFTY500 Value 50,20200708,3014.82,3014.82,3014.82,3014.82,867058304
NIFTY500 Value 50,20200709,3033.08,3033.08,3033.08,3033.08,565844224
NIFTY500 Value 50,20200710,3007.99,3007.99,3007.99,3007.99,523151456
NIFTY500 Value 50,20200713,3022.77,3022.77,3022.77,3022.77,498323968
NIFTY500 Value 50,20200714,2945.22,2945.22,2945.22,2945.22,467225440
NIFTY500 Value 50,20200715,2913.90,2913.90,2913.90,2913.90,374309888
NIFTY500 Value 50,20200716,2932.58,2932.58,2932.58,2932.58,384744064
NIFTY500 Value 50,20200717,3014.25,3014.25,3014.25,3014.25,603043072
NIFTY500 Value 50,20200720,3023.91,3023.91,3023.91,3023.91,333699104
NIFTY500 Value 50,20200721,3067.55,3067.55,3067.55,3067.55,505638304
NIFTY500 Value 50,20200722,3055.98,3055.98,3055.98,3055.98,486184064
NIFTY500 Value 50,20200723,3076.64,3076.64,3076.64,3076.64,330560448
NIFTY500 Value 50,20200724,3029.33,3029.33,3029.33,3029.33,356290304
NIFTY500 Value 50,20200727,3004.11,3004.11,3004.11,3004.11,341525408
NIFTY500 Value 50,20200728,3031.61,3031.61,3031.61,3031.61,361370848
NIFTY500 Value 50,20200729,3047.28,3047.28,3047.28,3047.28,470275040
NIFTY500 Value 50,20200730,2977.83,2977.83,2977.83,2977.83,490982784
NIFTY500 Value 50,20200731,2967.28,2967.28,2967.28,2967.28,365641152
NIFTY500 Value 50,20200803,2955.76,2955.76,2955.76,2955.76,341057792
NIFTY500 Value 50,20200804,2972.88,2972.88,2972.88,2972.88,344150016
NIFTY500 Value 50,20200805,3015.60,3015.60,3015.60,3015.60,455812480
NIFTY500 Value 50,20200806,3047.46,3047.46,3047.46,3047.46,435022784
NIFTY500 Value 50,20200807,3058.82,3058.82,3058.82,3058.82,360443584
NIFTY500 Value 50,20200810,3099.98,3099.98,3099.98,3099.98,373189856
NIFTY500 Value 50,20200811,3124.17,3124.17,3124.17,3124.17,490523648
NIFTY500 Value 50,20200812,3129.74,3129.74,3129.74,3129.74,479481056
NIFTY500 Value 50,20200813,3172.10,3172.10,3172.10,3172.10,799979520
NIFTY500 Value 50,20200814,3144.53,3144.53,3144.53,3144.53,641716736
NIFTY500 Value 50,20200817,3205.20,3205.20,3205.20,3205.20,492693600
NIFTY500 Value 50,20200818,3250.69,3250.69,3250.69,3250.69,486357440
NIFTY500 Value 50,20200819,3276.99,3276.99,3276.99,3276.99,649313920
NIFTY500 Value 50,20200820,3340.06,3340.06,3340.06,3340.06,800652800
NIFTY500 Value 50,20200821,3347.07,3347.07,3347.07,3347.07,736157056
NIFTY500 Value 50,20200824,3334.40,3334.40,3334.40,3334.40,413430656
NIFTY500 Value 50,20200825,3344.70,3344.70,3344.70,3344.70,510686944
NIFTY500 Value 50,20200826,3361.85,3361.85,3361.85,3361.85,495564192
NIFTY500 Value 50,20200827,3362.45,3362.45,3362.45,3362.45,468957952
NIFTY500 Value 50,20200828,3378.87,3378.87,3378.87,3378.87,685320576
NIFTY500 Value 50,20200831,3235.02,3235.02,3235.02,3235.02,787161024
NIFTY500 Value 50,20200901,3270.48,3270.48,3270.48,3270.48,482278784
NIFTY500 Value 50,20200902,3301.30,3301.30,3301.30,3301.30,343760544
NIFTY500 Value 50,20200903,3303.06,3303.06,3303.06,3303.06,310327168
NIFTY500 Value 50,20200904,3228.59,3228.59,3228.59,3228.59,387631808
NIFTY500 Value 50,20200907,3216.00,3216.00,3216.00,3216.00,301715136
NIFTY500 Value 50,20200908,3159.28,3159.28,3159.28,3159.28,359168160
NIFTY500 Value 50,20200909,3138.24,3138.24,3138.24,3138.24,432791040
NIFTY500 Value 50,20200910,3166.13,3166.13,3166.13,3166.13,380909664
NIFTY500 Value 50,20200911,3176.15,3176.15,3176.15,3176.15,300957344
NIFTY500 Value 50,20200914,3185.73,3185.73,3185.73,3185.73,400130784
NIFTY500 Value 50,20200915,3205.90,3205.90,3205.90,3205.90,377486464
NIFTY500 Value 50,20200916,3205.58,3205.58,3205.58,3205.58,348512800
NIFTY500 Value 50,20200917,3177.94,3177.94,3177.94,3177.94,344485760
NIFTY500 Value 50,20200918,3186.94,3186.94,3186.94,3186.94,441300416
NIFTY500 Value 50,20200921,3040.21,3040.21,3040.21,3040.21,417702816
NIFTY500 Value 50,20200922,2991.69,2991.69,2991.69,2991.69,514900160
NIFTY500 Value 50,20200923,2973.50,2973.50,2973.50,2973.50,372475776
NIFTY500 Value 50,20200924,2847.52,2847.52,2847.52,2847.52,431496352
NIFTY500 Value 50,20200925,2946.37,2946.37,2946.37,2946.37,497193792
NIFTY500 Value 50,20200928,3024.23,3024.23,3024.23,3024.23,395759488
NIFTY500 Value 50,20200929,3009.31,3009.31,3009.31,3009.31,416300704
NIFTY500 Value 50,20200930,2979.26,2979.26,2979.26,2979.26,367463968
NIFTY500 Value 50,20201001,2998.10,2998.10,2998.10,2998.10,303502016
NIFTY500 Value 50,20201005,3005.33,3005.33,3005.33,3005.33,282440800
NIFTY500 Value 50,20201006,3005.73,3005.73,3005.73,3005.73,260606704
NIFTY500 Value 50,20201007,2977.02,2977.02,2977.02,2977.02,330054624
NIFTY500 Value 50,20201008,2971.42,2971.42,2971.42,2971.42,331333504
NIFTY500 Value 50,20201009,2976.36,2976.36,2976.36,2976.36,350085472
NIFTY500 Value 50,20201012,2936.14,2936.14,2936.14,2936.14,260666160
NIFTY500 Value 50,20201013,2926.62,2926.62,2926.62,2926.62,228961488
NIFTY500 Value 50,20201014,2919.62,2919.62,2919.62,2919.62,365505120
NIFTY500 Value 50,20201015,2885.60,2885.60,2885.60,2885.60,338993984
NIFTY500 Value 50,20201016,2942.87,2942.87,2942.87,2942.87,304940384
NIFTY500 Value 50,20201019,2990.64,2990.64,2990.64,2990.64,299167232
NIFTY500 Value 50,20201020,2978.10,2978.10,2978.10,2978.10,213982272
NIFTY500 Value 50,20201021,3013.99,3013.99,3013.99,3013.99,345451360
NIFTY500 Value 50,20201022,3047.47,3047.47,3047.47,3047.47,357035552
NIFTY500 Value 50,20201023,3065.88,3065.88,3065.88,3065.88,361299552
NIFTY500 Value 50,20201026,3009.61,3009.61,3009.61,3009.61,303852096
NIFTY500 Value 50,20201027,3024.10,3024.10,3024.10,3024.10,393619456
NIFTY500 Value 50,20201028,2985.09,2985.09,2985.09,2985.09,297956416
NIFTY500 Value 50,20201029,2964.24,2964.24,2964.24,2964.24,306906656
NIFTY500 Value 50,20201030,3000.87,3000.87,3000.87,3000.87,405727648
NIFTY500 Value 50,20201102,3003.56,3003.56,3003.56,3003.56,267042448
NIFTY500 Value 50,20201103,3025.11,3025.11,3025.11,3025.11,379513120
NIFTY500 Value 50,20201104,3014.74,3014.74,3014.74,3014.74,275765440
NIFTY500 Value 50,20201105,3118.04,3118.04,3118.04,3118.04,490522848
NIFTY500 Value 50,20201106,3135.13,3135.13,3135.13,3135.13,372885056
NIFTY500 Value 50,20201109,3172.52,3172.52,3172.52,3172.52,357803072
NIFTY500 Value 50,20201110,3217.30,3217.30,3217.30,3217.30,477869248
NIFTY500 Value 50,20201111,3267.41,3267.41,3267.41,3267.41,532942400
NIFTY500 Value 50,20201112,3290.09,3290.09,3290.09,3290.09,479777152
NIFTY500 Value 50,20201113,3328.48,3328.48,3328.48,3328.48,344852128
NIFTY500 Value 50,20201117,3378.35,3378.35,3378.35,3378.35,469833024
NIFTY500 Value 50,20201118,3402.48,3402.48,3402.48,3402.48,466831328
NIFTY500 Value 50,20201119,3393.48,3393.48,3393.48,3393.48,551175488
NIFTY500 Value 50,20201120,3403.75,3403.75,3403.75,3403.75,427519008
NIFTY500 Value 50,20201123,3472.06,3472.06,3472.06,3472.06,560261824
NIFTY500 Value 50,20201124,3496.93,3496.93,3496.93,3496.93,469818368
NIFTY500 Value 50,20201125,3480.13,3480.13,3480.13,3480.13,605842816
NIFTY500 Value 50,20201126,3544.79,3544.79,3544.79,3544.79,481061184
NIFTY500 Value 50,20201127,3562.19,3562.19,3562.19,3562.19,967648832
NIFTY500 Value 50,20201201,3618.49,3618.49,3618.49,3618.49,514119040
NIFTY500 Value 50,20201202,3668.29,3668.29,3668.29,3668.29,634139328
NIFTY500 Value 50,20201203,3767.69,3767.69,3767.69,3767.69,728209664
NIFTY500 Value 50,20201204,3802.91,3802.91,3802.91,3802.91,743202624
NIFTY500 Value 50,20201207,3851.08,3851.08,3851.08,3851.08,552370752
NIFTY500 Value 50,20201208,3827.49,3827.49,3827.49,3827.49,690654720
NIFTY500 Value 50,20201209,3856.36,3856.36,3856.36,3856.36,710153344
NIFTY500 Value 50,20201210,3821.96,3821.96,3821.96,3821.96,508977856
NIFTY500 Value 50,20201211,3873.83,3873.83,3873.83,3873.83,750564800
NIFTY500 Value 50,20201214,3957.30,3957.30,3957.30,3957.30,558103104
NIFTY500 Value 50,20201215,3945.20,3945.20,3945.20,3945.20,527062496
NIFTY500 Value 50,20201216,3997.84,3997.84,3997.84,3997.84,650438656
NIFTY500 Value 50,20201217,3958.37,3958.37,3958.37,3958.37,488642080
NIFTY500 Value 50,20201218,3936.53,3936.53,3936.53,3936.53,512115232
NIFTY500 Value 50,20201221,3673.67,3673.67,3673.67,3673.67,639786944
NIFTY500 Value 50,20201222,3713.24,3713.24,3713.24,3713.24,643590080
NIFTY500 Value 50,20201223,3797.62,3797.62,3797.62,3797.62,430981856
NIFTY500 Value 50,20201224,3831.60,3831.60,3831.60,3831.60,489754240
NIFTY500 Value 50,20201228,3902.26,3902.26,3902.26,3902.26,423207936
NIFTY500 Value 50,20201229,3888.78,3888.78,3888.78,3888.78,402965728
NIFTY500 Value 50,20201230,3898.41,3898.41,3898.41,3898.41,422099232
NIFTY500 Value 50,20201231,3911.12,3911.12,3911.12,3911.12,564402880
NIFTY500 Value 50,20210101,3954.18,3954.18,3954.18,3954.18,803064256
NIFTY500 Value 50,20210104,4068.50,4068.50,4068.50,4068.50,1097779712
NIFTY500 Value 50,20210105,4057.13,4057.13,4057.13,4057.13,844892864
NIFTY500 Value 50,20210106,4083.58,4083.58,4083.58,4083.58,1009996096
NIFTY500 Value 50,20210107,4155.14,4155.14,4155.14,4155.14,918067904
NIFTY500 Value 50,20210108,4186.47,4186.47,4186.47,4186.47,794521856
NIFTY500 Value 50,20210111,4192.90,4192.90,4192.90,4192.90,745957632
NIFTY500 Value 50,20210112,4281.97,4281.97,4281.97,4281.97,1328804608
NIFTY500 Value 50,20210113,4320.96,4320.96,4320.96,4320.96,1343977856
NIFTY500 Value 50,20210114,4330.50,4330.50,4330.50,4330.50,1074156032
NIFTY500 Value 50,20210115,4291.69,4291.69,4291.69,4291.69,1287558784
NIFTY500 Value 50,20210118,4150.24,4150.24,4150.24,4150.24,929905472
NIFTY500 Value 50,20210119,4258.82,4258.82,4258.82,4258.82,718609024
NIFTY500 Value 50,20210120,4292.18,4292.18,4292.18,4292.18,854869504
NIFTY500 Value 50,20210121,4227.16,4227.16,4227.16,4227.16,973621056
NIFTY500 Value 50,20210122,4137.91,4137.91,4137.91,4137.91,1135016960
NIFTY500 Value 50,20210125,4092.18,4092.18,4092.18,4092.18,811836928
NIFTY500 Value 50,20210127,4009.99,4009.99,4009.99,4009.99,835523456
NIFTY500 Value 50,20210128,4003.02,4003.02,4003.02,4003.02,1051656448
NIFTY500 Value 50,20210129,3961.39,3961.39,3961.39,3961.39,1068086080
NIFTY500 Value 50,20210201,4135.50,4135.50,4135.50,4135.50,1223982720
NIFTY500 Value 50,20210202,4283.45,4283.45,4283.45,4283.45,1181504384
NIFTY500 Value 50,20210203,4368.05,4368.05,4368.05,4368.05,1252628864
NIFTY500 Value 50,20210204,4454.84,4454.84,4454.84,4454.84,1477030656
NIFTY500 Value 50,20210205,4425.40,4425.40,4425.40,4425.40,1442869376
NIFTY500 Value 50,20210208,4516.52,4516.52,4516.52,4516.52,1066767744
NIFTY500 Value 50,20210209,4497.24,4497.24,4497.24,4497.24,1203108224
NIFTY500 Value 50,20210210,4509.51,4509.51,4509.51,4509.51,1031237632
NIFTY500 Value 50,20210211,4520.01,4520.01,4520.01,4520.01,731512576
NIFTY500 Value 50,20210212,4479.97,4479.97,4479.97,4479.97,669504960
NIFTY500 Value 50,20210215,4505.32,4505.32,4505.32,4505.32,660311552
NIFTY500 Value 50,20210216,4578.26,4578.26,4578.26,4578.26,950977536
NIFTY500 Value 50,20210217,4606.49,4606.49,4606.49,4606.49,1329734912
NIFTY500 Value 50,20210218,4724.97,4724.97,4724.97,4724.97,1742127616
NIFTY500 Value 50,20210219,4649.10,4649.10,4649.10,4649.10,1649316864
NIFTY500 Value 50,20210222,4611.99,4611.99,4611.99,4611.99,985354368
NIFTY500 Value 50,20210223,4716.34,4716.34,4716.34,4716.34,1195395072
NIFTY500 Value 50,20210224,4774.89,4774.89,4774.89,4774.89,691662336
NIFTY500 Value 50,20210225,4946.61,4946.61,4946.61,4946.61,1442085632
NIFTY500 Value 50,20210226,4808.61,4808.61,4808.61,4808.61,1653345152
NIFTY500 Value 50,20210301,4895.99,4895.99,4895.99,4895.99,1043668224
NIFTY500 Value 50,20210302,4957.70,4957.70,4957.70,4957.70,1078217600
NIFTY500 Value 50,20210303,5064.75,5064.75,5064.75,5064.75,1077925760
NIFTY500 Value 50,20210304,5037.04,5037.04,5037.04,5037.04,1233947776
NIFTY500 Value 50,20210305,4924.31,4924.31,4924.31,4924.31,1051127424
NIFTY500 Value 50,20210308,4986.49,4986.49,4986.49,4986.49,878457536
NIFTY500 Value 50,20210309,4906.60,4906.60,4906.60,4906.60,938391232
NIFTY500 Value 50,20210310,4940.57,4940.57,4940.57,4940.57,623895744
NIFTY500 Value 50,20210312,4944.83,4944.83,4944.83,4944.83,887935040
NIFTY500 Value 50,20210315,4940.67,4940.67,4940.67,4940.67,820278912
NIFTY500 Value 50,20210316,4934.48,4934.48,4934.48,4934.48,686023616
NIFTY500 Value 50,20210317,4768.66,4768.66,4768.66,4768.66,680914880
NIFTY500 Value 50,20210318,4713.14,4713.14,4713.14,4713.14,926239488
NIFTY500 Value 50,20210319,4773.79,4773.79,4773.79,4773.79,1215568640
NIFTY500 Value 50,20210322,4770.99,4770.99,4770.99,4770.99,642438464
NIFTY500 Value 50,20210323,4770.04,4770.04,4770.04,4770.04,645641664
NIFTY500 Value 50,20210324,4624.87,4624.87,4624.87,4624.87,658613824
NIFTY500 Value 50,20210325,4543.42,4543.42,4543.42,4543.42,991643968
NIFTY500 Value 50,20210326,4623.32,4623.32,4623.32,4623.32,764257216
NIFTY500 Value 50,20210330,4677.39,4677.39,4677.39,4677.39,809300992
NIFTY500 Value 50,20210331,4705.55,4705.55,4705.55,4705.55,637929152
NIFTY500 Value 50,20210401,4834.74,4834.74,4834.74,4834.74,699895872
NIFTY500 Value 50,20210405,4758.34,4758.34,4758.34,4758.34,774165824
NIFTY500 Value 50,20210406,4799.58,4799.58,4799.58,4799.58,682334272
NIFTY500 Value 50,20210407,4849.28,4849.28,4849.28,4849.28,603631168
NIFTY500 Value 50,20210408,4898.74,4898.74,4898.74,4898.74,790846208
NIFTY500 Value 50,20210409,4870.29,4870.29,4870.29,4870.29,727565184
NIFTY500 Value 50,20210412,4541.25,4541.25,4541.25,4541.25,1075196288
NIFTY500 Value 50,20210413,4685.45,4685.45,4685.45,4685.45,854016512
NIFTY500 Value 50,20210415,4692.43,4692.43,4692.43,4692.43,755563968
NIFTY500 Value 50,20210416,4727.24,4727.24,4727.24,4727.24,620621056
NIFTY500 Value 50,20210419,4598.64,4598.64,4598.64,4598.64,675991168
NIFTY500 Value 50,20210420,4591.23,4591.23,4591.23,4591.23,570924480
NIFTY500 Value 50,20210422,4621.31,4621.31,4621.31,4621.31,623990208
NIFTY500 Value 50,20210423,4623.12,4623.12,4623.12,4623.12,688121088
NIFTY500 Value 50,20210426,4670.26,4670.26,4670.26,4670.26,607790656
NIFTY500 Value 50,20210427,4756.75,4756.75,4756.75,4756.75,642178368
NIFTY500 Value 50,20210428,4784.96,4784.96,4784.96,4784.96,587235072
NIFTY500 Value 50,20210429,4820.80,4820.80,4820.80,4820.80,844966592
NIFTY500 Value 50,20210430,4867.47,4867.47,4867.47,4867.47,1009365760
NIFTY500 Value 50,20210503,4905.73,4905.73,4905.73,4905.73,857484800
NIFTY500 Value 50,20210504,4903.57,4903.57,4903.57,4903.57,1484638208
NIFTY500 Value 50,20210505,4952.30,4952.30,4952.30,4952.30,911662272
NIFTY500 Value 50,20210506,5000.97,5000.97,5000.97,5000.97,873564992
NIFTY500 Value 50,20210507,5105.98,5105.98,5105.98,5105.98,1103560576
NIFTY500 Value 50,20210510,5266.66,5266.66,5266.66,5266.66,1408964864
NIFTY500 Value 50,20210511,5354.88,5354.88,5354.88,5354.88,1858504832
NIFTY500 Value 50,20210512,5312.94,5312.94,5312.94,5312.94,1822904320
NIFTY500 Value 50,20210514,5163.73,5163.73,5163.73,5163.73,1318395392
NIFTY500 Value 50,20210517,5244.82,5244.82,5244.82,5244.82,932838848
NIFTY500 Value 50,20210518,5314.22,5314.22,5314.22,5314.22,910771072
NIFTY500 Value 50,20210519,5295.06,5295.06,5295.06,5295.06,943287872
NIFTY500 Value 50,20210520,5217.89,5217.89,5217.89,5217.89,1262901376
NIFTY500 Value 50,20210521,5266.91,5266.91,5266.91,5266.91,990173248
NIFTY500 Value 50,20210524,5318.09,5318.09,5318.09,5318.09,1142656512
NIFTY500 Value 50,20210525,5334.84,5334.84,5334.84,5334.84,889783936
NIFTY500 Value 50,20210526,5305.42,5305.42,5305.42,5305.42,754821824
NIFTY500 Value 50,20210527,5321.34,5321.34,5321.34,5321.34,1316788224
NIFTY500 Value 50,20210528,5353.74,5353.74,5353.74,5353.74,1011127808
NIFTY500 Value 50,20210531,5402.19,5402.19,5402.19,5402.19,937901504
NIFTY500 Value 50,20210601,5375.79,5375.79,5375.79,5375.79,834957504
NIFTY500 Value 50,20210602,5443.51,5443.51,5443.51,5443.51,919331392
NIFTY500 Value 50,20210603,5489.60,5489.60,5489.60,5489.60,791921216
NIFTY500 Value 50,20210604,5578.54,5578.54,5578.54,5578.54,842212928
NIFTY500 Value 50,20210607,5637.30,5637.30,5637.30,5637.30,1029033920
NIFTY500 Value 50,20210608,5633.71,5633.71,5633.71,5633.71,777464576
NIFTY500 Value 50,20210609,5617.80,5617.80,5617.80,5617.80,1442302592
NIFTY500 Value 50,20210610,5680.86,5680.86,5680.86,5680.86,964896832
NIFTY500 Value 50,20210611,5713.65,5713.65,5713.65,5713.65,890024768
NIFTY500 Value 50,20210614,5707.16,5707.16,5707.16,5707.16,1051797248
NIFTY500 Value 50,20210615,5713.71,5713.71,5713.71,5713.71,772882624
NIFTY500 Value 50,20210616,5664.47,5664.47,5664.47,5664.47,863984000
NIFTY500 Value 50,20210617,5572.39,5572.39,5572.39,5572.39,699620288
NIFTY500 Value 50,20210618,5477.83,5477.83,5477.83,5477.83,1076131584
NIFTY500 Value 50,20210621,5531.01,5531.01,5531.01,5531.01,892789952
NIFTY500 Value 50,20210622,5549.84,5549.84,5549.84,5549.84,881545728
NIFTY500 Value 50,20210623,5509.97,5509.97,5509.97,5509.97,731112576
NIFTY500 Value 50,20210624,5476.10,5476.10,5476.10,5476.10,507413280
NIFTY500 Value 50,20210625,5545.68,5545.68,5545.68,5545.68,635700224
NIFTY500 Value 50,20210628,5593.46,5593.46,5593.46,5593.46,902787072
NIFTY500 Value 50,20210629,5542.60,5542.60,5542.60,5542.60,776279296
NIFTY500 Value 50,20210630,5544.28,5544.28,5544.28,5544.28,574809088
NIFTY500 Value 50,20210701,5537.69,5537.69,5537.69,5537.69,446265632
NIFTY500 Value 50,20210702,5543.73,5543.73,5543.73,5543.73,490245376
NIFTY500 Value 50,20210705,5605.64,5605.64,5605.64,5605.64,505830656
NIFTY500 Value 50,20210706,5537.76,5537.76,5537.76,5537.76,664842240
NIFTY500 Value 50,20210707,5570.98,5570.98,5570.98,5570.98,701088832
NIFTY500 Value 50,20210708,5515.36,5515.36,5515.36,5515.36,610239744
NIFTY500 Value 50,20210709,5551.95,5551.95,5551.95,5551.95,464129376
NIFTY500 Value 50,20210712,5571.22,5571.22,5571.22,5571.22,521992064
NIFTY500 Value 50,20210713,5620.41,5620.41,5620.41,5620.41,436761472
NIFTY500 Value 50,20210714,5607.44,5607.44,5607.44,5607.44,390818848
NIFTY500 Value 50,20210715,5593.02,5593.02,5593.02,5593.02,409004320
NIFTY500 Value 50,20210716,5622.08,5622.08,5622.08,5622.08,508632352
NIFTY500 Value 50,20210719,5593.36,5593.36,5593.36,5593.36,575824704
NIFTY500 Value 50,20210720,5510.41,5510.41,5510.41,5510.41,481754272
NIFTY500 Value 50,20210722,5589.86,5589.86,5589.86,5589.86,487629504
NIFTY500 Value 50,20210723,5569.37,5569.37,5569.37,5569.37,483944992
NIFTY500 Value 50,20210726,5569.19,5569.19,5569.19,5569.19,414141920
NIFTY500 Value 50,20210727,5547.85,5547.85,5547.85,5547.85,484632960
NIFTY500 Value 50,20210728,5531.50,5531.50,5531.50,5531.50,529140608
NIFTY500 Value 50,20210729,5637.03,5637.03,5637.03,5637.03,811633600
NIFTY500 Value 50,20210730,5640.08,5640.08,5640.08,5640.08,618543872
NIFTY500 Value 50,20210802,5706.58,5706.58,5706.58,5706.58,589713152
NIFTY500 Value 50,20210803,5717.11,5717.11,5717.11,5717.11,545233600
NIFTY500 Value 50,20210804,5666.32,5666.32,5666.32,5666.32,548276352
NIFTY500 Value 50,20210805,5656.61,5656.61,5656.61,5656.61,587690560
NIFTY500 Value 50,20210806,5688.33,5688.33,5688.33,5688.33,584811264
NIFTY500 Value 50,20210809,5611.65,5611.65,5611.65,5611.65,544179456
NIFTY500 Value 50,20210810,5498.75,5498.75,5498.75,5498.75,522627040
NIFTY500 Value 50,20210811,5563.13,5563.13,5563.13,5563.13,555381760
NIFTY500 Value 50,20210812,5609.92,5609.92,5609.92,5609.92,421370816
NIFTY500 Value 50,20210813,5608.58,5608.58,5608.58,5608.58,455295328
NIFTY500 Value 50,20210816,5626.20,5626.20,5626.20,5626.20,352544576
NIFTY500 Value 50,20210817,5549.27,5549.27,5549.27,5549.27,392427264
NIFTY500 Value 50,20210818,5524.62,5524.62,5524.62,5524.62,392834816
NIFTY500 Value 50,20210820,5331.28,5331.28,5331.28,5331.28,544028416
NIFTY500 Value 50,20210823,5263.79,5263.79,5263.79,5263.79,514629824
NIFTY500 Value 50,20210824,5373.55,5373.55,5373.55,5373.55,524943808
NIFTY500 Value 50,20210825,5409.65,5409.65,5409.65,5409.65,437355168
NIFTY500 Value 50,20210826,5371.15,5371.15,5371.15,5371.15,432756608
NIFTY500 Value 50,20210827,5422.33,5422.33,5422.33,5422.33,444701376
NIFTY500 Value 50,20210830,5531.06,5531.06,5531.06,5531.06,439095840
NIFTY500 Value 50,20210831,5583.10,5583.10,5583.10,5583.10,552740288
NIFTY500 Value 50,20210901,5574.81,5574.81,5574.81,5574.81,560899520
NIFTY500 Value 50,20210902,5583.72,5583.72,5583.72,5583.72,381635584
NIFTY500 Value 50,20210903,5650.45,5650.45,5650.45,5650.45,478694528
NIFTY500 Value 50,20210906,5645.76,5645.76,5645.76,5645.76,447456768
NIFTY500 Value 50,20210907,5606.92,5606.92,5606.92,5606.92,342287232
NIFTY500 Value 50,20210908,5647.98,5647.98,5647.98,5647.98,360722560
NIFTY500 Value 50,20210909,5688.59,5688.59,5688.59,5688.59,373298016
NIFTY500 Value 50,20210913,5742.46,5742.46,5742.46,5742.46,380279296
NIFTY500 Value 50,20210914,5777.78,5777.78,5777.78,5777.78,413579776
NIFTY500 Value 50,20210915,5872.14,5872.14,5872.14,5872.14,619551040
NIFTY500 Value 50,20210916,5900.80,5900.80,5900.80,5900.80,705625728
NIFTY500 Value 50,20210917,5804.17,5804.17,5804.17,5804.17,818742272
NIFTY500 Value 50,20210920,5601.78,5601.78,5601.78,5601.78,525295776
NIFTY500 Value 50,20210921,5655.29,5655.29,5655.29,5655.29,530455968
NIFTY500 Value 50,20210922,5742.04,5742.04,5742.04,5742.04,473872576
NIFTY500 Value 50,20210923,5840.98,5840.98,5840.98,5840.98,478631264
NIFTY500 Value 50,20210924,5791.25,5791.25,5791.25,5791.25,495826816
NIFTY500 Value 50,20210927,5859.11,5859.11,5859.11,5859.11,435640800
NIFTY500 Value 50,20210928,5959.19,5959.19,5959.19,5959.19,731060352
NIFTY500 Value 50,20210929,6111.91,6111.91,6111.91,6111.91,1203689472
NIFTY500 Value 50,20210930,6117.47,6117.47,6117.47,6117.47,902202304
NIFTY500 Value 50,20211001,6130.85,6130.85,6130.85,6130.85,777443456
NIFTY500 Value 50,20211004,6234.16,6234.16,6234.16,6234.16,772863808
NIFTY500 Value 50,20211005,6323.82,6323.82,6323.82,6323.82,890568832
NIFTY500 Value 50,20211006,6253.02,6253.02,6253.02,6253.02,815114368
NIFTY500 Value 50,20211007,6285.10,6285.10,6285.10,6285.10,633338304
NIFTY500 Value 50,20211008,6291.70,6291.70,6291.70,6291.70,622724992
NIFTY500 Value 50,20211011,6409.32,6409.32,6409.32,6409.32,730409088
NIFTY500 Value 50,20211012,6444.37,6444.37,6444.37,6444.37,873028224
NIFTY500 Value 50,20211013,6627.98,6627.98,6627.98,6627.98,1383464320
NIFTY500 Value 50,20211014,6678.97,6678.97,6678.97,6678.97,930828800
NIFTY500 Value 50,20211018,6843.40,6843.40,6843.40,6843.40,1709082496
NIFTY500 Value 50,20211019,6643.63,6643.63,6643.63,6643.63,1047360704
NIFTY500 Value 50,20211020,6525.47,6525.47,6525.47,6525.47,906511168
NIFTY500 Value 50,20211021,6543.92,6543.92,6543.92,6543.92,949308288
NIFTY500 Value 50,20211022,6450.17,6450.17,6450.17,6450.17,879800640
NIFTY500 Value 50,20211025,6405.42,6405.42,6405.42,6405.42,894721600
NIFTY500 Value 50,20211026,6532.90,6532.90,6532.90,6532.90,993183104
NIFTY500 Value 50,20211027,6494.02,6494.02,6494.02,6494.02,700881984
NIFTY500 Value 50,20211028,6267.71,6267.71,6267.71,6267.71,950305856
NIFTY500 Value 50,20211029,6256.10,6256.10,6256.10,6256.10,916487360
NIFTY500 Value 50,20211101,6387.97,6387.97,6387.97,6387.97,684306048
NIFTY500 Value 50,20211102,6382.01,6382.01,6382.01,6382.01,653916288
NIFTY500 Value 50,20211103,6386.19,6386.19,6386.19,6386.19,539032704
NIFTY500 Value 50,20211104,6433.47,6433.47,6433.47,6433.47,98288256
NIFTY500 Value 50,20211108,6561.79,6561.79,6561.79,6561.79,603369152
NIFTY500 Value 50,20211109,6585.06,6585.06,6585.06,6585.06,688233664
NIFTY500 Value 50,20211110,6529.14,6529.14,6529.14,6529.14,745128832
NIFTY500 Value 50,20211111,6458.46,6458.46,6458.46,6458.46,476356544
NIFTY500 Value 50,20211112,6481.15,6481.15,6481.15,6481.15,491930208
NIFTY500 Value 50,20211115,6425.51,6425.51,6425.51,6425.51,399170112
NIFTY500 Value 50,20211116,6377.90,6377.90,6377.90,6377.90,426272960
NIFTY500 Value 50,20211117,6367.55,6367.55,6367.55,6367.55,438284096
NIFTY500 Value 50,20211118,6251.43,6251.43,6251.43,6251.43,587854272
NIFTY500 Value 50,20211122,6065.95,6065.95,6065.95,6065.95,542507840
NIFTY500 Value 50,20211123,6182.70,6182.70,6182.70,6182.70,556775488
NIFTY500 Value 50,20211124,6202.89,6202.89,6202.89,6202.89,466169312
NIFTY500 Value 50,20211125,6201.95,6201.95,6201.95,6201.95,442415872
NIFTY500 Value 50,20211126,5936.44,5936.44,5936.44,5936.44,753201728
NIFTY500 Value 50,20211129,5861.02,5861.02,5861.02,5861.02,596702592
NIFTY500 Value 50,20211130,5852.85,5852.85,5852.85,5852.85,892236672
NIFTY500 Value 50,20211201,5948.54,5948.54,5948.54,5948.54,525323872
NIFTY500 Value 50,20211202,6047.34,6047.34,6047.34,6047.34,488832736
NIFTY500 Value 50,20211203,6042.89,6042.89,6042.89,6042.89,483061984
NIFTY500 Value 50,20211206,5959.81,5959.81,5959.81,5959.81,450825152
NIFTY500 Value 50,20211207,6072.03,6072.03,6072.03,6072.03,458273312
NIFTY500 Value 50,20211208,6155.71,6155.71,6155.71,6155.71,408339520
NIFTY500 Value 50,20211209,6172.50,6172.50,6172.50,6172.50,379343968
NIFTY500 Value 50,20211210,6197.08,6197.08,6197.08,6197.08,430814624
NIFTY500 Value 50,20211213,6160.44,6160.44,6160.44,6160.44,455269152
NIFTY500 Value 50,20211214,6164.20,6164.20,6164.20,6164.20,377569952
NIFTY500 Value 50,20211215,6103.48,6103.48,6103.48,6103.48,357462432
NIFTY500 Value 50,20211216,6069.25,6069.25,6069.25,6069.25,439273952
NIFTY500 Value 50,20211217,5908.23,5908.23,5908.23,5908.23,572291776
NIFTY500 Value 50,20211220,5665.48,5665.48,5665.48,5665.48,565403520
NIFTY500 Value 50,20211221,5750.17,5750.17,5750.17,5750.17,424256832
NIFTY500 Value 50,20211222,5843.55,5843.55,5843.55,5843.55,362272608
NIFTY500 Value 50,20211223,5911.37,5911.37,5911.37,5911.37,322956768
NIFTY500 Value 50,20211224,5820.49,5820.49,5820.49,5820.49,339954112
NIFTY500 Value 50,20211227,5823.28,5823.28,5823.28,5823.28,282411520
NIFTY500 Value 50,20211228,5917.75,5917.75,5917.75,5917.75,287922176
NIFTY500 Value 50,20211229,5888.23,5888.23,5888.23,5888.23,284217408
NIFTY500 Value 50,20211230,5860.84,5860.84,5860.84,5860.84,466121856
NIFTY500 Value 50,20211231,5934.66,5934.66,5934.66,5934.66,264532848
NIFTY500 Value 50,20220103,6052.03,6052.03,6052.03,6052.03,299519168
NIFTY500 Value 50,20220104,6088.45,6088.45,6088.45,6088.45,378000576
NIFTY500 Value 50,20220105,6155.75,6155.75,6155.75,6155.75,378483776
NIFTY500 Value 50,20220106,6165.65,6165.65,6165.65,6165.65,381921920
NIFTY500 Value 50,20220107,6227.51,6227.51,6227.51,6227.51,445860736
NIFTY500 Value 50,20220110,6308.17,6308.17,6308.17,6308.17,459208736
NIFTY500 Value 50,20220111,6260.28,6260.28,6260.28,6260.28,403951552
NIFTY500 Value 50,20220112,6324.39,6324.39,6324.39,6324.39,335922528
NIFTY500 Value 50,20220113,6406.04,6406.04,6406.04,6406.04,407831584
NIFTY500 Value 50,20220114,6405.20,6405.20,6405.20,6405.20,307230080
NIFTY500 Value 50,20220117,6445.89,6445.89,6445.89,6445.89,357114016
NIFTY500 Value 50,20220118,6332.27,6332.27,6332.27,6332.27,347083968
NIFTY500 Value 50,20220119,6378.52,6378.52,6378.52,6378.52,418190336
NIFTY500 Value 50,20220120,6380.81,6380.81,6380.81,6380.81,342547520
NIFTY500 Value 50,20220121,6237.12,6237.12,6237.12,6237.12,401392736
NIFTY500 Value 50,20220124,6061.73,6061.73,6061.73,6061.73,454921472
NIFTY500 Value 50,20220125,6173.26,6173.26,6173.26,6173.26,454796704
NIFTY500 Value 50,20220127,6196.64,6196.64,6196.64,6196.64,660048512
NIFTY500 Value 50,20220128,6245.92,6245.92,6245.92,6245.92,604225792
NIFTY500 Value 50,20220131,6329.11,6329.11,6329.11,6329.11,481017024
NIFTY500 Value 50,20220201,6370.59,6370.59,6370.59,6370.59,651989376
NIFTY500 Value 50,20220202,6442.53,6442.53,6442.53,6442.53,569933888
NIFTY500 Value 50,20220203,6393.20,6393.20,6393.20,6393.20,482733024
NIFTY500 Value 50,20220204,6377.31,6377.31,6377.31,6377.31,499650816
NIFTY500 Value 50,20220207,6390.70,6390.70,6390.70,6390.70,706198912
NIFTY500 Value 50,20220208,6385.22,6385.22,6385.22,6385.22,595143168
NIFTY500 Value 50,20220209,6445.48,6445.48,6445.48,6445.48,472603968
NIFTY500 Value 50,20220210,6495.78,6495.78,6495.78,6495.78,524890048
NIFTY500 Value 50,20220211,6449.94,6449.94,6449.94,6449.94,406176352
NIFTY500 Value 50,20220214,6190.67,6190.67,6190.67,6190.67,496174944
NIFTY500 Value 50,20220215,6300.74,6300.74,6300.74,6300.74,485005088
NIFTY500 Value 50,20220216,6309.68,6309.68,6309.68,6309.68,397597344
NIFTY500 Value 50,20220217,6279.32,6279.32,6279.32,6279.32,305259168
NIFTY500 Value 50,20220218,6250.00,6250.00,6250.00,6250.00,284326336
NIFTY500 Value 50,20220221,6143.49,6143.49,6143.49,6143.49,362056672
NIFTY500 Value 50,20220222,6084.07,6084.07,6084.07,6084.07,494977312
NIFTY500 Value 50,20220223,6087.39,6087.39,6087.39,6087.39,381495392
NIFTY500 Value 50,20220224,5736.20,5736.20,5736.20,5736.20,942581568
NIFTY500 Value 50,20220225,5938.01,5938.01,5938.01,5938.01,706087168
NIFTY500 Value 50,20220228,6099.13,6099.13,6099.13,6099.13,619546240
NIFTY500 Value 50,20220302,6170.87,6170.87,6170.87,6170.87,687171264
NIFTY500 Value 50,20220303,6255.31,6255.31,6255.31,6255.31,639004672
NIFTY500 Value 50,20220304,6151.20,6151.20,6151.20,6151.20,623408000
NIFTY500 Value 50,20220307,6183.78,6183.78,6183.78,6183.78,756059712
NIFTY500 Value 50,20220308,6186.24,6186.24,6186.24,6186.24,676363008
NIFTY500 Value 50,20220309,6185.40,6185.40,6185.40,6185.40,548413120
NIFTY500 Value 50,20220310,6240.58,6240.58,6240.58,6240.58,641104640
NIFTY500 Value 50,20220311,6310.43,6310.43,6310.43,6310.43,478227968
NIFTY500 Value 50,20220314,6279.40,6279.40,6279.40,6279.40,464231520
NIFTY500 Value 50,20220315,6125.90,6125.90,6125.90,6125.90,523837472
NIFTY500 Value 50,20220316,6249.63,6249.63,6249.63,6249.63,388952032
NIFTY500 Value 50,20220317,6307.16,6307.16,6307.16,6307.16,641550336
NIFTY500 Value 50,20220321,6290.56,6290.56,6290.56,6290.56,449818752
NIFTY500 Value 50,20220322,6345.21,6345.21,6345.21,6345.21,471498144
NIFTY500 Value 50,20220323,6375.35,6375.35,6375.35,6375.35,492007744
NIFTY500 Value 50,20220324,6414.88,6414.88,6414.88,6414.88,413016928
NIFTY500 Value 50,20220325,6373.40,6373.40,6373.40,6373.40,351158624
NIFTY500 Value 50,20220328,6407.31,6407.31,6407.31,6407.31,431835392
NIFTY500 Value 50,20220329,6371.39,6371.39,6371.39,6371.39,449020832
NIFTY500 Value 50,20220330,6330.87,6330.87,6330.87,6330.87,683872960
NIFTY500 Value 50,20220331,6340.31,6340.31,6340.31,6340.31,459639680
NIFTY500 Value 50,20220401,6498.19,6498.19,6498.19,6498.19,528035648
NIFTY500 Value 50,20220404,6589.70,6589.70,6589.70,6589.70,494528192
NIFTY500 Value 50,20220405,6638.69,6638.69,6638.69,6638.69,476178304
NIFTY500 Value 50,20220406,6725.87,6725.87,6725.87,6725.87,579127040
NIFTY500 Value 50,20220407,6658.42,6658.42,6658.42,6658.42,543668672
NIFTY500 Value 50,20220408,6756.48,6756.48,6756.48,6756.48,396331424
NIFTY500 Value 50,20220411,6784.34,6784.34,6784.34,6784.34,362708000
NIFTY500 Value 50,20220412,6635.21,6635.21,6635.21,6635.21,406421696
NIFTY500 Value 50,20220413,6679.57,6679.57,6679.57,6679.57,344119424
NIFTY500 Value 50,20220418,6684.01,6684.01,6684.01,6684.01,456454240
NIFTY500 Value 50,20220419,6674.91,6674.91,6674.91,6674.91,494355456
NIFTY500 Value 50,20220420,6687.52,6687.52,6687.52,6687.52,375593792
NIFTY500 Value 50,20220421,6741.12,6741.12,6741.12,6741.12,380643424
NIFTY500 Value 50,20220422,6656.76,6656.76,6656.76,6656.76,349874272
NIFTY500 Value 50,20220425,6448.04,6448.04,6448.04,6448.04,401518848
NIFTY500 Value 50,20220426,6527.55,6527.55,6527.55,6527.55,328140192
NIFTY500 Value 50,20220427,6466.73,6466.73,6466.73,6466.73,327069408
NIFTY500 Value 50,20220428,6523.47,6523.47,6523.47,6523.47,357114240
NIFTY500 Value 50,20220429,6420.40,6420.40,6420.40,6420.40,354843104
NIFTY500 Value 50,20220502,6429.98,6429.98,6429.98,6429.98,290489856
NIFTY500 Value 50,20220504,6352.68,6352.68,6352.68,6352.68,416106432
NIFTY500 Value 50,20220505,6357.36,6357.36,6357.36,6357.36,355153248
NIFTY500 Value 50,20220506,6311.03,6311.03,6311.03,6311.03,442233184
NIFTY500 Value 50,20220509,6244.05,6244.05,6244.05,6244.05,400809728
NIFTY500 Value 50,20220510,6077.59,6077.59,6077.59,6077.59,390253472
NIFTY500 Value 50,20220511,6009.86,6009.86,6009.86,6009.86,477109920
NIFTY500 Value 50,20220512,5883.02,5883.02,5883.02,5883.02,662316096
NIFTY500 Value 50,20220513,5819.29,5819.29,5819.29,5819.29,454101280
NIFTY500 Value 50,20220516,5867.45,5867.45,5867.45,5867.45,326979648
NIFTY500 Value 50,20220517,6095.27,6095.27,6095.27,6095.27,436023424
NIFTY500 Value 50,20220518,6039.07,6039.07,6039.07,6039.07,394402464
NIFTY500 Value 50,20220519,5932.27,5932.27,5932.27,5932.27,399574368
NIFTY500 Value 50,20220520,6054.35,6054.35,6054.35,6054.35,317734944
NIFTY500 Value 50,20220523,5920.97,5920.97,5920.97,5920.97,489431072
NIFTY500 Value 50,20220524,5861.75,5861.75,5861.75,5861.75,382327232
NIFTY500 Value 50,20220525,5803.42,5803.42,5803.42,5803.42,375420704
NIFTY500 Value 50,20220526,5868.92,5868.92,5868.92,5868.92,463181600
NIFTY500 Value 50,20220527,5825.89,5825.89,5825.89,5825.89,371001376
NIFTY500 Value 50,20220530,5913.71,5913.71,5913.71,5913.71,335765664
NIFTY500 Value 50,20220531,5973.92,5973.92,5973.92,5973.92,614445376
NIFTY500 Value 50,20220601,5986.47,5986.47,5986.47,5986.47,343452064
NIFTY500 Value 50,20220602,6032.68,6032.68,6032.68,6032.68,361732224
NIFTY500 Value 50,20220603,5971.74,5971.74,5971.74,5971.74,334065344
NIFTY500 Value 50,20220606,5963.62,5963.62,5963.62,5963.62,333594464
NIFTY500 Value 50,20220607,5986.00,5986.00,5986.00,5986.00,350079072
NIFTY500 Value 50,20220608,5992.46,5992.46,5992.46,5992.46,327516608
NIFTY500 Value 50,20220609,5977.93,5977.93,5977.93,5977.93,319641696
NIFTY500 Value 50,20220610,5934.35,5934.35,5934.35,5934.35,275472896
NIFTY500 Value 50,20220613,5745.30,5745.30,5745.30,5745.30,302010848
NIFTY500 Value 50,20220614,5703.97,5703.97,5703.97,5703.97,371440064
NIFTY500 Value 50,20220615,5669.02,5669.02,5669.02,5669.02,265658528
NIFTY500 Value 50,20220616,5478.37,5478.37,5478.37,5478.37,370696224
NIFTY500 Value 50,20220617,5430.39,5430.39,5430.39,5430.39,464058272
NIFTY500 Value 50,20220620,5270.00,5270.00,5270.00,5270.00,436571744
NIFTY500 Value 50,20220621,5442.12,5442.12,5442.12,5442.12,435190432
NIFTY500 Value 50,20220622,5347.86,5347.86,5347.86,5347.86,360754528
NIFTY500 Value 50,20220623,5358.14,5358.14,5358.14,5358.14,356614624
NIFTY500 Value 50,20220624,5406.02,5406.02,5406.02,5406.02,323986816
NIFTY500 Value 50,20220627,5495.65,5495.65,5495.65,5495.65,296133696
NIFTY500 Value 50,20220628,5557.83,5557.83,5557.83,5557.83,366596992
NIFTY500 Value 50,20220629,5580.30,5580.30,5580.30,5580.30,523483296
NIFTY500 Value 50,20220630,5541.62,5541.62,5541.62,5541.62,418406784
NIFTY500 Value 50,20220701,5529.39,5529.39,5529.39,5529.39,510382112
NIFTY500 Value 50,20220704,5542.07,5542.07,5542.07,5542.07,426772704
NIFTY500 Value 50,20220705,5529.72,5529.72,5529.72,5529.72,403616832
NIFTY500 Value 50,20220706,5529.46,5529.46,5529.46,5529.46,435580768
NIFTY500 Value 50,20220707,5655.04,5655.04,5655.04,5655.04,470879904
NIFTY500 Value 50,20220708,5660.83,5660.83,5660.83,5660.83,401657312
NIFTY500 Value 50,20220711,5713.25,5713.25,5713.25,5713.25,391547584
NIFTY500 Value 50,20220712,5655.18,5655.18,5655.18,5655.18,386024192
NIFTY500 Value 50,20220713,5669.61,5669.61,5669.61,5669.61,302084384
NIFTY500 Value 50,20220714,5651.88,5651.88,5651.88,5651.88,361839808
NIFTY500 Value 50,20220715,5650.55,5650.55,5650.55,5650.55,339546208
NIFTY500 Value 50,20220718,5757.57,5757.57,5757.57,5757.57,337019488
NIFTY500 Value 50,20220719,5798.44,5798.44,5798.44,5798.44,422675456
NIFTY500 Value 50,20220720,5824.99,5824.99,5824.99,5824.99,493428640
NIFTY500 Value 50,20220721,5885.35,5885.35,5885.35,5885.35,358381856
NIFTY500 Value 50,20220722,5894.91,5894.91,5894.91,5894.91,368736032
NIFTY500 Value 50,20220725,5897.53,5897.53,5897.53,5897.53,347396224
NIFTY500 Value 50,20220726,5872.25,5872.25,5872.25,5872.25,332279712
NIFTY500 Value 50,20220727,5926.18,5926.18,5926.18,5926.18,258800288
NIFTY500 Value 50,20220728,5970.50,5970.50,5970.50,5970.50,510769856
NIFTY500 Value 50,20220729,6055.32,6055.32,6055.32,6055.32,591528320
NIFTY500 Value 50,20220801,6138.32,6138.32,6138.32,6138.32,578599680
NIFTY500 Value 50,20220802,6178.47,6178.47,6178.47,6178.47,619129472
NIFTY500 Value 50,20220803,6125.99,6125.99,6125.99,6125.99,415230144
NIFTY500 Value 50,20220804,6109.49,6109.49,6109.49,6109.49,502106528
NIFTY500 Value 50,20220805,6134.27,6134.27,6134.27,6134.27,775570048
NIFTY500 Value 50,20220808,6147.07,6147.07,6147.07,6147.07,339227360
NIFTY500 Value 50,20220810,6144.56,6144.56,6144.56,6144.56,446672832
NIFTY500 Value 50,20220811,6149.93,6149.93,6149.93,6149.93,452173728
NIFTY500 Value 50,20220812,6235.50,6235.50,6235.50,6235.50,441217024
NIFTY500 Value 50,20220816,6270.19,6270.19,6270.19,6270.19,420816928
NIFTY500 Value 50,20220817,6324.04,6324.04,6324.04,6324.04,481478176
NIFTY500 Value 50,20220818,6307.99,6307.99,6307.99,6307.99,391275456
NIFTY500 Value 50,20220819,6216.46,6216.46,6216.46,6216.46,399663296
NIFTY500 Value 50,20220822,6114.94,6114.94,6114.94,6114.94,383194880
NIFTY500 Value 50,20220823,6203.40,6203.40,6203.40,6203.40,410224512
NIFTY500 Value 50,20220824,6234.83,6234.83,6234.83,6234.83,476936736
NIFTY500 Value 50,20220825,6272.11,6272.11,6272.11,6272.11,636959296
NIFTY500 Value 50,20220826,6337.80,6337.80,6337.80,6337.80,572572480
NIFTY500 Value 50,20220829,6266.37,6266.37,6266.37,6266.37,395156256
NIFTY500 Value 50,20220830,6372.26,6372.26,6372.26,6372.26,493889280
NIFTY500 Value 50,20220901,6315.87,6315.87,6315.87,6315.87,452964448
NIFTY500 Value 50,20220902,6275.36,6275.36,6275.36,6275.36,415528448
NIFTY500 Value 50,20220905,6335.38,6335.38,6335.38,6335.38,420154112
NIFTY500 Value 50,20220906,6372.07,6372.07,6372.07,6372.07,496483840
NIFTY500 Value 50,20220907,6396.43,6396.43,6396.43,6396.43,369143488
NIFTY500 Value 50,20220908,6414.23,6414.23,6414.23,6414.23,447277088
NIFTY500 Value 50,20220909,6410.73,6410.73,6410.73,6410.73,453644256
NIFTY500 Value 50,20220912,6445.12,6445.12,6445.12,6445.12,395689312
NIFTY500 Value 50,20220913,6464.87,6464.87,6464.87,6464.87,406903808
NIFTY500 Value 50,20220914,6518.36,6518.36,6518.36,6518.36,577760768
NIFTY500 Value 50,20220915,6520.96,6520.96,6520.96,6520.96,543250176
NIFTY500 Value 50,20220916,6376.44,6376.44,6376.44,6376.44,671733760
NIFTY500 Value 50,20220919,6342.13,6342.13,6342.13,6342.13,454734592
NIFTY500 Value 50,20220920,6391.24,6391.24,6391.24,6391.24,422052160
NIFTY500 Value 50,20220921,6322.67,6322.67,6322.67,6322.67,367275328
NIFTY500 Value 50,20220922,6297.11,6297.11,6297.11,6297.11,454625184
NIFTY500 Value 50,20220923,6155.17,6155.17,6155.17,6155.17,542543552
NIFTY500 Value 50,20220926,5951.13,5951.13,5951.13,5951.13,654697920
NIFTY500 Value 50,20220927,5973.54,5973.54,5973.54,5973.54,468489696
NIFTY500 Value 50,20220928,5887.75,5887.75,5887.75,5887.75,458096192
NIFTY500 Value 50,20220929,5935.15,5935.15,5935.15,5935.15,541023744
NIFTY500 Value 50,20220930,6034.29,6034.29,6034.29,6034.29,587492544
NIFTY500 Value 50,20221003,5983.02,5983.02,5983.02,5983.02,405784064
NIFTY500 Value 50,20221004,6123.68,6123.68,6123.68,6123.68,359643392
NIFTY500 Value 50,20221006,6208.82,6208.82,6208.82,6208.82,387087712
NIFTY500 Value 50,20221007,6212.16,6212.16,6212.16,6212.16,331070080
NIFTY500 Value 50,20221010,6164.74,6164.74,6164.74,6164.74,333744960
NIFTY500 Value 50,20221011,6055.77,6055.77,6055.77,6055.77,341576864
NIFTY500 Value 50,20221012,6135.98,6135.98,6135.98,6135.98,351507392
NIFTY500 Value 50,20221013,6115.82,6115.82,6115.82,6115.82,317780352
NIFTY500 Value 50,20221014,6114.92,6114.92,6114.92,6114.92,345831168
NIFTY500 Value 50,20221017,6124.18,6124.18,6124.18,6124.18,371444288
NIFTY500 Value 50,20221018,6198.04,6198.04,6198.04,6198.04,474536352
NIFTY500 Value 50,20221019,6181.13,6181.13,6181.13,6181.13,417713792
NIFTY500 Value 50,20221020,6255.41,6255.41,6255.41,6255.41,522820352
NIFTY500 Value 50,20221021,6249.94,6249.94,6249.94,6249.94,574862464
NIFTY500 Value 50,20221024,6291.81,6291.81,6291.81,6291.81,94764144
NIFTY500 Value 50,20221025,6316.78,6316.78,6316.78,6316.78,637042880
NIFTY500 Value 50,20221027,6411.42,6411.42,6411.42,6411.42,671501120
NIFTY500 Value 50,20221028,6408.04,6408.04,6408.04,6408.04,601472960
NIFTY500 Value 50,20221031,6435.24,6435.24,6435.24,6435.24,465638784
NIFTY500 Value 50,20221101,6475.70,6475.70,6475.70,6475.70,567190528
NIFTY500 Value 50,20221102,6491.47,6491.47,6491.47,6491.47,465392672
NIFTY500 Value 50,20221103,6514.56,6514.56,6514.56,6514.56,512686368
NIFTY500 Value 50,20221104,6570.39,6570.39,6570.39,6570.39,594846272
NIFTY500 Value 50,20221107,6668.24,6668.24,6668.24,6668.24,807946368
NIFTY500 Value 50,20221109,6647.81,6647.81,6647.81,6647.81,954150400
NIFTY500 Value 50,20221110,6576.79,6576.79,6576.79,6576.79,568641344
NIFTY500 Value 50,20221111,6635.61,6635.61,6635.61,6635.61,593100928
NIFTY500 Value 50,20221114,6668.70,6668.70,6668.70,6668.70,521654976
NIFTY500 Value 50,20221115,6690.88,6690.88,6690.88,6690.88,443380384
NIFTY500 Value 50,20221116,6653.77,6653.77,6653.77,6653.77,614087808
NIFTY500 Value 50,20221117,6652.21,6652.21,6652.21,6652.21,610279680
NIFTY500 Value 50,20221118,6646.07,6646.07,6646.07,6646.07,650201536
NIFTY500 Value 50,20221121,6651.27,6651.27,6651.27,6651.27,620710080
NIFTY500 Value 50,20221122,6677.06,6677.06,6677.06,6677.06,629184768
NIFTY500 Value 50,20221123,6699.18,6699.18,6699.18,6699.18,676594176
NIFTY500 Value 50,20221124,6779.01,6779.01,6779.01,6779.01,728457664
NIFTY500 Value 50,20221125,6870.42,6870.42,6870.42,6870.42,977827520
NIFTY500 Value 50,20221128,6896.97,6896.97,6896.97,6896.97,854308480
NIFTY500 Value 50,20221129,6905.10,6905.10,6905.10,6905.10,823296704
NIFTY500 Value 50,20221130,6954.91,6954.91,6954.91,6954.91,866836160
NIFTY500 Value 50,20221201,6995.52,6995.52,6995.52,6995.52,771793600
NIFTY500 Value 50,20221202,7013.35,7013.35,7013.35,7013.35,556021248
NIFTY500 Value 50,20221205,7085.41,7085.41,7085.41,7085.41,641571072
NIFTY500 Value 50,20221206,7056.97,7056.97,7056.97,7056.97,786658944
NIFTY500 Value 50,20221207,7038.80,7038.80,7038.80,7038.80,560870592
NIFTY500 Value 50,20221208,7102.85,7102.85,7102.85,7102.85,675664640
NIFTY500 Value 50,20221209,7030.17,7030.17,7030.17,7030.17,802561024
NIFTY500 Value 50,20221212,7108.71,7108.71,7108.71,7108.71,643255232
NIFTY500 Value 50,20221213,7141.01,7141.01,7141.01,7141.01,661778048
NIFTY500 Value 50,20221214,7215.33,7215.33,7215.33,7215.33,747153152
NIFTY500 Value 50,20221215,7160.02,7160.02,7160.02,7160.02,757630720
NIFTY500 Value 50,20221216,7063.96,7063.96,7063.96,7063.96,622191104
NIFTY500 Value 50,20221219,7118.68,7118.68,7118.68,7118.68,410304032
NIFTY500 Value 50,20221220,7097.03,7097.03,7097.03,7097.03,565214720
NIFTY500 Value 50,20221221,6956.16,6956.16,6956.16,6956.16,758606784
NIFTY500 Value 50,20221222,6885.53,6885.53,6885.53,6885.53,683513152
NIFTY500 Value 50,20221223,6620.31,6620.31,6620.31,6620.31,735014272
NIFTY500 Value 50,20221226,6830.05,6830.05,6830.05,6830.05,709759424
NIFTY500 Value 50,20221227,6942.72,6942.72,6942.72,6942.72,674740352
NIFTY500 Value 50,20221228,6958.72,6958.72,6958.72,6958.72,618856576
NIFTY500 Value 50,20221229,6990.96,6990.96,6990.96,6990.96,661186176
NIFTY500 Value 50,20221230,7058.28,7058.28,7058.28,7058.28,585684096
NIFTY500 Value 50,20230102,7198.05,7198.05,7198.05,7198.05,684747904
NIFTY500 Value 50,20230103,7222.05,7222.05,7222.05,7222.05,611725632
NIFTY500 Value 50,20230104,7115.16,7115.16,7115.16,7115.16,611057984
NIFTY500 Value 50,20230105,7163.65,7163.65,7163.65,7163.65,535463424
NIFTY500 Value 50,20230106,7137.87,7137.87,7137.87,7137.87,513690304
NIFTY500 Value 50,20230109,7202.18,7202.18,7202.18,7202.18,427651008
NIFTY500 Value 50,20230110,7173.30,7173.30,7173.30,7173.30,441795872
NIFTY500 Value 50,20230111,7202.72,7202.72,7202.72,7202.72,492556128
NIFTY500 Value 50,20230112,7152.60,7152.60,7152.60,7152.60,376203136
NIFTY500 Value 50,20230113,7205.07,7205.07,7205.07,7205.07,489488896
NIFTY500 Value 50,20230116,7193.37,7193.37,7193.37,7193.37,581338944
NIFTY500 Value 50,20230117,7189.32,7189.32,7189.32,7189.32,555994496
NIFTY500 Value 50,20230118,7257.97,7257.97,7257.97,7257.97,491561120
NIFTY500 Value 50,20230119,7301.23,7301.23,7301.23,7301.23,478665792
NIFTY500 Value 50,20230120,7276.77,7276.77,7276.77,7276.77,460615008
NIFTY500 Value 50,20230123,7300.67,7300.67,7300.67,7300.67,411065280
NIFTY500 Value 50,20230124,7239.85,7239.85,7239.85,7239.85,323002880
NIFTY500 Value 50,20230125,7156.43,7156.43,7156.43,7156.43,456378144
NIFTY500 Value 50,20230127,6995.36,6995.36,6995.36,6995.36,589179520
NIFTY500 Value 50,20230130,6967.57,6967.57,6967.57,6967.57,595697536
NIFTY500 Value 50,20230131,7115.05,7115.05,7115.05,7115.05,584282048
NIFTY500 Value 50,20230201,6992.16,6992.16,6992.16,6992.16,751419968
NIFTY500 Value 50,20230202,6968.81,6968.81,6968.81,6968.81,519843456
NIFTY500 Value 50,20230203,6995.57,6995.57,6995.57,6995.57,533100000
NIFTY500 Value 50,20230206,6990.88,6990.88,6990.88,6990.88,373272160
NIFTY500 Value 50,20230207,6930.94,6930.94,6930.94,6930.94,451431264
NIFTY500 Value 50,20230208,6981.88,6981.88,6981.88,6981.88,357541088
NIFTY500 Value 50,20230209,6989.77,6989.77,6989.77,6989.77,340164896
NIFTY500 Value 50,20230210,6972.95,6972.95,6972.95,6972.95,344881408
NIFTY500 Value 50,20230213,6923.42,6923.42,6923.42,6923.42,328206592
NIFTY500 Value 50,20230214,6936.42,6936.42,6936.42,6936.42,328361696
NIFTY500 Value 50,20230215,6963.09,6963.09,6963.09,6963.09,366553984
NIFTY500 Value 50,20230216,7008.74,7008.74,7008.74,7008.74,305942240
NIFTY500 Value 50,20230217,6993.15,6993.15,6993.15,6993.15,316055552
NIFTY500 Value 50,20230220,6950.39,6950.39,6950.39,6950.39,275647008
NIFTY500 Value 50,20230221,6926.93,6926.93,6926.93,6926.93,332786496
NIFTY500 Value 50,20230222,6816.66,6816.66,6816.66,6816.66,308058016
NIFTY500 Value 50,20230223,6834.83,6834.83,6834.83,6834.83,387251488
NIFTY500 Value 50,20230224,6811.48,6811.48,6811.48,6811.48,365573696
NIFTY500 Value 50,20230227,6769.78,6769.78,6769.78,6769.78,422448128
NIFTY500 Value 50,20230228,6735.88,6735.88,6735.88,6735.88,638567296
NIFTY500 Value 50,20230301,6848.27,6848.27,6848.27,6848.27,433038080
NIFTY500 Value 50,20230302,6854.51,6854.51,6854.51,6854.51,434034144
NIFTY500 Value 50,20230303,6955.44,6955.44,6955.44,6955.44,544851456
NIFTY500 Value 50,20230306,7030.09,7030.09,7030.09,7030.09,503938656
NIFTY500 Value 50,20230308,7082.32,7082.32,7082.32,7082.32,406135776
NIFTY500 Value 50,20230309,7066.83,7066.83,7066.83,7066.83,377825536
NIFTY500 Value 50,20230310,7026.65,7026.65,7026.65,7026.65,326977440
NIFTY500 Value 50,20230313,6924.31,6924.31,6924.31,6924.31,364363648
NIFTY500 Value 50,20230314,6879.72,6879.72,6879.72,6879.72,405162432
NIFTY500 Value 50,20230315,6904.39,6904.39,6904.39,6904.39,329093216
NIFTY500 Value 50,20230316,6906.88,6906.88,6906.88,6906.88,546114496
NIFTY500 Value 50,20230317,6956.35,6956.35,6956.35,6956.35,634629120
NIFTY500 Value 50,20230320,6894.35,6894.35,6894.35,6894.35,409091104
NIFTY500 Value 50,20230321,6927.38,6927.38,6927.38,6927.38,322168544
NIFTY500 Value 50,20230322,6928.49,6928.49,6928.49,6928.49,309319104
NIFTY500 Value 50,20230323,6889.32,6889.32,6889.32,6889.32,299757664
NIFTY500 Value 50,20230324,6775.68,6775.68,6775.68,6775.68,325496800
NIFTY500 Value 50,20230327,6752.73,6752.73,6752.73,6752.73,343053184
NIFTY500 Value 50,20230328,6734.51,6734.51,6734.51,6734.51,307455488
NIFTY500 Value 50,20230329,6847.87,6847.87,6847.87,6847.87,472241312
NIFTY500 Value 50,20230331,6887.29,6887.29,6887.29,6887.29,391179520
NIFTY500 Value 50,20230403,6926.03,6926.03,6926.03,6926.03,320940544
NIFTY500 Value 50,20230405,6931.99,6931.99,6931.99,6931.99,311167552
NIFTY500 Value 50,20230406,6957.70,6957.70,6957.70,6957.70,283558080
NIFTY500 Value 50,20230410,7032.65,7032.65,7032.65,7032.65,256998112
NIFTY500 Value 50,20230411,7093.30,7093.30,7093.30,7093.30,320622880
NIFTY500 Value 50,20230412,7081.04,7081.04,7081.04,7081.04,248582944
NIFTY500 Value 50,20230413,7060.09,7060.09,7060.09,7060.09,310665920
NIFTY500 Value 50,20230417,7130.21,7130.21,7130.21,7130.21,359622528
NIFTY500 Value 50,20230418,7137.10,7137.10,7137.10,7137.10,331438496
NIFTY500 Value 50,20230419,7136.85,7136.85,7136.85,7136.85,324812768
NIFTY500 Value 50,20230420,7125.66,7125.66,7125.66,7125.66,243349616
NIFTY500 Value 50,20230421,7091.75,7091.75,7091.75,7091.75,223621136
NIFTY500 Value 50,20230424,7152.86,7152.86,7152.86,7152.86,337177664
NIFTY500 Value 50,20230425,7190.35,7190.35,7190.35,7190.35,436630080
NIFTY500 Value 50,20230426,7227.01,7227.01,7227.01,7227.01,433168128
NIFTY500 Value 50,20230427,7256.89,7256.89,7256.89,7256.89,550929024
NIFTY500 Value 50,20230428,7323.81,7323.81,7323.81,7323.81,500954240
NIFTY500 Value 50,20230502,7419.36,7419.36,7419.36,7419.36,578773120
NIFTY500 Value 50,20230503,7401.36,7401.36,7401.36,7401.36,742405760
NIFTY500 Value 50,20230504,7459.59,7459.59,7459.59,7459.59,645475200
NIFTY500 Value 50,20230505,7354.37,7354.37,7354.37,7354.37,642657792
NIFTY500 Value 50,20230508,7415.39,7415.39,7415.39,7415.39,576728768
NIFTY500 Value 50,20230509,7365.71,7365.71,7365.71,7365.71,500930272
NIFTY500 Value 50,20230510,7395.87,7395.87,7395.87,7395.87,493442240
NIFTY500 Value 50,20230511,7395.42,7395.42,7395.42,7395.42,431133984
NIFTY500 Value 50,20230512,7308.55,7308.55,7308.55,7308.55,366415968
NIFTY500 Value 50,20230515,7369.21,7369.21,7369.21,7369.21,352330688
NIFTY500 Value 50,20230516,7393.14,7393.14,7393.14,7393.14,481478688
NIFTY500 Value 50,20230517,7364.98,7364.98,7364.98,7364.98,478645728
NIFTY500 Value 50,20230518,7284.20,7284.20,7284.20,7284.20,379375808
NIFTY500 Value 50,20230519,7275.64,7275.64,7275.64,7275.64,337771680
NIFTY500 Value 50,20230522,7293.23,7293.23,7293.23,7293.23,316496192
NIFTY500 Value 50,20230523,7327.37,7327.37,7327.37,7327.37,349987168
NIFTY500 Value 50,20230524,7318.52,7318.52,7318.52,7318.52,348213504
NIFTY500 Value 50,20230525,7329.83,7329.83,7329.83,7329.83,371482944
NIFTY500 Value 50,20230526,7359.95,7359.95,7359.95,7359.95,364359968
NIFTY500 Value 50,20230529,7400.28,7400.28,7400.28,7400.28,439985568
NIFTY500 Value 50,20230530,7421.95,7421.95,7421.95,7421.95,350290304
NIFTY500 Value 50,20230531,7389.13,7389.13,7389.13,7389.13,540597312
NIFTY500 Value 50,20230601,7389.96,7389.96,7389.96,7389.96,376707360
NIFTY500 Value 50,20230602,7454.66,7454.66,7454.66,7454.66,402295648
NIFTY500 Value 50,20230605,7467.94,7467.94,7467.94,7467.94,351383872
NIFTY500 Value 50,20230606,7476.75,7476.75,7476.75,7476.75,253882384
NIFTY500 Value 50,20230607,7552.19,7552.19,7552.19,7552.19,411024992
NIFTY500 Value 50,20230608,7518.14,7518.14,7518.14,7518.14,401172128
NIFTY500 Value 50,20230609,7500.77,7500.77,7500.77,7500.77,324755200
NIFTY500 Value 50,20230612,7587.27,7587.27,7587.27,7587.27,278043328
NIFTY500 Value 50,20230613,7616.90,7616.90,7616.90,7616.90,324333824
NIFTY500 Value 50,20230614,7658.58,7658.58,7658.58,7658.58,370648480
NIFTY500 Value 50,20230615,7643.21,7643.21,7643.21,7643.21,328563040
NIFTY500 Value 50,20230616,7681.17,7681.17,7681.17,7681.17,452211712
NIFTY500 Value 50,20230619,7669.78,7669.78,7669.78,7669.78,341445824
