NIFTY200 Quality 30,20180418,9276.34,9276.34,9276.34,9276.34,68608000
NIFTY200 Quality 30,20180419,9298.84,9298.84,9298.84,9298.84,52038988
NIFTY200 Quality 30,20180420,9394.16,9394.16,9394.16,9394.16,69966640
NIFTY200 Quality 30,20180423,9398.30,9398.30,9398.30,9398.30,65454288
NIFTY200 Quality 30,20180424,9354.19,9354.19,9354.19,9354.19,45783348
NIFTY200 Quality 30,20180425,9375.98,9375.98,9375.98,9375.98,49321724
NIFTY200 Quality 30,20180426,9422.36,9422.36,9422.36,9422.36,80414040
NIFTY200 Quality 30,20180427,9419.68,9419.68,9419.68,9419.68,49673864
NIFTY200 Quality 30,20180430,9497.67,9497.67,9497.67,9497.67,42284840
NIFTY200 Quality 30,20180502,9407.85,9407.85,9407.85,9407.85,81793040
NIFTY200 Quality 30,20180503,9273.20,9273.20,9273.20,9273.20,56087288
NIFTY200 Quality 30,20180504,9190.59,9190.59,9190.59,9190.59,71980048
NIFTY200 Quality 30,20180507,9247.47,9247.47,9247.47,9247.47,62314520
NIFTY200 Quality 30,20180508,9252.06,9252.06,9252.06,9252.06,58217508
NIFTY200 Quality 30,20180509,9246.92,9246.92,9246.92,9246.92,37323136
NIFTY200 Quality 30,20180510,9208.70,9208.70,9208.70,9208.70,46095996
NIFTY200 Quality 30,20180511,9273.85,9273.85,9273.85,9273.85,50056416
NIFTY200 Quality 30,20180514,9272.61,9272.61,9272.61,9272.61,47271584
NIFTY200 Quality 30,20180515,9266.79,9266.79,9266.79,9266.79,50498672
NIFTY200 Quality 30,20180516,9307.73,9307.73,9307.73,9307.73,55676388
NIFTY200 Quality 30,20180517,9280.99,9280.99,9280.99,9280.99,54504096
NIFTY200 Quality 30,20180518,9267.70,9267.70,9267.70,9267.70,52058556
NIFTY200 Quality 30,20180521,9184.79,9184.79,9184.79,9184.79,48645244
NIFTY200 Quality 30,20180522,9240.52,9240.52,9240.52,9240.52,42027576
NIFTY200 Quality 30,20180523,9190.32,9190.32,9190.32,9190.32,43926172
NIFTY200 Quality 30,20180524,9242.32,9242.32,9242.32,9242.32,51792008
NIFTY200 Quality 30,20180525,9358.28,9358.28,9358.28,9358.28,54424140
NIFTY200 Quality 30,20180528,9387.80,9387.80,9387.80,9387.80,51231908
NIFTY200 Quality 30,20180529,9359.25,9359.25,9359.25,9359.25,46014612
NIFTY200 Quality 30,20180530,9352.23,9352.23,9352.23,9352.23,51965304
NIFTY200 Quality 30,20180531,9391.42,9391.42,9391.42,9391.42,109915816
NIFTY200 Quality 30,20180601,9345.11,9345.11,9345.11,9345.11,46549728
NIFTY200 Quality 30,20180604,9310.25,9310.25,9310.25,9310.25,43136744
NIFTY200 Quality 30,20180605,9224.64,9224.64,9224.64,9224.64,50751724
NIFTY200 Quality 30,20180606,9321.13,9321.13,9321.13,9321.13,48678388
NIFTY200 Quality 30,20180607,9403.29,9403.29,9403.29,9403.29,45320700
NIFTY200 Quality 30,20180608,9400.44,9400.44,9400.44,9400.44,51470224
NIFTY200 Quality 30,20180611,9398.35,9398.35,9398.35,9398.35,53323752
NIFTY200 Quality 30,20180612,9438.26,9438.26,9438.26,9438.26,48611304
NIFTY200 Quality 30,20180613,9482.58,9482.58,9482.58,9482.58,50016296
NIFTY200 Quality 30,20180614,9455.22,9455.22,9455.22,9455.22,48434384
NIFTY200 Quality 30,20180615,9499.62,9499.62,9499.62,9499.62,70846448
NIFTY200 Quality 30,20180618,9458.50,9458.50,9458.50,9458.50,40359720
NIFTY200 Quality 30,20180619,9355.23,9355.23,9355.23,9355.23,40762368
NIFTY200 Quality 30,20180620,9350.21,9350.21,9350.21,9350.21,44992940
NIFTY200 Quality 30,20180621,9286.59,9286.59,9286.59,9286.59,45112392
NIFTY200 Quality 30,20180622,9312.72,9312.72,9312.72,9312.72,50788812
NIFTY200 Quality 30,20180625,9293.62,9293.62,9293.62,9293.62,44225772
NIFTY200 Quality 30,20180626,9353.63,9353.63,9353.63,9353.63,55011948
NIFTY200 Quality 30,20180627,9327.80,9327.80,9327.80,9327.80,63574756
NIFTY200 Quality 30,20180628,9213.47,9213.47,9213.47,9213.47,93368944
NIFTY200 Quality 30,20180629,9337.64,9337.64,9337.64,9337.64,61651436
NIFTY200 Quality 30,20180702,9340.41,9340.41,9340.41,9340.41,55428792
NIFTY200 Quality 30,20180703,9393.20,9393.20,9393.20,9393.20,48557044
NIFTY200 Quality 30,20180704,9431.00,9431.00,9431.00,9431.00,41148076
NIFTY200 Quality 30,20180705,9403.06,9403.06,9403.06,9403.06,60727540
NIFTY200 Quality 30,20180706,9437.17,9437.17,9437.17,9437.17,62592604
NIFTY200 Quality 30,20180709,9542.92,9542.92,9542.92,9542.92,53960928
NIFTY200 Quality 30,20180710,9604.37,9604.37,9604.37,9604.37,68698064
NIFTY200 Quality 30,20180711,9587.67,9587.67,9587.67,9587.67,85532264
NIFTY200 Quality 30,20180712,9572.29,9572.29,9572.29,9572.29,67632488
NIFTY200 Quality 30,20180713,9571.70,9571.70,9571.70,9571.70,73640160
NIFTY200 Quality 30,20180716,9514.02,9514.02,9514.02,9514.02,63612432
NIFTY200 Quality 30,20180717,9531.67,9531.67,9531.67,9531.67,60222612
NIFTY200 Quality 30,20180718,9514.88,9514.88,9514.88,9514.88,47370200
NIFTY200 Quality 30,20180719,9493.86,9493.86,9493.86,9493.86,40974184
NIFTY200 Quality 30,20180720,9508.27,9508.27,9508.27,9508.27,49599888
NIFTY200 Quality 30,20180723,9572.12,9572.12,9572.12,9572.12,76114352
NIFTY200 Quality 30,20180724,9598.55,9598.55,9598.55,9598.55,58186632
NIFTY200 Quality 30,20180725,9566.84,9566.84,9566.84,9566.84,69569000
NIFTY200 Quality 30,20180726,9543.47,9543.47,9543.47,9543.47,80529248
NIFTY200 Quality 30,20180727,9657.22,9657.22,9657.22,9657.22,117887056
NIFTY200 Quality 30,20180730,9674.33,9674.33,9674.33,9674.33,55665344
NIFTY200 Quality 30,20180731,9786.33,9786.33,9786.33,9786.33,92013984
NIFTY200 Quality 30,20180801,9799.67,9799.67,9799.67,9799.67,82192264
NIFTY200 Quality 30,20180802,9741.61,9741.61,9741.61,9741.61,57909820
NIFTY200 Quality 30,20180803,9788.06,9788.06,9788.06,9788.06,55576408
NIFTY200 Quality 30,20180806,9764.11,9764.11,9764.11,9764.11,46015840
NIFTY200 Quality 30,20180807,9800.35,9800.35,9800.35,9800.35,51389284
NIFTY200 Quality 30,20180808,9809.24,9809.24,9809.24,9809.24,41908048
NIFTY200 Quality 30,20180809,9823.18,9823.18,9823.18,9823.18,46026960
NIFTY200 Quality 30,20180810,9847.70,9847.70,9847.70,9847.70,54041964
NIFTY200 Quality 30,20180813,9837.17,9837.17,9837.17,9837.17,61636084
NIFTY200 Quality 30,20180814,9920.01,9920.01,9920.01,9920.01,54566872
NIFTY200 Quality 30,20180816,9915.50,9915.50,9915.50,9915.50,61861428
NIFTY200 Quality 30,20180817,9992.97,9992.97,9992.97,9992.97,58447740
NIFTY200 Quality 30,20180820,10030.68,10030.68,10030.68,10030.68,64674504
NIFTY200 Quality 30,20180821,10071.74,10071.74,10071.74,10071.74,68986216
NIFTY200 Quality 30,20180823,10167.91,10167.91,10167.91,10167.91,72593296
NIFTY200 Quality 30,20180824,10075.94,10075.94,10075.94,10075.94,110827064
NIFTY200 Quality 30,20180827,10167.33,10167.33,10167.33,10167.33,44620440
NIFTY200 Quality 30,20180828,10167.65,10167.65,10167.65,10167.65,49983436
NIFTY200 Quality 30,20180829,10121.31,10121.31,10121.31,10121.31,51529880
NIFTY200 Quality 30,20180830,10100.51,10100.51,10100.51,10100.51,74487064
NIFTY200 Quality 30,20180831,10169.17,10169.17,10169.17,10169.17,69866824
NIFTY200 Quality 30,20180903,10079.45,10079.45,10079.45,10079.45,51681436
NIFTY200 Quality 30,20180904,9917.43,9917.43,9917.43,9917.43,72945072
NIFTY200 Quality 30,20180905,9890.19,9890.19,9890.19,9890.19,67316928
NIFTY200 Quality 30,20180906,9908.06,9908.06,9908.06,9908.06,52078228
NIFTY200 Quality 30,20180907,9992.86,9992.86,9992.86,9992.86,44799388
NIFTY200 Quality 30,20180910,9850.89,9850.89,9850.89,9850.89,51548096
NIFTY200 Quality 30,20180911,9713.98,9713.98,9713.98,9713.98,86380888
NIFTY200 Quality 30,20180912,9809.71,9809.71,9809.71,9809.71,72319992
NIFTY200 Quality 30,20180914,9914.24,9914.24,9914.24,9914.24,61687808
NIFTY200 Quality 30,20180917,9851.31,9851.31,9851.31,9851.31,42206412
NIFTY200 Quality 30,20180918,9797.94,9797.94,9797.94,9797.94,54650272
NIFTY200 Quality 30,20180919,9764.97,9764.97,9764.97,9764.97,50630556
NIFTY200 Quality 30,20180921,9691.51,9691.51,9691.51,9691.51,88098712
NIFTY200 Quality 30,20180924,9575.95,9575.95,9575.95,9575.95,60572568
NIFTY200 Quality 30,20180925,9647.61,9647.61,9647.61,9647.61,63478616
NIFTY200 Quality 30,20180926,9579.24,9579.24,9579.24,9579.24,67143016
NIFTY200 Quality 30,20180927,9551.86,9551.86,9551.86,9551.86,83378680
NIFTY200 Quality 30,20180928,9418.17,9418.17,9418.17,9418.17,79035232
NIFTY200 Quality 30,20181001,9541.04,9541.04,9541.04,9541.04,53105292
NIFTY200 Quality 30,20181003,9376.94,9376.94,9376.94,9376.94,57078296
NIFTY200 Quality 30,20181004,9118.49,9118.49,9118.49,9118.49,62680904
NIFTY200 Quality 30,20181005,9002.12,9002.12,9002.12,9002.12,76058960
NIFTY200 Quality 30,20181008,8997.35,8997.35,8997.35,8997.35,62005084
NIFTY200 Quality 30,20181009,8868.65,8868.65,8868.65,8868.65,63680768
NIFTY200 Quality 30,20181010,9031.69,9031.69,9031.69,9031.69,65331648
NIFTY200 Quality 30,20181011,8858.33,8858.33,8858.33,8858.33,70049504
NIFTY200 Quality 30,20181012,9060.18,9060.18,9060.18,9060.18,70373296
NIFTY200 Quality 30,20181015,9058.60,9058.60,9058.60,9058.60,59600560
NIFTY200 Quality 30,20181016,9106.91,9106.91,9106.91,9106.91,52444104
NIFTY200 Quality 30,20181017,9009.70,9009.70,9009.70,9009.70,72185648
NIFTY200 Quality 30,20181019,8915.76,8915.76,8915.76,8915.76,60963272
NIFTY200 Quality 30,20181022,8914.55,8914.55,8914.55,8914.55,55423608
NIFTY200 Quality 30,20181023,8777.06,8777.06,8777.06,8777.06,62846392
NIFTY200 Quality 30,20181024,8819.52,8819.52,8819.52,8819.52,56033476
NIFTY200 Quality 30,20181025,8801.62,8801.62,8801.62,8801.62,70151064
NIFTY200 Quality 30,20181026,8745.28,8745.28,8745.28,8745.28,59287904
NIFTY200 Quality 30,20181029,8902.81,8902.81,8902.81,8902.81,58848480
NIFTY200 Quality 30,20181030,8933.70,8933.70,8933.70,8933.70,56052984
NIFTY200 Quality 30,20181031,9104.58,9104.58,9104.58,9104.58,101815040
NIFTY200 Quality 30,20181101,9024.85,9024.85,9024.85,9024.85,74000744
NIFTY200 Quality 30,20181102,9118.69,9118.69,9118.69,9118.69,107224232
NIFTY200 Quality 30,20181105,9124.85,9124.85,9124.85,9124.85,56885088
NIFTY200 Quality 30,20181106,9095.66,9095.66,9095.66,9095.66,48321020
NIFTY200 Quality 30,20181107,9160.52,9160.52,9160.52,9160.52,5938407
NIFTY200 Quality 30,20181109,9218.14,9218.14,9218.14,9218.14,71604760
NIFTY200 Quality 30,20181112,9155.10,9155.10,9155.10,9155.10,61697304
NIFTY200 Quality 30,20181113,9215.29,9215.29,9215.29,9215.29,52416580
NIFTY200 Quality 30,20181114,9204.50,9204.50,9204.50,9204.50,52182624
NIFTY200 Quality 30,20181115,9230.12,9230.12,9230.12,9230.12,53902600
NIFTY200 Quality 30,20181116,9296.49,9296.49,9296.49,9296.49,60525692
NIFTY200 Quality 30,20181119,9363.39,9363.39,9363.39,9363.39,53838936
NIFTY200 Quality 30,20181120,9281.44,9281.44,9281.44,9281.44,44556700
NIFTY200 Quality 30,20181121,9254.19,9254.19,9254.19,9254.19,54384576
NIFTY200 Quality 30,20181122,9197.87,9197.87,9197.87,9197.87,48392128
NIFTY200 Quality 30,20181126,9324.35,9324.35,9324.35,9324.35,74204504
NIFTY200 Quality 30,20181127,9367.74,9367.74,9367.74,9367.74,58353352
NIFTY200 Quality 30,20181128,9379.24,9379.24,9379.24,9379.24,66688368
NIFTY200 Quality 30,20181129,9407.93,9407.93,9407.93,9407.93,88436256
NIFTY200 Quality 30,20181130,9445.68,9445.68,9445.68,9445.68,88394720
NIFTY200 Quality 30,20181203,9496.10,9496.10,9496.10,9496.10,54059040
NIFTY200 Quality 30,20181204,9506.42,9506.42,9506.42,9506.42,49363284
NIFTY200 Quality 30,20181205,9445.39,9445.39,9445.39,9445.39,52071636
NIFTY200 Quality 30,20181206,9248.48,9248.48,9248.48,9248.48,55484752
NIFTY200 Quality 30,20181207,9300.71,9300.71,9300.71,9300.71,56322924
NIFTY200 Quality 30,20181210,9174.66,9174.66,9174.66,9174.66,57069816
NIFTY200 Quality 30,20181211,9295.82,9295.82,9295.82,9295.82,59468504
NIFTY200 Quality 30,20181212,9503.44,9503.44,9503.44,9503.44,61712340
NIFTY200 Quality 30,20181213,9542.26,9542.26,9542.26,9542.26,65629092
NIFTY200 Quality 30,20181214,9562.34,9562.34,9562.34,9562.34,55240060
NIFTY200 Quality 30,20181217,9590.03,9590.03,9590.03,9590.03,52825648
NIFTY200 Quality 30,20181218,9599.78,9599.78,9599.78,9599.78,51994448
NIFTY200 Quality 30,20181219,9692.78,9692.78,9692.78,9692.78,67057964
NIFTY200 Quality 30,20181220,9667.28,9667.28,9667.28,9667.28,55071376
NIFTY200 Quality 30,20181221,9485.14,9485.14,9485.14,9485.14,67995488
NIFTY200 Quality 30,20181224,9362.75,9362.75,9362.75,9362.75,49163180
NIFTY200 Quality 30,20181226,9346.88,9346.88,9346.88,9346.88,56180332
NIFTY200 Quality 30,20181227,9431.96,9431.96,9431.96,9431.96,91452096
NIFTY200 Quality 30,20181228,9462.55,9462.55,9462.55,9462.55,61233280
NIFTY200 Quality 30,20181231,9482.63,9482.63,9482.63,9482.63,37877808
NIFTY200 Quality 30,20190101,9469.92,9469.92,9469.92,9469.92,25668084
NIFTY200 Quality 30,20190102,9363.51,9363.51,9363.51,9363.51,49712140
NIFTY200 Quality 30,20190103,9296.47,9296.47,9296.47,9296.47,49375600
NIFTY200 Quality 30,20190104,9268.55,9268.55,9268.55,9268.55,48711376
NIFTY200 Quality 30,20190107,9301.26,9301.26,9301.26,9301.26,53172776
NIFTY200 Quality 30,20190108,9300.14,9300.14,9300.14,9300.14,44935816
NIFTY200 Quality 30,20190109,9329.98,9329.98,9329.98,9329.98,58605920
NIFTY200 Quality 30,20190110,9360.36,9360.36,9360.36,9360.36,44219524
NIFTY200 Quality 30,20190111,9345.39,9345.39,9345.39,9345.39,60828248
NIFTY200 Quality 30,20190114,9368.95,9370.80,9276.30,9341.95,53265304
NIFTY200 Quality 30,20190115,9358.15,9467.55,9357.95,9457.75,71126912
NIFTY200 Quality 30,20190116,9460.35,9473.10,9401.90,9416.45,42010400
NIFTY200 Quality 30,20190117,9427.95,9440.15,9379.75,9420.70,47528408
NIFTY200 Quality 30,20190118,9425.70,9442.75,9367.15,9397.85,51521820
NIFTY200 Quality 30,20190121,9414.50,9446.45,9366.20,9383.85,49648504
NIFTY200 Quality 30,20190122,9372.55,9390.05,9299.60,9379.85,61733792
NIFTY200 Quality 30,20190123,9405.45,9415.40,9312.60,9327.05,81662080
NIFTY200 Quality 30,20190124,9337.55,9354.75,9308.25,9330.50,64165736
NIFTY200 Quality 30,20190125,9340.85,9389.75,9220.15,9253.20,54138816
NIFTY200 Quality 30,20190128,9269.35,9274.15,9163.25,9202.10,53266636
NIFTY200 Quality 30,20190129,9192.25,9237.80,9154.20,9214.85,46709280
NIFTY200 Quality 30,20190130,9243.25,9268.65,9185.15,9228.05,62773440
NIFTY200 Quality 30,20190131,9258.10,9339.65,9223.15,9328.20,111542032
NIFTY200 Quality 30,20190201,9354.20,9556.75,9348.95,9506.25,83894576
NIFTY200 Quality 30,20190204,9527.35,9576.45,9496.05,9535.25,61998032
NIFTY200 Quality 30,20190205,9543.20,9593.25,9540.65,9565.35,59147156
NIFTY200 Quality 30,20190206,9614.40,9710.95,9604.80,9692.25,60981792
NIFTY200 Quality 30,20190207,9703.60,9795.00,9697.65,9781.00,46348032
NIFTY200 Quality 30,20190208,9742.05,9794.30,9640.75,9656.55,48216336
NIFTY200 Quality 30,20190211,9647.95,9656.00,9559.35,9632.25,56870056
NIFTY200 Quality 30,20190212,9636.60,9638.55,9559.35,9587.95,60005400
NIFTY200 Quality 30,20190213,9618.50,9628.90,9501.55,9515.40,62671120
NIFTY200 Quality 30,20190214,9500.30,9513.85,9450.15,9459.55,59096884
NIFTY200 Quality 30,20190215,9482.20,9482.35,9295.25,9384.15,88167768
NIFTY200 Quality 30,20190218,9397.20,9407.05,9241.95,9295.85,84480872
NIFTY200 Quality 30,20190219,9295.45,9330.80,9218.30,9230.30,77929272
NIFTY200 Quality 30,20190220,9260.20,9305.60,9227.30,9293.45,54375040
NIFTY200 Quality 30,20190221,9309.95,9347.25,9281.50,9334.25,64970504
NIFTY200 Quality 30,20190222,9343.90,9398.55,9332.45,9392.45,48907044
NIFTY200 Quality 30,20190225,9416.55,9485.90,9391.45,9475.85,72681224
NIFTY200 Quality 30,20190226,9427.85,9523.90,9363.20,9486.30,72045040
NIFTY200 Quality 30,20190227,9519.50,9591.60,9437.70,9487.50,67192720
NIFTY200 Quality 30,20190228,9544.10,9544.10,9453.20,9479.15,138685088
NIFTY200 Quality 30,20190301,9507.40,9548.80,9484.45,9512.60,55786180
NIFTY200 Quality 30,20190305,9504.05,9613.10,9480.00,9605.10,63712080
NIFTY200 Quality 30,20190306,9632.30,9645.20,9590.35,9618.30,70339552
NIFTY200 Quality 30,20190307,9646.80,9646.80,9546.85,9559.15,53603724
NIFTY200 Quality 30,20190308,9551.90,9560.15,9520.70,9549.95,58041728
NIFTY200 Quality 30,20190311,9581.45,9705.85,9577.05,9699.90,80480120
NIFTY200 Quality 30,20190312,9744.10,9793.85,9722.70,9741.20,75060480
NIFTY200 Quality 30,20190313,9764.00,9785.15,9696.10,9712.35,76341432
NIFTY200 Quality 30,20190314,9743.40,9744.10,9663.00,9697.65,58816552
NIFTY200 Quality 30,20190315,9715.50,9737.40,9681.10,9694.50,108978640
NIFTY200 Quality 30,20190318,9730.70,9737.25,9635.25,9656.40,54082596
NIFTY200 Quality 30,20190319,9679.80,9690.95,9624.85,9681.25,65524288
NIFTY200 Quality 30,20190320,9704.55,9709.05,9624.25,9636.30,85022744
NIFTY200 Quality 30,20190322,9641.55,9676.20,9578.85,9602.95,70623672
NIFTY200 Quality 30,20190325,9570.75,9570.75,9512.50,9550.75,49999496
NIFTY200 Quality 30,20190326,9569.80,9627.15,9537.55,9616.05,62500116
NIFTY200 Quality 30,20190327,9640.15,9651.90,9558.10,9571.70,54357076
NIFTY200 Quality 30,20190328,9592.60,9667.10,9587.45,9639.50,99733880
NIFTY200 Quality 30,20190329,9687.30,9689.75,9641.20,9684.70,74719448
NIFTY200 Quality 30,20190401,9727.05,9760.95,9690.50,9707.30,65211856
NIFTY200 Quality 30,20190402,9738.00,9765.05,9685.90,9708.80,64285344
NIFTY200 Quality 30,20190403,9732.15,9743.60,9677.55,9688.80,65461396
NIFTY200 Quality 30,20190404,9712.75,9712.75,9650.70,9700.65,57675812
NIFTY200 Quality 30,20190405,9726.95,9735.50,9689.90,9713.15,48496800
NIFTY200 Quality 30,20190408,9735.70,9741.50,9655.30,9697.85,43271740
NIFTY200 Quality 30,20190409,9701.85,9749.50,9671.65,9741.40,50787380
NIFTY200 Quality 30,20190410,9741.50,9748.15,9682.45,9693.90,52726912
NIFTY200 Quality 30,20190411,9694.55,9716.75,9666.95,9690.15,46486448
NIFTY200 Quality 30,20190412,9700.80,9753.10,9691.60,9745.75,63251824
NIFTY200 Quality 30,20190415,9774.55,9836.80,9768.45,9828.75,96802424
NIFTY200 Quality 30,20190416,9865.45,9903.30,9856.55,9888.00,122390344
NIFTY200 Quality 30,20190418,9909.70,9921.45,9848.90,9860.95,64589040
NIFTY200 Quality 30,20190422,9842.70,9846.45,9783.60,9789.50,37368376
NIFTY200 Quality 30,20190423,9799.00,9811.85,9748.60,9762.15,42588776
NIFTY200 Quality 30,20190424,9777.65,9853.40,9762.40,9845.05,65023100
NIFTY200 Quality 30,20190425,9857.00,9863.40,9773.10,9782.30,92860208
NIFTY200 Quality 30,20190426,9807.85,9830.80,9773.10,9801.15,36773404
NIFTY200 Quality 30,20190430,9791.75,9838.35,9766.55,9830.30,65201052
NIFTY200 Quality 30,20190502,9803.95,9833.40,9720.85,9729.05,62786144
NIFTY200 Quality 30,20190503,9706.30,9718.45,9638.70,9651.55,50539724
NIFTY200 Quality 30,20190506,9596.75,9622.10,9543.85,9558.75,48203416
NIFTY200 Quality 30,20190507,9602.45,9643.90,9533.10,9543.30,68456088
NIFTY200 Quality 30,20190508,9533.40,9538.15,9464.20,9474.85,53084736
NIFTY200 Quality 30,20190509,9458.50,9508.50,9444.90,9485.10,57602140
NIFTY200 Quality 30,20190510,9461.00,9474.55,9418.05,9443.05,57736212
NIFTY200 Quality 30,20190513,9425.35,9466.90,9351.10,9367.20,73489088
NIFTY200 Quality 30,20190514,9350.75,9388.75,9268.55,9347.65,64548924
NIFTY200 Quality 30,20190515,9359.80,9395.65,9315.25,9327.75,59010416
NIFTY200 Quality 30,20190516,9348.00,9397.55,9308.75,9375.45,38757880
NIFTY200 Quality 30,20190517,9382.45,9516.55,9371.45,9501.85,58873592
NIFTY200 Quality 30,20190520,9653.60,9689.30,9546.95,9677.75,66370976
NIFTY200 Quality 30,20190521,9702.75,9705.35,9586.15,9605.60,54049028
NIFTY200 Quality 30,20190522,9602.90,9624.30,9556.00,9609.80,52262328
NIFTY200 Quality 30,20190523,9714.45,9726.90,9524.15,9552.05,79668656
NIFTY200 Quality 30,20190524,9605.80,9653.00,9519.10,9638.90,66984532
NIFTY200 Quality 30,20190527,9634.75,9638.35,9585.25,9606.80,62130296
NIFTY200 Quality 30,20190528,9636.90,9663.80,9608.10,9623.30,104536240
NIFTY200 Quality 30,20190529,9620.05,9632.80,9581.45,9603.80,56877648
NIFTY200 Quality 30,20190530,9625.05,9639.55,9596.20,9608.90,79143064
NIFTY200 Quality 30,20190531,9663.00,9738.75,9627.65,9664.55,98060384
NIFTY200 Quality 30,20190603,9693.80,9869.20,9670.70,9856.00,73187176
NIFTY200 Quality 30,20190604,9828.50,9830.75,9738.45,9750.20,63576264
NIFTY200 Quality 30,20190606,9788.30,9793.75,9728.60,9740.15,66744992
NIFTY200 Quality 30,20190607,9748.00,9753.55,9659.35,9712.70,41909120
NIFTY200 Quality 30,20190610,9768.55,9831.20,9759.85,9801.75,45808264
NIFTY200 Quality 30,20190611,9830.15,9838.05,9794.55,9821.60,46269124
NIFTY200 Quality 30,20190612,9820.15,9820.15,9736.75,9776.55,42013596
NIFTY200 Quality 30,20190613,9753.75,9767.80,9695.40,9746.90,39883344
NIFTY200 Quality 30,20190614,9737.20,9744.55,9631.20,9649.25,37449672
NIFTY200 Quality 30,20190617,9655.65,9660.15,9561.95,9575.20,39522368
NIFTY200 Quality 30,20190618,9577.35,9600.00,9529.55,9578.80,50773828
NIFTY200 Quality 30,20190619,9614.10,9636.10,9520.15,9562.40,38245224
NIFTY200 Quality 30,20190620,9512.55,9660.65,9497.65,9652.15,48776616
NIFTY200 Quality 30,20190621,9646.45,9649.05,9546.10,9566.70,96780368
NIFTY200 Quality 30,20190624,9572.10,9582.70,9506.40,9527.15,40891984
NIFTY200 Quality 30,20190625,9512.10,9577.60,9478.10,9567.95,41189820
NIFTY200 Quality 30,20190626,9539.40,9585.45,9531.80,9539.75,44165780
NIFTY200 Quality 30,20190627,9547.45,9581.05,9523.65,9534.60,89543728
NIFTY200 Quality 30,20190628,9554.85,9565.55,9487.15,9496.25,58222480
NIFTY200 Quality 30,20190701,9530.85,9553.65,9506.10,9512.25,52742136
NIFTY200 Quality 30,20190702,9522.60,9580.90,9487.35,9571.90,53388544
NIFTY200 Quality 30,20190703,9593.05,9602.90,9568.65,9576.60,78311096
NIFTY200 Quality 30,20190704,9579.55,9601.25,9573.15,9584.80,72345616
NIFTY200 Quality 30,20190705,9602.90,9619.60,9444.80,9465.65,103591704
NIFTY200 Quality 30,20190708,9437.05,9437.05,9271.90,9290.05,71701360
NIFTY200 Quality 30,20190709,9267.20,9267.50,9148.00,9204.55,87303296
NIFTY200 Quality 30,20190710,9187.05,9255.35,9147.70,9158.00,68396304
NIFTY200 Quality 30,20190711,9192.65,9221.95,9136.50,9214.15,59837728
NIFTY200 Quality 30,20190712,9212.15,9279.55,9198.20,9232.70,59729328
NIFTY200 Quality 30,20190715,9275.80,9283.30,9196.75,9256.60,76634912
NIFTY200 Quality 30,20190716,9244.25,9334.05,9218.75,9326.90,62809904
NIFTY200 Quality 30,20190717,9322.35,9381.00,9307.55,9373.85,57768320
NIFTY200 Quality 30,20190718,9358.25,9359.10,9270.00,9281.00,66655132
NIFTY200 Quality 30,20190719,9306.55,9321.20,9113.35,9130.10,90135032
NIFTY200 Quality 30,20190722,9123.85,9169.90,9072.75,9142.20,61754248
NIFTY200 Quality 30,20190723,9159.95,9201.80,9134.25,9158.50,68517616
NIFTY200 Quality 30,20190724,9151.25,9173.80,9035.95,9076.05,70853384
NIFTY200 Quality 30,20190725,9085.05,9136.75,9073.80,9094.35,94896024
NIFTY200 Quality 30,20190726,9084.65,9189.10,9058.05,9160.00,57976864
NIFTY200 Quality 30,20190729,9111.15,9126.35,9017.00,9033.50,81286720
NIFTY200 Quality 30,20190730,9035.15,9081.25,8933.35,8945.20,97026600
NIFTY200 Quality 30,20190731,8932.80,9028.25,8841.60,9013.85,94793592
NIFTY200 Quality 30,20190801,8973.85,9005.90,8875.90,8945.95,70416568
NIFTY200 Quality 30,20190802,8908.05,9042.25,8851.80,8990.25,82757888
NIFTY200 Quality 30,20190805,8931.05,8983.50,8871.75,8953.75,83226544
NIFTY200 Quality 30,20190806,8926.90,9096.75,8925.70,9077.85,100902392
NIFTY200 Quality 30,20190807,9074.75,9104.35,9011.60,9025.05,97111744
NIFTY200 Quality 30,20190808,9060.75,9197.20,9048.85,9183.05,87942224
NIFTY200 Quality 30,20190809,9200.05,9293.10,9195.95,9255.80,101370536
NIFTY200 Quality 30,20190813,9257.25,9257.25,9099.95,9110.80,106536160
NIFTY200 Quality 30,20190814,9144.55,9192.05,9087.05,9151.80,95271456
NIFTY200 Quality 30,20190816,9127.35,9199.25,9044.70,9191.95,99249864
NIFTY200 Quality 30,20190819,9230.70,9265.35,9163.60,9172.65,72101664
NIFTY200 Quality 30,20190820,9194.55,9213.30,9144.10,9187.05,86592048
NIFTY200 Quality 30,20190821,9183.95,9195.35,9105.35,9118.10,79857144
NIFTY200 Quality 30,20190822,9103.15,9121.80,9051.75,9062.80,88724128
NIFTY200 Quality 30,20190823,9050.80,9152.10,9026.65,9126.25,96708528
NIFTY200 Quality 30,20190826,9240.30,9240.90,9044.40,9221.55,82410464
NIFTY200 Quality 30,20190827,9253.50,9311.25,9204.50,9264.40,107622688
NIFTY200 Quality 30,20190828,9259.00,9298.00,9202.90,9242.55,74551920
NIFTY200 Quality 30,20190829,9202.45,9277.90,9174.10,9247.35,108048152
NIFTY200 Quality 30,20190830,9274.75,9339.70,9199.95,9322.40,90085288
NIFTY200 Quality 30,20190903,9288.10,9316.00,9180.55,9199.85,70058928
NIFTY200 Quality 30,20190904,9209.85,9242.10,9084.25,9155.05,66625968
NIFTY200 Quality 30,20190905,9177.75,9233.40,9175.85,9199.70,85591168
NIFTY200 Quality 30,20190906,9227.25,9266.80,9195.55,9261.20,95379480
NIFTY200 Quality 30,20190909,9245.65,9290.75,9208.05,9284.90,56559032
NIFTY200 Quality 30,20190911,9297.40,9331.00,9288.00,9319.15,74774336
NIFTY200 Quality 30,20190912,9330.55,9357.50,9257.35,9268.05,66987452
NIFTY200 Quality 30,20190913,9287.60,9336.70,9243.00,9326.00,72926928
NIFTY200 Quality 30,20190916,9284.15,9360.10,9263.45,9349.05,60715208
NIFTY200 Quality 30,20190917,9353.45,9354.00,9208.75,9218.20,73607368
NIFTY200 Quality 30,20190918,9252.70,9261.45,9175.60,9227.05,68860784
NIFTY200 Quality 30,20190919,9227.80,9227.80,9105.25,9128.35,71481048
NIFTY200 Quality 30,20190920,9153.90,9683.45,9104.45,9633.65,223101024
NIFTY200 Quality 30,20190923,9761.35,9991.55,9759.90,9885.30,156700688
NIFTY200 Quality 30,20190924,9913.30,9936.50,9833.75,9891.85,105653872
NIFTY200 Quality 30,20190925,9870.80,9871.30,9711.60,9730.65,90046968
NIFTY200 Quality 30,20190926,9734.80,9832.90,9729.50,9819.70,129139744
NIFTY200 Quality 30,20190927,9809.95,9834.35,9774.50,9789.10,86109824
NIFTY200 Quality 30,20190930,9782.25,9785.75,9660.40,9739.35,163292448
NIFTY200 Quality 30,20191001,9757.90,9789.65,9587.45,9663.30,152085216
NIFTY200 Quality 30,20191003,9660.95,9682.05,9589.85,9620.70,96789864
NIFTY200 Quality 30,20191004,9654.55,9667.65,9484.75,9496.55,92570552
NIFTY200 Quality 30,20191007,9504.20,9523.50,9430.70,9492.45,85256480
NIFTY200 Quality 30,20191009,9487.90,9552.95,9434.85,9546.55,91249688
NIFTY200 Quality 30,20191010,9531.40,9561.55,9481.30,9512.50,141610752
NIFTY200 Quality 30,20191011,9509.65,9616.60,9507.35,9606.45,185251520
NIFTY200 Quality 30,20191014,9605.80,9669.25,9588.75,9645.75,107913616
NIFTY200 Quality 30,20191015,9664.00,9771.40,9644.90,9735.55,112021432
NIFTY200 Quality 30,20191016,9753.55,9761.10,9672.00,9701.55,117460136
NIFTY200 Quality 30,20191017,9702.50,9839.00,9682.20,9831.10,160689984
NIFTY200 Quality 30,20191018,9825.80,9945.00,9815.35,9928.15,140239024
NIFTY200 Quality 30,20191022,9894.20,9948.95,9808.75,9824.35,230141408
NIFTY200 Quality 30,20191023,9816.90,9926.10,9805.95,9885.45,177242352
NIFTY200 Quality 30,20191024,9948.65,9963.50,9894.80,9924.75,142525168
NIFTY200 Quality 30,20191025,9966.70,9967.80,9876.60,9921.45,137708208
NIFTY200 Quality 30,20191029,9938.45,10073.55,9894.40,10060.90,142573024
NIFTY200 Quality 30,20191030,10127.95,10128.00,10047.45,10090.85,155604544
NIFTY200 Quality 30,20191031,10118.50,10186.60,10115.90,10170.65,146554528
NIFTY200 Quality 30,20191101,10182.90,10215.05,10117.75,10136.05,127865248
NIFTY200 Quality 30,20191104,10155.85,10164.65,10069.60,10103.45,122819936
NIFTY200 Quality 30,20191105,10115.25,10117.10,10030.95,10083.20,125233440
NIFTY200 Quality 30,20191106,10053.45,10096.90,10011.70,10053.65,141886256
NIFTY200 Quality 30,20191107,10102.80,10126.35,10049.15,10114.75,164532224
NIFTY200 Quality 30,20191108,10123.60,10133.80,10001.70,10010.75,150284160
NIFTY200 Quality 30,20191111,9995.50,10028.90,9954.65,9967.75,106303320
NIFTY200 Quality 30,20191113,10000.35,10021.05,9876.60,9893.80,125566160
NIFTY200 Quality 30,20191114,9911.65,9934.95,9875.55,9901.10,104538096
NIFTY200 Quality 30,20191115,9929.75,9957.55,9853.60,9864.75,93791808
NIFTY200 Quality 30,20191118,9869.15,9883.95,9795.15,9805.10,86975320
NIFTY200 Quality 30,20191119,9832.70,9834.15,9764.50,9785.70,80605576
NIFTY200 Quality 30,20191120,9808.45,9833.60,9771.90,9821.85,71512928
NIFTY200 Quality 30,20191121,9835.40,9850.30,9740.00,9752.60,119978544
NIFTY200 Quality 30,20191122,9741.70,9746.70,9636.45,9672.50,130512944
NIFTY200 Quality 30,20191125,9684.40,9814.90,9681.55,9804.40,110692608
NIFTY200 Quality 30,20191126,9837.30,9870.15,9722.60,9736.80,239262176
NIFTY200 Quality 30,20191127,9762.25,9830.20,9756.70,9822.70,79953432
NIFTY200 Quality 30,20191128,9845.45,9883.20,9813.90,9872.00,217334736
NIFTY200 Quality 30,20191129,9884.75,9895.00,9746.75,9779.65,219834176
NIFTY200 Quality 30,20191202,9789.10,9793.35,9690.30,9731.65,151333792
NIFTY200 Quality 30,20191203,9746.35,9765.40,9694.40,9716.75,104432648
NIFTY200 Quality 30,20191204,9703.95,9757.70,9687.80,9746.35,95368376
NIFTY200 Quality 30,20191205,9754.55,9775.75,9718.80,9732.50,76624328
NIFTY200 Quality 30,20191206,9755.80,9773.60,9642.10,9660.60,88032288
NIFTY200 Quality 30,20191209,9693.60,9697.40,9635.60,9645.80,92909848
NIFTY200 Quality 30,20191210,9658.95,9659.50,9568.70,9577.50,105513920
NIFTY200 Quality 30,20191211,9594.15,9614.25,9558.75,9600.90,100199976
NIFTY200 Quality 30,20191212,9634.20,9668.90,9598.50,9635.35,109011128
NIFTY200 Quality 30,20191213,9671.60,9715.40,9662.90,9709.95,126581160
NIFTY200 Quality 30,20191216,9732.40,9754.95,9657.00,9665.15,102878896
NIFTY200 Quality 30,20191217,9697.95,9740.65,9687.05,9723.75,95316840
NIFTY200 Quality 30,20191218,9738.80,9790.50,9709.75,9776.05,105524856
NIFTY200 Quality 30,20191219,9785.70,9825.90,9771.50,9810.65,78321256
NIFTY200 Quality 30,20191220,9815.75,9846.05,9807.50,9819.30,111382896
NIFTY200 Quality 30,20191223,9813.95,9863.95,9801.15,9839.55,84755592
NIFTY200 Quality 30,20191224,9853.70,9858.25,9803.85,9813.75,80495200
NIFTY200 Quality 30,20191226,9827.40,9833.65,9772.25,9779.85,99465608
NIFTY200 Quality 30,20191227,9810.90,9870.10,9784.60,9858.35,91082624
NIFTY200 Quality 30,20191230,9874.90,9919.95,9865.15,9907.60,68560888
NIFTY200 Quality 30,20191231,9903.00,9909.20,9844.70,9853.35,80634400
NIFTY200 Quality 30,20200101,9874.45,9884.30,9848.20,9854.70,45983200
NIFTY200 Quality 30,20200102,9871.05,9873.55,9833.60,9844.90,76771456
NIFTY200 Quality 30,20200103,9836.15,9851.55,9801.40,9823.50,92848280
NIFTY200 Quality 30,20200106,9800.50,9805.35,9674.50,9689.45,84271104
NIFTY200 Quality 30,20200107,9718.75,9774.35,9698.10,9711.25,80163896
NIFTY200 Quality 30,20200108,9632.75,9699.60,9620.45,9681.50,77751912
NIFTY200 Quality 30,20200109,9759.85,9781.90,9733.20,9771.90,100058712
NIFTY200 Quality 30,20200110,9807.95,9865.40,9800.30,9847.00,95324256
NIFTY200 Quality 30,20200113,9890.30,9931.25,9885.00,9927.20,107630920
NIFTY200 Quality 30,20200114,9938.70,10042.35,9928.40,10034.15,81528816
NIFTY200 Quality 30,20200115,10038.85,10113.45,10016.75,10102.25,86329848
NIFTY200 Quality 30,20200116,10113.00,10155.45,10095.85,10146.60,71300056
NIFTY200 Quality 30,20200117,10147.15,10187.35,10133.55,10164.65,62756476
NIFTY200 Quality 30,20200120,10188.00,10200.90,10084.70,10093.15,74453888
NIFTY200 Quality 30,20200121,10071.60,10075.65,10007.65,10015.60,64317856
NIFTY200 Quality 30,20200122,10039.20,10039.90,9969.80,9981.00,89615392
NIFTY200 Quality 30,20200123,9983.85,10063.20,9975.80,10057.50,102074608
NIFTY200 Quality 30,20200124,10066.95,10179.50,10058.45,10164.35,85195744
NIFTY200 Quality 30,20200127,10145.35,10189.30,10112.35,10125.45,64453240
NIFTY200 Quality 30,20200128,10144.85,10145.25,10039.75,10058.30,78260856
NIFTY200 Quality 30,20200129,10108.05,10153.75,10099.35,10127.45,84286752
NIFTY200 Quality 30,20200130,10142.05,10145.45,9991.40,10009.75,85362392
NIFTY200 Quality 30,20200131,10050.95,10052.65,9886.40,9904.45,122810032
NIFTY200 Quality 30,20200203,9749.00,9943.35,9746.95,9886.40,182199568
NIFTY200 Quality 30,20200204,9942.90,10034.95,9926.30,10014.60,143446816
NIFTY200 Quality 30,20200205,10049.85,10064.45,9970.45,10013.95,114182960
NIFTY200 Quality 30,20200206,10041.90,10088.90,9982.30,10025.90,185335152
NIFTY200 Quality 30,20200207,10061.70,10073.10,10022.15,10055.55,112079952
NIFTY200 Quality 30,20200210,10066.20,10066.20,9957.50,9979.10,81922584
NIFTY200 Quality 30,20200211,10038.90,10068.55,10005.35,10015.10,143105072
NIFTY200 Quality 30,20200212,10043.25,10131.45,10040.70,10097.65,129792520
NIFTY200 Quality 30,20200213,10101.85,10106.45,10048.10,10084.35,84701680
NIFTY200 Quality 30,20200214,10083.65,10119.75,9977.10,10001.80,88132848
NIFTY200 Quality 30,20200217,10019.45,10023.10,9932.05,9939.30,87105248
NIFTY200 Quality 30,20200218,9933.65,9943.65,9845.70,9925.45,110660192
NIFTY200 Quality 30,20200219,9988.20,10029.35,9949.10,10023.45,85989344
NIFTY200 Quality 30,20200220,10030.90,10062.50,9983.35,9990.70,141662848
NIFTY200 Quality 30,20200224,9962.05,9967.60,9795.90,9811.00,108976720
NIFTY200 Quality 30,20200225,9850.55,9898.70,9784.90,9796.80,109497784
NIFTY200 Quality 30,20200226,9766.70,9795.45,9682.50,9707.55,110597952
NIFTY200 Quality 30,20200227,9706.60,9710.45,9607.55,9694.75,104801696
NIFTY200 Quality 30,20200228,9514.50,9531.30,9337.40,9355.70,160874992
NIFTY200 Quality 30,20200302,9488.45,9587.15,9302.75,9367.40,158924880
NIFTY200 Quality 30,20200303,9436.95,9558.25,9384.80,9527.55,136958976
NIFTY200 Quality 30,20200304,9570.60,9603.05,9412.40,9561.60,141057504
NIFTY200 Quality 30,20200305,9610.05,9711.90,9605.10,9635.15,123450728
NIFTY200 Quality 30,20200306,9404.00,9541.90,9353.85,9506.75,128006808
NIFTY200 Quality 30,20200309,9352.00,9365.50,9040.75,9138.45,146187488
NIFTY200 Quality 30,20200311,9062.10,9214.75,9042.40,9146.25,180714048
NIFTY200 Quality 30,20200312,8863.65,8876.65,8408.15,8495.20,226698512
NIFTY200 Quality 30,20200313,8051.55,8755.30,7529.35,8531.40,227597776
NIFTY200 Quality 30,20200316,8322.10,8354.95,8000.55,8057.85,154827568
NIFTY200 Quality 30,20200317,8086.35,8321.95,7987.50,8097.85,173342352
NIFTY200 Quality 30,20200318,8201.35,8237.30,7723.00,7761.80,179050032
NIFTY200 Quality 30,20200319,7442.10,7772.60,7232.30,7513.65,284130848
NIFTY200 Quality 30,20200320,7569.85,8087.05,7539.60,7992.65,309539360
NIFTY200 Quality 30,20200323,7350.60,7518.20,7132.40,7169.70,178938080
NIFTY200 Quality 30,20200324,7300.50,7564.70,7202.85,7413.90,173429136
NIFTY200 Quality 30,20200325,7309.90,7668.25,7300.25,7627.30,169583120
NIFTY200 Quality 30,20200326,7730.00,7940.30,7646.30,7868.40,206968384
NIFTY200 Quality 30,20200327,8072.85,8124.60,7723.15,7816.85,159842176
NIFTY200 Quality 30,20200330,7644.55,7842.70,7598.55,7735.40,121854960
NIFTY200 Quality 30,20200331,7917.35,8092.40,7794.00,8042.10,141451424
NIFTY200 Quality 30,20200401,8030.55,8033.75,7772.25,7799.20,113583616
NIFTY200 Quality 30,20200403,7850.50,7853.90,7626.20,7640.85,162212880
NIFTY200 Quality 30,20200407,7887.00,8287.10,7873.35,8271.35,144362816
NIFTY200 Quality 30,20200408,8199.65,8588.65,8184.35,8308.60,150855056
NIFTY200 Quality 30,20200409,8495.55,8568.90,8430.05,8541.90,148549888
NIFTY200 Quality 30,20200413,8520.15,8534.50,8354.00,8446.35,108133104
NIFTY200 Quality 30,20200415,8553.10,8737.25,8543.80,8619.15,190273392
NIFTY200 Quality 30,20200416,8539.55,8679.55,8466.75,8616.15,183224224
NIFTY200 Quality 30,20200417,8825.10,8831.60,8579.60,8638.35,192507568
NIFTY200 Quality 30,20200420,8715.95,8718.05,8578.65,8598.30,159334416
NIFTY200 Quality 30,20200421,8430.95,8522.55,8412.45,8471.50,128424288
NIFTY200 Quality 30,20200422,8456.35,8686.35,8423.45,8673.15,128129688
NIFTY200 Quality 30,20200423,8686.20,8823.60,8666.25,8715.25,142404080
NIFTY200 Quality 30,20200424,8665.25,8739.50,8624.40,8639.65,113494456
NIFTY200 Quality 30,20200427,8717.95,8812.85,8709.05,8794.00,98331896
NIFTY200 Quality 30,20200428,8863.40,8873.30,8699.30,8721.65,101103864
NIFTY200 Quality 30,20200429,8771.85,8782.20,8717.75,8752.65,156767728
NIFTY200 Quality 30,20200430,8898.30,9017.35,8839.65,8981.10,167862384
NIFTY200 Quality 30,20200504,8721.20,8730.75,8533.75,8542.45,134924704
NIFTY200 Quality 30,20200505,8643.95,8669.70,8429.00,8439.55,124717216
NIFTY200 Quality 30,20200506,8451.30,8494.65,8304.75,8416.25,165621024
NIFTY200 Quality 30,20200507,8391.70,8407.15,8276.00,8287.95,311689792
NIFTY200 Quality 30,20200508,8423.40,8424.00,8350.20,8369.10,139192256
NIFTY200 Quality 30,20200511,8445.15,8535.85,8428.60,8466.15,110795704
NIFTY200 Quality 30,20200512,8425.20,8478.10,8326.15,8461.90,132315584
NIFTY200 Quality 30,20200513,8721.05,8721.15,8494.05,8513.20,156250512
NIFTY200 Quality 30,20200514,8412.60,8506.40,8391.75,8453.95,153178208
NIFTY200 Quality 30,20200515,8495.15,8495.45,8386.25,8433.50,110978680
NIFTY200 Quality 30,20200518,8446.00,8449.15,8253.95,8264.95,142534336
NIFTY200 Quality 30,20200519,8329.45,8368.85,8274.75,8310.30,112664928
NIFTY200 Quality 30,20200520,8310.85,8425.60,8294.05,8403.65,108831592
NIFTY200 Quality 30,20200521,8432.35,8530.35,8401.45,8513.90,138470432
NIFTY200 Quality 30,20200522,8488.75,8545.75,8440.80,8518.75,134178704
NIFTY200 Quality 30,20200526,8573.20,8615.50,8536.40,8559.05,133776304
NIFTY200 Quality 30,20200527,8588.00,8630.50,8480.10,8622.20,115098352
NIFTY200 Quality 30,20200528,8643.45,8809.40,8603.55,8788.20,123875032
NIFTY200 Quality 30,20200529,8731.00,9014.15,8704.70,8987.25,212960448
NIFTY200 Quality 30,20200601,9061.70,9198.95,9051.30,9151.50,160635184
NIFTY200 Quality 30,20200602,9196.45,9242.45,9129.95,9153.85,113434256
NIFTY200 Quality 30,20200603,9249.45,9297.90,9170.65,9192.70,120977784
NIFTY200 Quality 30,20200604,9198.65,9270.40,9124.70,9206.35,124708816
NIFTY200 Quality 30,20200605,9264.20,9269.20,9167.35,9209.25,99932880
NIFTY200 Quality 30,20200608,9301.45,9301.60,9182.45,9201.45,169254352
NIFTY200 Quality 30,20200609,9217.85,9306.85,9138.25,9156.95,179210352
NIFTY200 Quality 30,20200610,9174.45,9196.00,9097.85,9125.45,158199168
NIFTY200 Quality 30,20200611,9126.25,9167.00,8973.40,8987.15,124781840
NIFTY200 Quality 30,20200612,8715.20,9034.05,8712.30,9019.55,132464368
NIFTY200 Quality 30,20200615,9025.05,9050.85,8879.55,8907.20,114716320
NIFTY200 Quality 30,20200616,9032.20,9048.60,8855.90,8927.10,122129744
NIFTY200 Quality 30,20200617,8908.95,8976.65,8894.45,8918.20,110238720
NIFTY200 Quality 30,20200618,8908.95,8973.70,8878.50,8949.45,133250144
NIFTY200 Quality 30,20200619,8980.85,9029.80,8935.95,9012.80,240445168
NIFTY200 Quality 30,20200622,9070.90,9166.70,9047.05,9140.20,193231808
NIFTY200 Quality 30,20200623,9176.20,9271.05,9161.60,9259.60,166192976
NIFTY200 Quality 30,20200624,9303.50,9411.20,9233.35,9253.65,196854624
NIFTY200 Quality 30,20200625,9205.10,9312.75,9176.45,9252.90,273867872
NIFTY200 Quality 30,20200626,9328.40,9371.50,9283.50,9310.30,211967456
NIFTY200 Quality 30,20200629,9294.10,9306.90,9206.45,9229.60,198283984
NIFTY200 Quality 30,20200630,9297.45,9316.00,9242.15,9253.45,149063056
NIFTY200 Quality 30,20200701,9280.65,9283.10,9229.75,9252.55,171691536
NIFTY200 Quality 30,20200702,9287.55,9383.95,9281.40,9372.30,164692448
NIFTY200 Quality 30,20200703,9411.40,9475.70,9396.95,9463.65,165209008
NIFTY200 Quality 30,20200706,9520.55,9549.10,9479.70,9522.80,145328032
NIFTY200 Quality 30,20200707,9556.95,9597.30,9483.65,9585.95,156614336
NIFTY200 Quality 30,20200708,9604.55,9620.50,9455.50,9475.30,108189256
NIFTY200 Quality 30,20200709,9501.25,9524.55,9437.55,9473.15,99610568
NIFTY200 Quality 30,20200710,9452.70,9494.45,9427.15,9471.95,105155112
NIFTY200 Quality 30,20200713,9525.85,9598.65,9519.55,9587.10,145160608
NIFTY200 Quality 30,20200714,9571.65,9585.05,9444.50,9455.05,113017456
NIFTY200 Quality 30,20200715,9506.65,9602.20,9498.75,9519.40,146632544
NIFTY200 Quality 30,20200716,9613.90,9625.25,9514.60,9610.45,219617968
NIFTY200 Quality 30,20200717,9638.60,9730.90,9628.25,9694.80,157165824
NIFTY200 Quality 30,20200720,9758.20,9844.15,9726.25,9825.80,125512424
NIFTY200 Quality 30,20200721,9875.45,9906.35,9799.80,9807.30,135457792
NIFTY200 Quality 30,20200722,9839.70,9841.60,9682.30,9731.65,134508640
NIFTY200 Quality 30,20200723,9747.00,9813.10,9726.45,9800.25,112817288
NIFTY200 Quality 30,20200724,9750.25,9801.20,9686.50,9789.65,177720320
NIFTY200 Quality 30,20200727,9815.70,9854.55,9729.60,9815.40,120695048
NIFTY200 Quality 30,20200728,9841.30,9938.90,9837.10,9928.45,135332096
NIFTY200 Quality 30,20200729,9920.05,9974.20,9871.10,9899.90,99529984
NIFTY200 Quality 30,20200730,9944.60,9996.30,9862.10,9882.30,122756008
NIFTY200 Quality 30,20200731,9922.15,9980.95,9872.70,9905.20,128777936
NIFTY200 Quality 30,20200803,9932.00,9967.05,9835.60,9849.00,95816352
NIFTY200 Quality 30,20200804,9911.55,9933.75,9852.05,9877.10,121847704
NIFTY200 Quality 30,20200805,9916.05,9954.25,9865.25,9904.25,137709936
NIFTY200 Quality 30,20200806,9958.55,10011.55,9933.40,9998.85,105953840
NIFTY200 Quality 30,20200807,9994.20,10081.20,9976.40,10053.25,119026648
NIFTY200 Quality 30,20200810,10120.60,10143.05,10076.30,10091.55,114893504
NIFTY200 Quality 30,20200811,10130.55,10196.90,10072.15,10080.85,162319872
NIFTY200 Quality 30,20200812,10074.35,10148.00,10052.25,10138.95,114819272
NIFTY200 Quality 30,20200813,10171.50,10212.05,10136.95,10156.35,113674768
NIFTY200 Quality 30,20200814,10189.30,10190.25,10022.70,10049.05,117202768
NIFTY200 Quality 30,20200817,10123.15,10229.85,10056.85,10212.95,120885824
NIFTY200 Quality 30,20200818,10233.90,10315.45,10231.20,10290.90,109679736
NIFTY200 Quality 30,20200819,10331.20,10342.30,10256.45,10265.85,89586240
NIFTY200 Quality 30,20200820,10218.65,10306.75,10185.90,10281.10,103629392
NIFTY200 Quality 30,20200821,10366.75,10402.00,10331.65,10373.40,102166512
NIFTY200 Quality 30,20200824,10410.20,10451.10,10366.35,10380.50,100805880
NIFTY200 Quality 30,20200825,10419.75,10431.35,10337.45,10376.45,99937952
NIFTY200 Quality 30,20200826,10428.70,10433.60,10374.95,10411.65,149881936
NIFTY200 Quality 30,20200827,10461.35,10464.10,10375.95,10400.30,131544520
NIFTY200 Quality 30,20200828,10443.60,10451.35,10338.75,10349.25,126638960
NIFTY200 Quality 30,20200831,10397.75,10410.35,10031.00,10072.65,232046192
NIFTY200 Quality 30,20200901,10122.35,10177.60,10050.65,10142.50,133529104
NIFTY200 Quality 30,20200902,10175.95,10240.95,10140.25,10204.40,97816280
NIFTY200 Quality 30,20200903,10243.35,10316.80,10224.20,10296.90,103790320
NIFTY200 Quality 30,20200904,10171.05,10260.60,10137.50,10158.40,114512232
NIFTY200 Quality 30,20200907,10187.90,10223.25,10069.45,10207.60,107970448
NIFTY200 Quality 30,20200908,10220.65,10285.65,10163.35,10184.70,125837952
NIFTY200 Quality 30,20200909,10109.25,10196.90,10095.65,10180.35,109490728
NIFTY200 Quality 30,20200910,10234.65,10249.40,10154.70,10237.05,96423120
NIFTY200 Quality 30,20200911,10226.25,10304.70,10225.75,10294.20,109365360
NIFTY200 Quality 30,20200914,10367.00,10476.55,10346.25,10428.50,171254976
NIFTY200 Quality 30,20200915,10450.85,10475.65,10398.55,10423.15,130244600
NIFTY200 Quality 30,20200916,10442.80,10493.80,10425.75,10480.80,134684960
NIFTY200 Quality 30,20200917,10454.45,10517.70,10435.20,10453.55,137790080
NIFTY200 Quality 30,20200918,10500.95,10506.00,10430.30,10458.30,145074592
NIFTY200 Quality 30,20200921,10479.00,10507.20,10181.05,10213.85,187309680
NIFTY200 Quality 30,20200922,10242.00,10258.85,10010.35,10167.00,168528704
NIFTY200 Quality 30,20200923,10221.10,10271.85,10092.55,10172.95,168106416
NIFTY200 Quality 30,20200924,10096.50,10096.50,9922.00,9941.55,156226464
NIFTY200 Quality 30,20200925,10026.30,10212.40,10010.40,10189.95,193819696
NIFTY200 Quality 30,20200928,10268.70,10361.00,10211.10,10346.95,118190376
NIFTY200 Quality 30,20200929,10402.25,10450.80,10300.85,10312.20,131303720
NIFTY200 Quality 30,20200930,10337.00,10425.75,10308.50,10392.60,127476992
NIFTY200 Quality 30,20201001,10483.35,10498.75,10454.60,10479.05,107559240
NIFTY200 Quality 30,20201005,10554.35,10588.80,10506.55,10569.15,129504424
NIFTY200 Quality 30,20201006,10641.05,10644.45,10569.00,10604.10,124176016
NIFTY200 Quality 30,20201007,10622.40,10702.15,10598.55,10687.45,120606112
NIFTY200 Quality 30,20201008,10778.75,10823.75,10719.70,10763.80,169462160
NIFTY200 Quality 30,20201009,10774.90,10803.40,10718.50,10749.75,130280936
NIFTY200 Quality 30,20201012,10809.65,10818.45,10709.60,10756.00,157203328
NIFTY200 Quality 30,20201013,10766.55,10843.60,10729.00,10767.75,145619744
NIFTY200 Quality 30,20201014,10776.35,10776.95,10684.75,10723.75,163506272
NIFTY200 Quality 30,20201015,10773.65,10780.75,10545.75,10564.95,171450880
NIFTY200 Quality 30,20201016,10592.95,10659.20,10494.30,10588.15,136901840
NIFTY200 Quality 30,20201019,10653.25,10654.25,10594.40,10626.25,112506688
NIFTY200 Quality 30,20201020,10614.95,10704.15,10596.65,10681.20,120779192
NIFTY200 Quality 30,20201021,10724.25,10750.70,10508.00,10591.65,128063648
NIFTY200 Quality 30,20201022,10570.55,10590.40,10504.55,10557.75,116378256
NIFTY200 Quality 30,20201023,10604.55,10650.80,10589.65,10632.40,108792616
NIFTY200 Quality 30,20201026,10651.40,10658.05,10442.10,10480.25,101671416
NIFTY200 Quality 30,20201027,10501.05,10644.10,10480.00,10624.95,139376480
NIFTY200 Quality 30,20201028,10656.80,10672.15,10507.85,10539.35,112101480
NIFTY200 Quality 30,20201029,10470.80,10540.60,10435.90,10520.95,116304040
NIFTY200 Quality 30,20201030,10530.70,10593.90,10407.60,10467.30,116478464
NIFTY200 Quality 30,20201102,10507.35,10526.00,10388.40,10424.45,95366112
NIFTY200 Quality 30,20201103,10479.35,10565.10,10461.75,10475.55,122120280
NIFTY200 Quality 30,20201104,10493.55,10631.35,10486.75,10571.00,109236776
NIFTY200 Quality 30,20201105,10681.80,10762.45,10667.85,10746.65,118047448
NIFTY200 Quality 30,20201106,10773.05,10821.95,10729.05,10788.80,148534736
NIFTY200 Quality 30,20201109,10914.85,10932.80,10834.75,10907.70,129431272
NIFTY200 Quality 30,20201110,10923.70,10923.70,10700.30,10742.90,171552464
NIFTY200 Quality 30,20201111,10789.00,10878.85,10723.70,10865.65,181231504
NIFTY200 Quality 30,20201112,10871.95,10924.80,10839.40,10899.00,211487664
NIFTY200 Quality 30,20201113,10900.40,10964.55,10886.30,10944.30,144210544
NIFTY200 Quality 30,20201117,11056.55,11056.55,10931.05,10981.25,117547040
NIFTY200 Quality 30,20201118,10974.20,10979.85,10864.15,10934.70,120882400
NIFTY200 Quality 30,20201119,10904.35,11033.80,10858.55,10880.70,168446880
NIFTY200 Quality 30,20201120,10933.75,11010.50,10917.00,10999.45,142438752
NIFTY200 Quality 30,20201123,11048.95,11140.45,11018.00,11131.40,117253232
NIFTY200 Quality 30,20201124,11174.20,11240.10,11165.20,11211.15,140677040
NIFTY200 Quality 30,20201125,11245.95,11253.75,11010.90,11037.95,173192480
NIFTY200 Quality 30,20201126,11062.00,11126.10,10963.95,11098.75,113369744
NIFTY200 Quality 30,20201127,11151.00,11216.10,11083.50,11172.20,275112960
NIFTY200 Quality 30,20201201,11296.10,11297.80,11192.40,11259.00,107808224
NIFTY200 Quality 30,20201202,11276.35,11376.45,11237.90,11367.75,129144352
NIFTY200 Quality 30,20201203,11447.30,11502.65,11397.80,11491.10,163118640
NIFTY200 Quality 30,20201204,11520.15,11583.65,11506.00,11573.75,131132760
NIFTY200 Quality 30,20201207,11570.35,11662.15,11569.65,11652.00,135747152
NIFTY200 Quality 30,20201208,11674.55,11724.00,11567.65,11646.55,141633088
NIFTY200 Quality 30,20201209,11707.25,11735.70,11689.70,11723.20,126810872
NIFTY200 Quality 30,20201210,11714.80,11810.20,11668.65,11791.60,151162944
NIFTY200 Quality 30,20201211,11811.30,11852.05,11711.50,11788.05,160474928
NIFTY200 Quality 30,20201214,11848.00,11856.70,11771.70,11833.40,124644776
NIFTY200 Quality 30,20201215,11812.45,11844.10,11769.05,11834.20,116182760
NIFTY200 Quality 30,20201216,11892.10,11972.50,11875.85,11959.40,157268896
NIFTY200 Quality 30,20201217,11960.85,12014.40,11934.95,11958.95,108367584
NIFTY200 Quality 30,20201218,12007.70,12063.35,11968.05,12038.35,146683648
NIFTY200 Quality 30,20201221,12018.30,12046.45,11486.55,11680.05,153452688
NIFTY200 Quality 30,20201222,11698.80,11952.30,11535.35,11908.50,155955936
NIFTY200 Quality 30,20201223,11941.30,12046.65,11918.55,12031.30,145709472
NIFTY200 Quality 30,20201224,12094.35,12111.50,11967.40,12046.20,107963344
NIFTY200 Quality 30,20201228,12104.10,12152.45,12081.70,12141.75,100743088
NIFTY200 Quality 30,20201229,12176.25,12209.65,12126.95,12180.10,140710960
NIFTY200 Quality 30,20201230,12222.35,12256.75,12150.85,12238.10,107885328
NIFTY200 Quality 30,20201231,12224.50,12265.30,12190.65,12253.60,107488640
NIFTY200 Quality 30,20210101,12264.30,12335.00,12259.10,12317.70,57250988
NIFTY200 Quality 30,20210104,12378.15,12479.40,12321.00,12466.20,96937936
NIFTY200 Quality 30,20210105,12430.30,12561.90,12386.00,12539.00,98512352
NIFTY200 Quality 30,20210106,12569.05,12588.00,12364.10,12477.40,130735720
NIFTY200 Quality 30,20210107,12551.90,12554.15,12395.25,12412.95,114737944
NIFTY200 Quality 30,20210108,12508.30,12722.55,12496.60,12700.95,172501616
NIFTY200 Quality 30,20210111,12807.90,12902.25,12759.30,12888.60,159774752
NIFTY200 Quality 30,20210112,12892.70,12909.35,12835.80,12862.00,139222288
NIFTY200 Quality 30,20210113,12911.75,12918.75,12707.75,12815.95,160382320
NIFTY200 Quality 30,20210114,12822.45,12847.35,12716.00,12829.45,159503840
NIFTY200 Quality 30,20210115,12835.55,12859.30,12561.35,12605.25,157505808
NIFTY200 Quality 30,20210118,12606.15,12614.30,12413.60,12484.05,154139776
NIFTY200 Quality 30,20210119,12557.70,12644.85,12544.35,12629.90,94962184
NIFTY200 Quality 30,20210120,12661.55,12778.15,12650.50,12739.85,114776016
NIFTY200 Quality 30,20210121,12822.90,12875.15,12676.05,12722.10,127863520
NIFTY200 Quality 30,20210122,12740.50,12876.55,12686.75,12701.25,120128624
NIFTY200 Quality 30,20210125,12800.95,12815.75,12529.80,12614.25,98283792
NIFTY200 Quality 30,20210127,12640.40,12640.40,12452.10,12487.75,125764264
NIFTY200 Quality 30,20210128,12390.20,12506.15,12367.55,12408.50,104546024
NIFTY200 Quality 30,20210129,12492.40,12495.75,12048.95,12084.90,139696880
NIFTY200 Quality 30,20210201,12168.60,12382.45,12029.95,12330.40,141313312
NIFTY200 Quality 30,20210202,12484.70,12571.25,12422.70,12516.95,135897440
NIFTY200 Quality 30,20210203,12582.60,12629.35,12467.40,12569.80,141021600
NIFTY200 Quality 30,20210204,12594.70,12683.45,12573.15,12667.20,198660224
NIFTY200 Quality 30,20210205,12734.95,12754.55,12528.00,12588.55,202435328
NIFTY200 Quality 30,20210208,12673.85,12713.50,12622.85,12690.50,133656776
NIFTY200 Quality 30,20210209,12721.70,12819.85,12657.55,12689.85,166125200
NIFTY200 Quality 30,20210210,12721.00,12770.20,12609.75,12727.60,125865176
NIFTY200 Quality 30,20210211,12696.40,12772.85,12671.80,12760.70,115036568
NIFTY200 Quality 30,20210212,12783.70,12802.50,12590.75,12639.85,185141584
NIFTY200 Quality 30,20210215,12698.65,12707.45,12564.90,12586.35,88240960
NIFTY200 Quality 30,20210216,12626.80,12652.70,12479.95,12540.25,95202064
NIFTY200 Quality 30,20210217,12515.20,12522.15,12423.45,12458.25,81142648
NIFTY200 Quality 30,20210218,12487.80,12563.85,12446.10,12473.55,122912288
NIFTY200 Quality 30,20210219,12473.00,12476.65,12254.30,12330.85,123121120
NIFTY200 Quality 30,20210222,12349.85,12358.95,12040.80,12081.25,135979760
NIFTY200 Quality 30,20210223,12110.15,12150.80,11990.30,12066.25,105967696
NIFTY200 Quality 30,20210224,12120.00,12168.85,12062.50,12158.05,87892328
NIFTY200 Quality 30,20210225,12222.40,12251.80,12180.40,12225.25,184697856
NIFTY200 Quality 30,20210226,12128.85,12202.55,11870.55,11919.60,230168976
NIFTY200 Quality 30,20210301,12021.10,12134.40,11994.45,12109.30,87227800
NIFTY200 Quality 30,20210302,12173.20,12376.95,12160.15,12353.80,106206928
NIFTY200 Quality 30,20210303,12442.05,12442.25,12354.65,12428.95,93492400
NIFTY200 Quality 30,20210304,12345.35,12497.55,12318.50,12410.45,104372680
NIFTY200 Quality 30,20210305,12352.65,12436.10,12299.90,12322.95,96974472
NIFTY200 Quality 30,20210308,12359.05,12400.55,12303.25,12316.60,84670904
NIFTY200 Quality 30,20210309,12366.55,12398.15,12212.30,12346.30,78812680
NIFTY200 Quality 30,20210310,12424.10,12472.45,12401.40,12457.20,84446992
NIFTY200 Quality 30,20210312,12491.80,12511.65,12308.25,12328.85,97646856
NIFTY200 Quality 30,20210315,12344.05,12350.00,12185.75,12290.90,102520072
NIFTY200 Quality 30,20210316,12333.00,12397.25,12329.85,12378.85,121239264
NIFTY200 Quality 30,20210317,12397.40,12404.00,12224.40,12242.60,144537792
NIFTY200 Quality 30,20210318,12331.25,12333.85,12007.00,12083.80,166313072
NIFTY200 Quality 30,20210319,12028.90,12242.15,11884.25,12215.10,248915104
NIFTY200 Quality 30,20210322,12227.25,12375.80,12190.80,12352.95,101857376
NIFTY200 Quality 30,20210323,12375.85,12440.55,12349.30,12389.05,98481960
NIFTY200 Quality 30,20210324,12326.60,12397.35,12224.10,12243.00,84333968
NIFTY200 Quality 30,20210325,12228.65,12242.20,11954.15,11986.80,113372048
NIFTY200 Quality 30,20210326,12081.35,12221.90,12052.35,12171.40,79279144
NIFTY200 Quality 30,20210330,12251.65,12488.25,12242.45,12463.95,109511904
NIFTY200 Quality 30,20210331,12470.10,12478.65,12401.30,12425.85,98627848
NIFTY200 Quality 30,20210401,12494.25,12551.85,12443.30,12484.20,74497528
NIFTY200 Quality 30,20210405,12481.40,12500.85,12249.15,12368.45,96083792
NIFTY200 Quality 30,20210406,12428.80,12495.45,12342.55,12458.40,75484672
NIFTY200 Quality 30,20210407,12465.65,12598.70,12450.40,12574.70,62391432
NIFTY200 Quality 30,20210408,12611.65,12740.20,12604.85,12685.65,72955496
NIFTY200 Quality 30,20210409,12711.55,12756.40,12671.95,12721.25,77590880
NIFTY200 Quality 30,20210412,12609.25,12617.35,12312.45,12360.45,117506104
NIFTY200 Quality 30,20210413,12397.15,12436.10,12262.55,12353.70,94078992
NIFTY200 Quality 30,20210415,12357.10,12376.15,12207.80,12352.65,100061064
NIFTY200 Quality 30,20210416,12389.85,12485.55,12375.85,12435.55,72675728
NIFTY200 Quality 30,20210419,12256.10,12286.05,12135.45,12239.65,73615040
NIFTY200 Quality 30,20210420,12348.20,12356.45,12105.75,12189.65,79291048
NIFTY200 Quality 30,20210422,12171.25,12172.10,12099.20,12147.70,78491264
NIFTY200 Quality 30,20210423,12117.20,12171.95,12039.00,12087.75,71388656
NIFTY200 Quality 30,20210426,12121.40,12150.15,12093.25,12124.45,82149936
NIFTY200 Quality 30,20210427,12151.05,12195.60,12135.15,12184.90,62422464
NIFTY200 Quality 30,20210428,12239.05,12313.60,12226.35,12264.10,67262240
NIFTY200 Quality 30,20210429,12351.80,12358.40,12172.90,12194.00,72038392
NIFTY200 Quality 30,20210430,12142.60,12224.85,12076.30,12108.80,125514416
NIFTY200 Quality 30,20210503,12063.90,12185.45,12026.20,12161.05,107904904
NIFTY200 Quality 30,20210504,12215.95,12223.00,12068.90,12101.40,76498384
NIFTY200 Quality 30,20210505,12175.35,12183.80,12098.45,12171.70,52640760
NIFTY200 Quality 30,20210506,12212.45,12321.80,12207.75,12305.00,70215384
NIFTY200 Quality 30,20210507,12361.30,12376.00,12294.75,12307.90,75876528
NIFTY200 Quality 30,20210510,12351.95,12385.40,12334.95,12376.05,103285752
NIFTY200 Quality 30,20210511,12314.45,12413.90,12289.80,12406.50,126922624
NIFTY200 Quality 30,20210512,12427.15,12443.10,12355.15,12388.35,132472368
NIFTY200 Quality 30,20210514,12443.10,12459.40,12365.10,12431.00,145880688
NIFTY200 Quality 30,20210517,12481.35,12532.00,12432.00,12516.95,102887840
NIFTY200 Quality 30,20210518,12613.30,12651.35,12574.25,12641.20,89310704
NIFTY200 Quality 30,20210519,12626.35,12719.75,12611.10,12704.55,92582336
NIFTY200 Quality 30,20210520,12710.95,12737.15,12617.35,12631.80,87570624
NIFTY200 Quality 30,20210521,12680.35,12709.20,12648.40,12683.35,79766104
NIFTY200 Quality 30,20210524,12714.25,12748.20,12685.95,12721.25,89164136
NIFTY200 Quality 30,20210525,12800.35,12869.70,12788.85,12832.40,89800504
NIFTY200 Quality 30,20210526,12880.75,12927.90,12846.45,12913.25,76307608
NIFTY200 Quality 30,20210527,12938.70,12992.95,12881.20,12946.55,175595152
NIFTY200 Quality 30,20210528,12990.10,13026.15,12949.35,12958.60,84478664
NIFTY200 Quality 30,20210531,12976.75,13083.35,12947.10,13063.10,130887432
NIFTY200 Quality 30,20210601,13091.10,13112.55,13029.95,13046.85,80930288
NIFTY200 Quality 30,20210602,12994.40,13070.20,12968.90,13057.45,164853936
NIFTY200 Quality 30,20210603,13106.90,13183.00,13093.20,13170.65,112759224
NIFTY200 Quality 30,20210604,13178.10,13202.85,13113.30,13145.85,101665480
NIFTY200 Quality 30,20210607,13199.90,13238.05,13165.90,13227.35,99977584
NIFTY200 Quality 30,20210608,13259.95,13315.75,13246.15,13299.35,79718496
NIFTY200 Quality 30,20210609,13317.40,13363.85,13203.30,13259.95,96901688
NIFTY200 Quality 30,20210610,13295.25,13351.55,13259.00,13313.95,86481544
NIFTY200 Quality 30,20210611,13359.45,13388.25,13335.15,13360.30,124290768
NIFTY200 Quality 30,20210614,13377.75,13378.10,13222.95,13365.90,87675976
NIFTY200 Quality 30,20210615,13409.30,13453.80,13400.15,13432.60,85542864
NIFTY200 Quality 30,20210616,13433.80,13453.60,13361.15,13409.10,71179616
NIFTY200 Quality 30,20210617,13362.55,13443.70,13339.55,13382.65,84001768
NIFTY200 Quality 30,20210618,13416.55,13447.40,13197.70,13332.35,117971096
NIFTY200 Quality 30,20210621,13234.00,13357.95,13214.70,13347.45,70974136
NIFTY200 Quality 30,20210622,13407.95,13451.25,13359.50,13372.90,69980744
NIFTY200 Quality 30,20210623,13432.80,13433.50,13321.90,13334.80,55139204
NIFTY200 Quality 30,20210624,13360.55,13451.55,13338.05,13436.85,78595056
NIFTY200 Quality 30,20210625,13466.65,13484.35,13403.20,13433.10,63805244
NIFTY200 Quality 30,20210628,13471.70,13477.30,13411.35,13423.20,59199624
NIFTY200 Quality 30,20210629,13433.60,13496.90,13408.00,13427.15,85226752
NIFTY200 Quality 30,20210630,13459.25,13493.00,13421.05,13433.05,65546292
NIFTY200 Quality 30,20210701,13466.20,13500.05,13439.20,13469.85,50562852
NIFTY200 Quality 30,20210702,13506.60,13508.80,13411.00,13457.65,65120916
NIFTY200 Quality 30,20210705,13514.10,13577.20,13488.10,13562.10,54407656
NIFTY200 Quality 30,20210706,13562.35,13586.55,13446.20,13458.85,51778580
NIFTY200 Quality 30,20210707,13474.80,13570.65,13428.80,13552.60,56735312
NIFTY200 Quality 30,20210708,13537.85,13594.60,13468.45,13505.70,72983536
NIFTY200 Quality 30,20210709,13493.75,13531.30,13465.40,13490.60,50227360
NIFTY200 Quality 30,20210712,13547.60,13570.70,13473.80,13498.10,42664972
NIFTY200 Quality 30,20210713,13562.40,13562.40,13457.20,13471.55,42443436
NIFTY200 Quality 30,20210714,13500.30,13557.45,13477.45,13549.50,68305208
NIFTY200 Quality 30,20210715,13596.90,13695.45,13592.00,13668.95,94630080
NIFTY200 Quality 30,20210716,13697.80,13700.45,13607.75,13623.65,80131616
NIFTY200 Quality 30,20210719,13570.45,13646.65,13549.65,13603.25,54211324
NIFTY200 Quality 30,20210720,13622.90,13650.20,13518.00,13626.70,79037944
NIFTY200 Quality 30,20210722,13670.95,13744.75,13662.50,13731.20,86040336
NIFTY200 Quality 30,20210723,13743.70,13775.90,13694.25,13723.50,80468048
NIFTY200 Quality 30,20210726,13723.30,13793.50,13708.10,13737.95,85571696
NIFTY200 Quality 30,20210727,13764.65,13785.80,13631.25,13665.50,66979000
NIFTY200 Quality 30,20210728,13697.55,13703.00,13546.40,13643.75,54422420
NIFTY200 Quality 30,20210729,13678.95,13714.90,13620.65,13633.60,62967608
NIFTY200 Quality 30,20210730,13697.85,13821.30,13663.85,13745.75,108923224
NIFTY200 Quality 30,20210802,13832.30,13841.55,13783.60,13818.70,57036188
NIFTY200 Quality 30,20210803,13859.30,13989.65,13835.15,13976.95,79643320
NIFTY200 Quality 30,20210804,14023.45,14042.05,13881.80,13898.15,61250096
NIFTY200 Quality 30,20210805,13936.35,13963.75,13866.70,13931.70,96975568
NIFTY200 Quality 30,20210806,13950.60,13963.50,13893.30,13908.20,80181480
NIFTY200 Quality 30,20210809,14003.40,14015.90,13854.75,13898.25,74287232
NIFTY200 Quality 30,20210810,13936.90,13949.65,13803.85,13871.95,74858200
NIFTY200 Quality 30,20210811,13904.85,13917.40,13729.85,13864.40,62592844
NIFTY200 Quality 30,20210812,13901.25,13949.95,13868.90,13925.45,82597784
NIFTY200 Quality 30,20210813,13948.65,14008.40,13919.10,13975.90,81207336
NIFTY200 Quality 30,20210816,13973.50,13995.10,13912.70,13924.45,47919084
NIFTY200 Quality 30,20210817,13940.85,14103.00,13935.80,14093.35,76737096
NIFTY200 Quality 30,20210818,14142.60,14179.90,14095.65,14120.05,59517688
NIFTY200 Quality 30,20210820,13953.85,14247.10,13946.90,14198.90,88535920
NIFTY200 Quality 30,20210823,14290.85,14321.25,14193.60,14231.85,72926000
NIFTY200 Quality 30,20210824,14285.60,14308.55,14163.50,14216.95,64487536
NIFTY200 Quality 30,20210825,14238.75,14316.50,14208.15,14236.05,56559204
NIFTY200 Quality 30,20210826,14243.25,14316.30,14206.65,14249.10,60810388
NIFTY200 Quality 30,20210827,14265.95,14333.40,14203.60,14322.90,52847424
NIFTY200 Quality 30,20210830,14368.75,14451.40,14365.50,14440.90,58811960
NIFTY200 Quality 30,20210831,14474.10,14622.65,14448.60,14606.20,109174432
NIFTY200 Quality 30,20210901,14669.60,14706.75,14624.90,14667.35,82417824
NIFTY200 Quality 30,20210902,14703.45,14856.85,14665.80,14842.60,88316464
NIFTY200 Quality 30,20210903,14895.00,14977.60,14868.90,14966.25,130973864
NIFTY200 Quality 30,20210906,15018.20,15022.75,14958.15,15003.30,65527680
NIFTY200 Quality 30,20210907,15055.75,15093.00,14965.65,14978.55,83388944
NIFTY200 Quality 30,20210908,14992.70,14995.65,14812.55,14908.90,60532608
NIFTY200 Quality 30,20210909,14887.50,14999.80,14868.00,14990.30,61059748
NIFTY200 Quality 30,20210913,14980.60,15107.20,14958.40,15094.40,96105504
NIFTY200 Quality 30,20210914,15149.10,15201.10,15120.50,15168.45,73943696
NIFTY200 Quality 30,20210915,15201.60,15299.30,15186.10,15279.75,80119328
NIFTY200 Quality 30,20210916,15320.80,15373.60,15281.65,15323.65,199626656
NIFTY200 Quality 30,20210917,15363.50,15411.00,15224.70,15254.25,150271488
NIFTY200 Quality 30,20210920,15196.80,15343.70,15120.90,15155.55,124853208
NIFTY200 Quality 30,20210921,15193.40,15322.45,15122.75,15311.90,108572384
NIFTY200 Quality 30,20210922,15355.85,15447.90,15339.80,15416.90,116520464
NIFTY200 Quality 30,20210923,15507.75,15526.65,15455.65,15505.25,87042376
NIFTY200 Quality 30,20210924,15573.65,15703.65,15525.00,15540.70,94533016
NIFTY200 Quality 30,20210927,15621.40,15622.20,15289.80,15311.70,75217336
NIFTY200 Quality 30,20210928,15355.55,15357.90,15086.95,15165.15,104882368
NIFTY200 Quality 30,20210929,15104.85,15263.40,15065.90,15181.00,164534304
NIFTY200 Quality 30,20210930,15204.60,15220.65,15051.40,15076.20,108181104
NIFTY200 Quality 30,20211001,15062.15,15111.90,14976.80,15093.95,82210880
NIFTY200 Quality 30,20211004,15162.05,15250.30,15137.45,15204.00,66532312
NIFTY200 Quality 30,20211005,15201.40,15329.10,15180.90,15310.35,85526416
NIFTY200 Quality 30,20211006,15360.00,15404.90,15137.80,15167.50,100467992
NIFTY200 Quality 30,20211007,15266.80,15421.15,15239.00,15362.90,62931440
NIFTY200 Quality 30,20211008,15423.70,15465.00,15379.95,15397.80,78128320
NIFTY200 Quality 30,20211011,15363.35,15465.40,15278.60,15367.10,108428392
NIFTY200 Quality 30,20211012,15385.45,15433.65,15283.40,15405.30,109219912
NIFTY200 Quality 30,20211013,15501.00,15506.75,15427.95,15488.40,110147120
NIFTY200 Quality 30,20211014,15624.60,15680.95,15519.20,15550.05,185148224
NIFTY200 Quality 30,20211018,15654.75,15663.20,15532.15,15565.40,145808448
NIFTY200 Quality 30,20211019,15704.55,15774.75,15493.20,15531.45,142049280
NIFTY200 Quality 30,20211020,15548.15,15548.50,15280.70,15343.90,115765392
NIFTY200 Quality 30,20211021,15419.95,15420.10,14939.75,15058.00,104537088
NIFTY200 Quality 30,20211022,15104.80,15171.80,14820.60,14908.20,97092072
NIFTY200 Quality 30,20211025,14922.90,14926.25,14553.00,14698.05,79497408
NIFTY200 Quality 30,20211026,14745.85,14898.20,14713.00,14847.45,84100328
NIFTY200 Quality 30,20211027,14911.60,15014.35,14892.45,14934.25,79668104
NIFTY200 Quality 30,20211028,14972.60,14972.60,14682.85,14720.10,109233824
NIFTY200 Quality 30,20211029,14712.20,14851.55,14595.85,14665.80,85893088
NIFTY200 Quality 30,20211101,14743.70,14967.95,14702.70,14945.50,73204992
NIFTY200 Quality 30,20211102,14970.40,14993.40,14861.35,14884.45,65655136
NIFTY200 Quality 30,20211103,14930.05,14964.90,14780.60,14877.40,62584232
NIFTY200 Quality 30,20211104,14997.65,15022.60,14970.15,15004.95,15579262
NIFTY200 Quality 30,20211108,15086.85,15133.70,14884.80,15113.40,81007056
NIFTY200 Quality 30,20211109,15127.80,15182.85,15081.40,15125.50,50093508
NIFTY200 Quality 30,20211110,15083.30,15142.30,15043.60,15108.45,57699776
NIFTY200 Quality 30,20211111,15098.60,15098.60,14951.10,15057.55,49550896
NIFTY200 Quality 30,20211112,15163.35,15222.15,15067.25,15205.25,51438960
NIFTY200 Quality 30,20211115,15233.55,15290.65,15211.85,15257.90,89852656
NIFTY200 Quality 30,20211116,15285.80,15316.95,15231.30,15255.70,56184824
NIFTY200 Quality 30,20211117,15246.50,15300.45,15216.10,15237.95,82721216
NIFTY200 Quality 30,20211118,15243.00,15258.25,14971.85,15036.05,67398672
NIFTY200 Quality 30,20211122,15062.65,15064.15,14686.90,14777.55,76645416
NIFTY200 Quality 30,20211123,14718.85,14905.10,14638.70,14877.25,67903184
NIFTY200 Quality 30,20211124,14932.85,14941.70,14648.85,14710.75,63168496
NIFTY200 Quality 30,20211125,14726.75,14775.95,14629.40,14761.20,75671328
NIFTY200 Quality 30,20211126,14674.10,14701.90,14502.85,14533.40,73322864
NIFTY200 Quality 30,20211129,14452.95,14558.45,14218.00,14477.70,71322352
NIFTY200 Quality 30,20211130,14504.30,14688.90,14440.25,14478.70,164760544
NIFTY200 Quality 30,20211201,14559.90,14647.35,14488.65,14541.75,66318248
NIFTY200 Quality 30,20211202,14587.75,14787.10,14551.80,14773.60,68182784
NIFTY200 Quality 30,20211203,14792.15,14815.00,14642.70,14657.20,66676280
NIFTY200 Quality 30,20211206,14693.80,14695.90,14356.90,14372.70,64273528
NIFTY200 Quality 30,20211207,14469.55,14562.25,14370.45,14519.15,41904576
NIFTY200 Quality 30,20211208,14591.35,14743.95,14591.20,14733.60,41942064
NIFTY200 Quality 30,20211209,14760.50,14794.95,14628.70,14781.55,70791824
NIFTY200 Quality 30,20211210,14773.70,14825.70,14738.85,14809.00,66666296
NIFTY200 Quality 30,20211213,14876.45,14928.25,14755.40,14768.70,60988760
NIFTY200 Quality 30,20211214,14750.40,14812.40,14682.70,14797.10,74790176
NIFTY200 Quality 30,20211215,14786.00,14795.90,14662.35,14696.45,62333376
NIFTY200 Quality 30,20211216,14779.40,14791.00,14682.65,14740.50,56838328
NIFTY200 Quality 30,20211217,14770.60,14781.50,14569.40,14590.60,93710392
NIFTY200 Quality 30,20211220,14505.10,14507.20,14117.05,14296.35,81978336
NIFTY200 Quality 30,20211221,14380.45,14601.30,14369.10,14506.15,62324924
NIFTY200 Quality 30,20211222,14584.60,14667.55,14553.85,14658.00,50796236
NIFTY200 Quality 30,20211223,14739.65,14796.35,14702.90,14781.85,54836712
NIFTY200 Quality 30,20211224,14857.80,14871.80,14758.20,14785.60,58495168
NIFTY200 Quality 30,20211227,14775.80,14846.60,14661.30,14832.75,35616384
NIFTY200 Quality 30,20211228,14882.00,15011.10,14880.95,14991.60,43994344
NIFTY200 Quality 30,20211229,14993.65,15030.40,14957.20,15001.60,38577616
NIFTY200 Quality 30,20211230,14995.35,15059.25,14966.95,15032.15,64252260
NIFTY200 Quality 30,20211231,15067.90,15198.40,15062.60,15166.00,35448960
NIFTY200 Quality 30,20220103,15189.30,15312.55,15187.70,15294.85,57327176
NIFTY200 Quality 30,20220104,15324.50,15366.50,15215.00,15348.55,51993704
NIFTY200 Quality 30,20220105,15337.65,15349.85,15269.90,15316.70,50758200
NIFTY200 Quality 30,20220106,15211.85,15229.30,15138.60,15219.50,56756376
NIFTY200 Quality 30,20220107,15259.50,15361.95,15242.30,15335.00,48273728
NIFTY200 Quality 30,20220110,15421.75,15425.45,15336.50,15356.65,58944172
NIFTY200 Quality 30,20220111,15332.35,15412.30,15318.25,15389.80,46274268
NIFTY200 Quality 30,20220112,15456.95,15460.45,15360.20,15399.75,48975324
NIFTY200 Quality 30,20220113,15441.40,15460.25,15375.55,15435.60,76527032
NIFTY200 Quality 30,20220114,15396.00,15407.75,15289.50,15358.70,55649328
NIFTY200 Quality 30,20220117,15335.70,15373.30,15250.75,15345.65,61745808
NIFTY200 Quality 30,20220118,15378.70,15401.40,15065.25,15099.25,59326504
NIFTY200 Quality 30,20220119,15084.20,15087.00,14906.20,14930.40,68962688
NIFTY200 Quality 30,20220120,14943.25,14960.00,14750.55,14802.45,77869632
NIFTY200 Quality 30,20220121,14744.80,14753.20,14522.55,14615.25,81115304
NIFTY200 Quality 30,20220124,14604.30,14629.25,14073.45,14184.25,74974016
NIFTY200 Quality 30,20220125,14079.90,14293.55,13869.85,14275.20,71675272
NIFTY200 Quality 30,20220127,14168.45,14168.75,13876.35,13966.30,89222496
NIFTY200 Quality 30,20220128,14001.25,14280.75,14001.25,14057.80,74894528
NIFTY200 Quality 30,20220131,14217.35,14340.50,14213.35,14298.85,66079968
NIFTY200 Quality 30,20220201,14440.70,14507.20,14295.30,14487.95,86506464
NIFTY200 Quality 30,20220202,14548.15,14661.90,14513.35,14641.00,85797704
NIFTY200 Quality 30,20220203,14631.65,14642.10,14506.35,14530.85,63274592
NIFTY200 Quality 30,20220204,14544.90,14556.25,14440.50,14518.25,92234336
NIFTY200 Quality 30,20220207,14511.80,14562.40,14236.60,14310.20,60059432
NIFTY200 Quality 30,20220208,14344.80,14377.75,14202.30,14315.10,58669328
NIFTY200 Quality 30,20220209,14378.45,14526.95,14361.05,14512.95,80824904
NIFTY200 Quality 30,20220210,14544.05,14550.40,14427.80,14529.90,62268828
NIFTY200 Quality 30,20220211,14428.65,14430.05,14250.65,14280.20,70927320
NIFTY200 Quality 30,20220214,14036.45,14114.35,13937.20,13971.30,73523680
NIFTY200 Quality 30,20220215,14046.10,14346.45,13974.55,14334.45,68601656
NIFTY200 Quality 30,20220216,14406.10,14455.55,14292.05,14350.20,51550568
NIFTY200 Quality 30,20220217,14409.40,14436.90,14290.60,14322.00,47643948
NIFTY200 Quality 30,20220218,14245.05,14348.55,14220.25,14281.15,61957564
NIFTY200 Quality 30,20220221,14201.70,14268.40,14068.45,14176.15,61617784
NIFTY200 Quality 30,20220222,13904.75,14116.95,13884.90,14096.15,78128456
NIFTY200 Quality 30,20220223,14175.85,14207.20,14078.70,14099.90,50515584
NIFTY200 Quality 30,20220224,13721.00,13849.70,13480.80,13521.05,120606632
NIFTY200 Quality 30,20220225,13698.70,13873.70,13652.15,13842.80,81411416
NIFTY200 Quality 30,20220228,13768.45,14059.30,13580.05,14042.50,104403080
NIFTY200 Quality 30,20220302,13946.95,14003.25,13852.30,13938.85,131914264
NIFTY200 Quality 30,20220303,14048.35,14075.80,13863.50,13895.65,143234752
NIFTY200 Quality 30,20220304,13781.65,13833.45,13564.25,13689.30,155030912
NIFTY200 Quality 30,20220307,13466.15,13529.50,13345.10,13494.95,136067776
NIFTY200 Quality 30,20220308,13466.70,13743.60,13462.55,13729.00,125507328
NIFTY200 Quality 30,20220309,13818.90,13979.05,13739.25,13923.75,112326560
NIFTY200 Quality 30,20220310,14164.90,14165.95,14006.90,14110.70,111681064
NIFTY200 Quality 30,20220311,14094.70,14138.80,14015.40,14126.85,87460704
NIFTY200 Quality 30,20220314,14142.55,14227.25,14063.45,14214.55,88729320
NIFTY200 Quality 30,20220315,14237.40,14285.15,13992.35,14060.95,86905016
NIFTY200 Quality 30,20220316,14211.50,14348.70,14173.05,14337.90,67226504
NIFTY200 Quality 30,20220317,14484.80,14517.75,14440.95,14475.00,115499000
NIFTY200 Quality 30,20220321,14502.90,14528.25,14265.45,14287.85,85538064
NIFTY200 Quality 30,20220322,14278.95,14302.30,14096.70,14292.90,91700760
NIFTY200 Quality 30,20220323,14355.05,14375.30,14242.30,14264.85,95031120
NIFTY200 Quality 30,20220324,14207.10,14345.60,14202.90,14320.85,87518240
NIFTY200 Quality 30,20220325,14374.65,14377.40,14148.90,14226.40,68875576
NIFTY200 Quality 30,20220328,14244.20,14259.95,14070.90,14174.40,73089672
NIFTY200 Quality 30,20220329,14225.95,14272.15,14195.45,14210.50,62489548
NIFTY200 Quality 30,20220330,14332.05,14334.10,14264.15,14317.20,71036896
NIFTY200 Quality 30,20220331,14359.60,14417.10,14331.75,14361.55,71852968
NIFTY200 Quality 30,20220401,14363.80,14478.25,14317.85,14459.10,59345372
NIFTY200 Quality 30,20220404,14495.65,14640.45,14460.25,14629.85,58006168
NIFTY200 Quality 30,20220405,14673.20,14820.40,14652.40,14759.45,70362944
NIFTY200 Quality 30,20220406,14707.55,14741.60,14659.40,14690.70,100631136
NIFTY200 Quality 30,20220407,14670.45,14732.70,14613.15,14629.95,71967768
NIFTY200 Quality 30,20220408,14695.45,14785.80,14635.25,14760.10,92035840
NIFTY200 Quality 30,20220411,14769.15,14776.35,14636.05,14685.00,93295944
NIFTY200 Quality 30,20220412,14635.70,14636.55,14424.25,14458.60,78126696
NIFTY200 Quality 30,20220413,14501.70,14550.50,14427.65,14486.60,63081944
NIFTY200 Quality 30,20220418,14335.45,14388.60,14283.20,14369.60,101077504
NIFTY200 Quality 30,20220419,14464.65,14509.20,13960.00,14063.95,133911792
NIFTY200 Quality 30,20220420,14138.25,14248.15,14062.25,14195.15,100422408
NIFTY200 Quality 30,20220421,14249.90,14399.65,14238.30,14381.05,102575224
NIFTY200 Quality 30,20220422,14290.50,14412.40,14260.40,14325.00,81014424
NIFTY200 Quality 30,20220425,14184.90,14186.30,14040.95,14087.35,84434336
NIFTY200 Quality 30,20220426,14194.55,14324.20,14193.95,14310.75,73280752
NIFTY200 Quality 30,20220427,14219.45,14275.05,14142.70,14251.05,65556648
NIFTY200 Quality 30,20220428,14375.70,14486.70,14275.65,14429.65,90333672
NIFTY200 Quality 30,20220429,14456.60,14470.95,14203.90,14235.60,87537440
NIFTY200 Quality 30,20220502,14139.55,14175.30,14061.80,14165.50,68224048
NIFTY200 Quality 30,20220504,14201.50,14265.05,13867.45,13921.60,82176272
NIFTY200 Quality 30,20220505,14032.10,14100.15,13922.80,13945.70,61837704
NIFTY200 Quality 30,20220506,13728.20,13833.75,13682.20,13770.45,87998536
NIFTY200 Quality 30,20220509,13691.60,13701.90,13563.10,13624.90,68825040
NIFTY200 Quality 30,20220510,13626.05,13721.85,13503.90,13541.40,71869464
NIFTY200 Quality 30,20220511,13564.55,13611.35,13304.35,13489.65,80486288
NIFTY200 Quality 30,20220512,13413.30,13423.60,13236.35,13292.90,67417600
NIFTY200 Quality 30,20220513,13436.15,13628.15,13391.20,13427.05,62174116
NIFTY200 Quality 30,20220516,13471.75,13505.85,13334.40,13377.00,41487544
NIFTY200 Quality 30,20220517,13439.45,13687.50,13404.75,13668.35,83995208
NIFTY200 Quality 30,20220518,13696.85,13795.20,13679.95,13733.55,76250192
NIFTY200 Quality 30,20220519,13462.25,13527.05,13323.05,13348.40,139888384
NIFTY200 Quality 30,20220520,13520.75,13663.75,13497.55,13646.15,78872832
NIFTY200 Quality 30,20220523,13694.75,13835.25,13628.85,13644.95,62321488
NIFTY200 Quality 30,20220524,13683.90,13685.90,13423.40,13456.65,61866956
NIFTY200 Quality 30,20220525,13485.20,13489.20,13156.65,13190.65,68056856
NIFTY200 Quality 30,20220526,13243.30,13319.25,13041.15,13277.30,90598216
NIFTY200 Quality 30,20220527,13386.95,13446.15,13322.10,13437.00,69217200
NIFTY200 Quality 30,20220530,13555.30,13735.05,13533.75,13712.50,62535508
NIFTY200 Quality 30,20220531,13703.90,13857.40,13630.60,13794.70,125146336
NIFTY200 Quality 30,20220601,13828.05,13907.90,13606.30,13638.30,79776040
NIFTY200 Quality 30,20220602,13620.45,13705.95,13548.90,13690.90,69417160
NIFTY200 Quality 30,20220603,13781.70,13801.25,13568.70,13580.30,77179912
NIFTY200 Quality 30,20220606,13548.80,13571.40,13390.80,13523.50,66692232
NIFTY200 Quality 30,20220607,13422.05,13449.60,13294.00,13346.05,49437416
NIFTY200 Quality 30,20220608,13355.45,13387.85,13209.30,13280.80,55517440
NIFTY200 Quality 30,20220609,13217.50,13376.85,13137.95,13365.25,50382104
NIFTY200 Quality 30,20220610,13244.20,13319.75,13211.05,13288.80,45801016
NIFTY200 Quality 30,20220613,13079.55,13123.40,13000.10,13045.50,52338208
NIFTY200 Quality 30,20220614,12976.55,13127.65,12954.80,13007.90,51719376
NIFTY200 Quality 30,20220615,13056.60,13072.50,12996.50,13015.95,44482144
NIFTY200 Quality 30,20220616,13147.85,13151.85,12783.85,12807.75,65680408
NIFTY200 Quality 30,20220617,12742.75,12767.90,12565.20,12648.45,90807680
NIFTY200 Quality 30,20220620,12668.25,12809.75,12604.10,12765.40,71633272
NIFTY200 Quality 30,20220621,12836.10,13011.75,12810.80,12983.55,53869784
NIFTY200 Quality 30,20220622,12939.70,12965.00,12830.75,12851.30,52741120
NIFTY200 Quality 30,20220623,12900.95,13043.35,12885.20,13027.35,53027256
NIFTY200 Quality 30,20220624,13109.60,13160.60,13068.00,13122.25,52093536
NIFTY200 Quality 30,20220627,13272.20,13319.25,13229.20,13267.25,46832616
NIFTY200 Quality 30,20220628,13219.35,13295.35,13108.85,13278.05,48923760
NIFTY200 Quality 30,20220629,13161.15,13238.25,13126.55,13184.50,66067240
NIFTY200 Quality 30,20220630,13161.50,13217.90,13043.10,13077.95,79077176
NIFTY200 Quality 30,20220701,13038.45,13327.65,13017.25,13301.30,91916776
NIFTY200 Quality 30,20220704,13306.85,13422.15,13251.95,13411.60,83066080
NIFTY200 Quality 30,20220705,13465.15,13488.40,13343.00,13362.80,70746304
NIFTY200 Quality 30,20220706,13385.25,13652.50,13356.30,13634.20,75900656
NIFTY200 Quality 30,20220707,13722.10,13794.50,13677.95,13699.95,61808068
NIFTY200 Quality 30,20220708,13769.85,13771.05,13668.55,13734.75,56785912
NIFTY200 Quality 30,20220711,13670.95,13699.20,13606.05,13682.05,58843672
NIFTY200 Quality 30,20220712,13623.70,13671.15,13529.05,13544.70,56492496
NIFTY200 Quality 30,20220713,13608.65,13649.30,13573.80,13612.95,64867620
NIFTY200 Quality 30,20220714,13648.90,13668.75,13443.95,13545.35,60570696
NIFTY200 Quality 30,20220715,13591.50,13661.40,13550.10,13649.20,58121216
NIFTY200 Quality 30,20220718,13750.55,13807.20,13732.65,13798.20,58314172
NIFTY200 Quality 30,20220719,13743.45,13821.65,13722.65,13804.50,55526912
NIFTY200 Quality 30,20220720,13913.10,13999.80,13878.30,13956.95,66093032
NIFTY200 Quality 30,20220721,13954.55,14138.10,13926.90,14114.25,66231948
NIFTY200 Quality 30,20220722,14150.75,14188.75,14036.20,14086.10,59368944
NIFTY200 Quality 30,20220725,14070.35,14084.30,14001.80,14045.30,57172536
NIFTY200 Quality 30,20220726,14035.30,14038.25,13807.65,13822.35,78112448
NIFTY200 Quality 30,20220727,13808.55,14032.20,13799.85,14016.55,55678692
NIFTY200 Quality 30,20220728,14103.40,14223.10,14035.20,14210.40,59248876
NIFTY200 Quality 30,20220729,14297.70,14439.70,14285.15,14420.90,81270192
NIFTY200 Quality 30,20220801,14489.25,14508.85,14392.15,14496.40,68510752
NIFTY200 Quality 30,20220802,14507.70,14556.95,14438.25,14515.95,97131048
NIFTY200 Quality 30,20220803,14511.15,14555.70,14416.55,14523.30,69239472
NIFTY200 Quality 30,20220804,14593.20,14652.80,14432.40,14635.55,72177952
NIFTY200 Quality 30,20220805,14666.10,14712.55,14627.45,14667.45,112920112
NIFTY200 Quality 30,20220808,14684.15,14700.60,14620.00,14687.75,52804492
NIFTY200 Quality 30,20220810,14728.10,14739.85,14596.80,14658.75,62075356
NIFTY200 Quality 30,20220811,14795.75,14815.15,14713.20,14738.90,87307376
NIFTY200 Quality 30,20220812,14752.30,14753.90,14669.20,14698.90,66501304
NIFTY200 Quality 30,20220816,14770.35,14796.85,14734.10,14779.30,74595456
NIFTY200 Quality 30,20220817,14815.25,14927.70,14801.75,14912.30,67661880
NIFTY200 Quality 30,20220818,14914.30,14940.80,14852.50,14895.75,70603656
NIFTY200 Quality 30,20220819,14906.40,14948.70,14746.05,14780.80,83292904
NIFTY200 Quality 30,20220822,14716.45,14723.35,14561.40,14583.80,68420448
NIFTY200 Quality 30,20220823,14462.35,14604.45,14438.80,14564.20,55814752
NIFTY200 Quality 30,20220824,14543.75,14599.05,14480.00,14583.25,55235336
NIFTY200 Quality 30,20220825,14643.05,14665.15,14519.95,14540.10,63424540
NIFTY200 Quality 30,20220826,14640.00,14684.05,14567.30,14593.30,53935752
NIFTY200 Quality 30,20220829,14272.95,14543.50,14253.45,14511.25,68153984
NIFTY200 Quality 30,20220830,14590.85,14804.05,14583.80,14792.25,77357272
NIFTY200 Quality 30,20220901,14628.45,14751.25,14619.95,14675.65,68638136
NIFTY200 Quality 30,20220902,14748.30,14753.60,14608.30,14622.75,64427104
NIFTY200 Quality 30,20220905,14627.45,14657.40,14571.85,14596.00,51020408
NIFTY200 Quality 30,20220906,14620.90,14655.20,14506.90,14559.25,51288760
NIFTY200 Quality 30,20220907,14506.45,14615.80,14499.80,14607.10,57336436
NIFTY200 Quality 30,20220908,14707.70,14723.05,14609.90,14650.75,53311696
NIFTY200 Quality 30,20220909,14758.40,14760.10,14660.55,14732.75,50113484
NIFTY200 Quality 30,20220912,14795.40,14862.10,14782.55,14819.70,67475744
NIFTY200 Quality 30,20220913,14859.95,14883.10,14806.45,14820.30,58286656
NIFTY200 Quality 30,20220914,14592.60,14732.70,14581.65,14677.65,76667328
NIFTY200 Quality 30,20220915,14730.00,14752.75,14561.35,14582.15,58135304
NIFTY200 Quality 30,20220916,14553.00,14562.85,14160.60,14186.15,99456488
NIFTY200 Quality 30,20220919,14217.60,14272.35,14061.40,14225.95,51938784
NIFTY200 Quality 30,20220920,14323.25,14498.75,14313.40,14394.85,52827788
NIFTY200 Quality 30,20220921,14385.30,14503.75,14371.90,14414.40,66446944
NIFTY200 Quality 30,20220922,14370.65,14546.60,14340.35,14507.80,77861264
NIFTY200 Quality 30,20220923,14509.15,14533.30,14382.60,14398.30,71204576
NIFTY200 Quality 30,20220926,14308.50,14389.95,14209.90,14236.35,75230968
NIFTY200 Quality 30,20220927,14306.15,14417.10,14228.45,14345.40,65172336
NIFTY200 Quality 30,20220928,14257.95,14454.80,14228.80,14381.70,65391796
NIFTY200 Quality 30,20220929,14465.30,14478.00,14234.05,14307.30,71503136
NIFTY200 Quality 30,20220930,14303.40,14359.55,14137.50,14337.40,70885072
NIFTY200 Quality 30,20221003,14343.80,14350.90,14110.95,14138.70,56629764
NIFTY200 Quality 30,20221004,14341.15,14419.40,14298.00,14409.45,53877360
NIFTY200 Quality 30,20221006,14500.40,14550.70,14442.80,14468.80,70469688
NIFTY200 Quality 30,20221007,14460.60,14501.95,14355.05,14429.05,57228248
NIFTY200 Quality 30,20221010,14234.75,14360.80,14208.80,14348.80,52169304
NIFTY200 Quality 30,20221011,14396.35,14396.35,14025.10,14046.70,79594960
NIFTY200 Quality 30,20221012,14098.25,14211.95,14048.65,14192.45,51634448
NIFTY200 Quality 30,20221013,14206.20,14236.10,14126.10,14160.55,49698656
NIFTY200 Quality 30,20221014,14363.45,14380.80,14223.30,14243.70,56941264
NIFTY200 Quality 30,20221017,14235.20,14311.80,14181.60,14282.95,39187780
NIFTY200 Quality 30,20221018,14368.05,14431.85,14360.35,14418.95,56909672
NIFTY200 Quality 30,20221019,14453.55,14454.00,14360.80,14391.45,56776252
NIFTY200 Quality 30,20221020,14328.70,14528.10,14320.00,14511.45,64238072
NIFTY200 Quality 30,20221021,14530.10,14550.90,14373.85,14420.60,69169840
NIFTY200 Quality 30,20221024,14544.75,14549.80,14481.40,14495.70,9963113
NIFTY200 Quality 30,20221025,14526.50,14527.85,14430.00,14454.45,62715184
NIFTY200 Quality 30,20221027,14506.60,14524.75,14352.90,14432.60,69408944
NIFTY200 Quality 30,20221028,14468.85,14481.20,14349.55,14384.85,53936480
NIFTY200 Quality 30,20221031,14460.10,14546.75,14458.70,14532.90,52504556
NIFTY200 Quality 30,20221101,14595.15,14717.50,14580.25,14707.55,62277952
NIFTY200 Quality 30,20221102,14717.20,14717.80,14627.75,14665.20,63901332
NIFTY200 Quality 30,20221103,14591.25,14654.00,14575.40,14637.65,44877036
NIFTY200 Quality 30,20221104,14639.55,14652.00,14552.20,14615.60,41351236
NIFTY200 Quality 30,20221107,14668.55,14744.00,14567.85,14628.40,60220488
NIFTY200 Quality 30,20221109,14699.15,14707.50,14533.30,14569.10,95171936
NIFTY200 Quality 30,20221110,14506.45,14569.95,14458.30,14520.10,70658528
NIFTY200 Quality 30,20221111,14687.70,14733.35,14601.15,14633.95,75574904
NIFTY200 Quality 30,20221114,14658.55,14716.80,14571.80,14614.30,72633184
NIFTY200 Quality 30,20221115,14644.60,14684.75,14565.20,14669.60,68630160
NIFTY200 Quality 30,20221116,14675.95,14686.35,14577.80,14633.60,49487960
NIFTY200 Quality 30,20221117,14614.80,14618.30,14524.45,14542.65,43863816
NIFTY200 Quality 30,20221118,14577.15,14580.00,14434.60,14521.85,42593636
NIFTY200 Quality 30,20221121,14505.30,14512.45,14449.85,14475.60,53682360
NIFTY200 Quality 30,20221122,14477.35,14527.50,14430.65,14519.75,42977692
NIFTY200 Quality 30,20221123,14562.55,14567.85,14501.30,14516.40,37660320
NIFTY200 Quality 30,20221124,14569.85,14672.20,14532.85,14646.00,54710112
NIFTY200 Quality 30,20221125,14675.20,14699.45,14562.85,14690.85,54983636
NIFTY200 Quality 30,20221128,14670.90,14762.40,14663.70,14722.05,59751980
NIFTY200 Quality 30,20221129,14726.10,14880.40,14724.65,14832.45,62812936
NIFTY200 Quality 30,20221130,14838.50,14958.90,14823.75,14912.85,102827832
NIFTY200 Quality 30,20221201,14987.55,15001.35,14957.65,14985.40,81574456
NIFTY200 Quality 30,20221202,14978.20,14985.50,14912.15,14960.55,59891760
NIFTY200 Quality 30,20221205,14971.40,14995.60,14861.35,14939.05,52226992
NIFTY200 Quality 30,20221206,14878.75,14888.90,14827.40,14876.00,42219472
NIFTY200 Quality 30,20221207,14881.70,14895.10,14812.20,14841.85,50082484
NIFTY200 Quality 30,20221208,14857.05,14896.90,14805.05,14833.35,34986992
NIFTY200 Quality 30,20221209,14872.85,14873.55,14623.80,14705.05,58072064
NIFTY200 Quality 30,20221212,14683.25,14698.30,14575.15,14689.45,54584828
NIFTY200 Quality 30,20221213,14728.95,14733.90,14666.90,14715.30,44996576
NIFTY200 Quality 30,20221214,14755.70,14787.75,14680.20,14706.80,42737076
NIFTY200 Quality 30,20221215,14686.65,14696.35,14525.15,14546.10,41924968
NIFTY200 Quality 30,20221216,14484.95,14507.95,14373.85,14386.25,60428816
NIFTY200 Quality 30,20221219,14386.75,14522.70,14350.75,14512.65,40693388
NIFTY200 Quality 30,20221220,14472.90,14500.55,14339.90,14486.20,43120852
NIFTY200 Quality 30,20221221,14529.45,14600.10,14433.80,14470.50,42830272
NIFTY200 Quality 30,20221222,14525.20,14559.15,14367.30,14413.80,40843908
NIFTY200 Quality 30,20221223,14303.10,14358.45,14113.00,14131.10,51261412
NIFTY200 Quality 30,20221226,14133.10,14271.80,14079.75,14232.60,35849072
NIFTY200 Quality 30,20221227,14289.80,14328.85,14234.70,14282.95,30575272
NIFTY200 Quality 30,20221228,14257.80,14323.10,14234.10,14300.80,33847844
NIFTY200 Quality 30,20221229,14250.40,14286.25,14180.60,14253.60,39663168
NIFTY200 Quality 30,20221230,14320.20,14332.15,14187.30,14208.25,32510532
NIFTY200 Quality 30,20230102,14243.10,14252.05,14125.60,14169.65,28042342
NIFTY200 Quality 30,20230103,14171.05,14237.70,14149.50,14207.40,32822924
NIFTY200 Quality 30,20230104,14209.00,14222.95,14109.00,14126.65,42575572
NIFTY200 Quality 30,20230105,14165.00,14260.55,14140.95,14219.05,51576512
NIFTY200 Quality 30,20230106,14217.50,14233.80,14069.40,14109.85,47586128
NIFTY200 Quality 30,20230109,14194.50,14289.70,14174.30,14255.20,52911312
NIFTY200 Quality 30,20230110,14246.75,14249.90,14131.15,14177.50,40503836
NIFTY200 Quality 30,20230111,14207.70,14224.70,14069.30,14079.35,40990076
NIFTY200 Quality 30,20230112,14112.10,14129.60,14012.25,14072.00,44654272
NIFTY200 Quality 30,20230113,14077.40,14130.65,13982.60,14098.90,58491576
NIFTY200 Quality 30,20230116,14142.75,14152.20,14092.45,14127.05,40673712
NIFTY200 Quality 30,20230117,14142.55,14233.35,14124.60,14223.80,48007468
NIFTY200 Quality 30,20230118,14254.95,14307.10,14231.55,14299.05,45638544
NIFTY200 Quality 30,20230119,14262.25,14284.45,14207.85,14231.65,47216260
NIFTY200 Quality 30,20230120,14188.30,14213.25,14089.75,14103.20,66769260
NIFTY200 Quality 30,20230123,14133.90,14269.40,14102.05,14261.55,41310712
NIFTY200 Quality 30,20230124,14294.85,14333.70,14263.45,14277.05,44989192
NIFTY200 Quality 30,20230125,14247.20,14254.30,14141.00,14163.90,40525072
NIFTY200 Quality 30,20230127,14215.55,14267.75,14008.45,14109.30,60303836
NIFTY200 Quality 30,20230130,14123.45,14168.75,14035.55,14146.65,52252128
NIFTY200 Quality 30,20230131,14177.00,14183.55,14006.65,14110.95,67292544
NIFTY200 Quality 30,20230201,14184.50,14282.45,14005.65,14172.35,119008056
NIFTY200 Quality 30,20230202,14187.25,14296.85,14162.25,14249.85,96999016
NIFTY200 Quality 30,20230203,14309.95,14310.50,14140.30,14202.05,68112816
NIFTY200 Quality 30,20230206,14166.90,14231.10,14111.75,14222.00,60736836
NIFTY200 Quality 30,20230207,14228.90,14244.20,14099.00,14144.65,51329876
NIFTY200 Quality 30,20230208,14173.75,14255.65,14151.05,14243.80,46698576
NIFTY200 Quality 30,20230209,14240.10,14273.35,14201.75,14243.65,42840308
NIFTY200 Quality 30,20230210,14217.70,14231.30,14163.40,14197.80,39247856
NIFTY200 Quality 30,20230213,14206.65,14207.95,14072.45,14088.85,39237208
NIFTY200 Quality 30,20230214,14141.15,14199.60,14106.00,14142.60,62583316
NIFTY200 Quality 30,20230215,14114.90,14257.05,14055.30,14238.75,51014996
NIFTY200 Quality 30,20230216,14284.75,14402.05,14265.10,14358.70,59213032
NIFTY200 Quality 30,20230217,14301.65,14321.30,14247.95,14281.95,40136352
NIFTY200 Quality 30,20230220,14303.60,14346.60,14238.50,14298.15,40917232
NIFTY200 Quality 30,20230221,14349.55,14354.30,14257.35,14275.80,51103968
NIFTY200 Quality 30,20230222,14223.95,14252.00,14153.10,14176.70,47487860
NIFTY200 Quality 30,20230223,14210.05,14217.80,14099.30,14141.50,55281152
NIFTY200 Quality 30,20230224,14184.70,14219.10,14113.20,14146.55,40866400
NIFTY200 Quality 30,20230227,14113.50,14115.05,13933.25,13998.45,36496828
NIFTY200 Quality 30,20230228,14017.10,14090.70,13984.25,14025.55,81406616
NIFTY200 Quality 30,20230301,14036.55,14146.50,14036.55,14138.80,40243076
NIFTY200 Quality 30,20230302,14115.80,14129.10,14048.25,14078.95,42556896
NIFTY200 Quality 30,20230303,14141.35,14169.05,14091.70,14110.15,41160344
NIFTY200 Quality 30,20230306,14170.60,14244.15,14161.45,14220.50,49084488
NIFTY200 Quality 30,20230308,14164.95,14218.80,14105.85,14208.10,42018960
NIFTY200 Quality 30,20230309,14222.55,14229.25,14086.50,14101.60,44202828
NIFTY200 Quality 30,20230310,14023.50,14094.50,13951.35,14083.10,33446622
NIFTY200 Quality 30,20230313,14109.85,14202.90,13923.60,13950.75,57722444
NIFTY200 Quality 30,20230314,13957.75,13970.80,13801.50,13855.35,51111580
NIFTY200 Quality 30,20230315,13943.30,13974.25,13856.00,13865.80,63429896
NIFTY200 Quality 30,20230316,13873.15,13994.10,13821.00,13952.10,55047392
NIFTY200 Quality 30,20230317,14034.80,14070.70,13979.40,14006.30,110368520
NIFTY200 Quality 30,20230320,13979.75,14004.35,13866.10,13977.55,46582736
NIFTY200 Quality 30,20230321,14012.60,14030.35,13925.95,13941.05,48536856
NIFTY200 Quality 30,20230322,13980.15,14005.70,13938.55,13964.95,38506728
NIFTY200 Quality 30,20230323,13926.65,13953.90,13875.50,13917.05,43825400
NIFTY200 Quality 30,20230324,13938.80,13974.55,13795.50,13816.15,43730104
NIFTY200 Quality 30,20230327,13826.70,13898.35,13785.10,13811.55,40899744
NIFTY200 Quality 30,20230328,13834.40,13846.60,13707.10,13719.65,52175584
NIFTY200 Quality 30,20230329,13728.35,13864.60,13726.70,13841.05,66404740
NIFTY200 Quality 30,20230331,13903.90,14027.95,13893.10,14014.15,56121024
NIFTY200 Quality 30,20230403,14072.15,14084.75,13940.55,14075.75,49455484
NIFTY200 Quality 30,20230405,14063.40,14240.55,14041.30,14231.30,58093640
NIFTY200 Quality 30,20230406,14225.15,14238.80,14166.45,14216.60,93245008
NIFTY200 Quality 30,20230410,14236.60,14272.45,14179.75,14244.00,52415796
NIFTY200 Quality 30,20230411,14266.15,14300.30,14178.65,14239.15,62983584
NIFTY200 Quality 30,20230412,14270.35,14390.30,14246.00,14382.40,61755476
NIFTY200 Quality 30,20230413,14343.70,14357.90,14273.35,14291.95,56863912
NIFTY200 Quality 30,20230417,14162.40,14224.65,14049.70,14215.10,108492768
NIFTY200 Quality 30,20230418,14244.05,14278.20,14183.80,14265.90,60537128
NIFTY200 Quality 30,20230419,14269.75,14280.85,14147.50,14168.40,57473872
NIFTY200 Quality 30,20230420,14171.10,14213.05,14131.80,14152.45,42438696
NIFTY200 Quality 30,20230421,14166.40,14244.85,14153.45,14233.95,54608160
NIFTY200 Quality 30,20230424,14261.80,14294.30,14201.30,14287.35,38819988
NIFTY200 Quality 30,20230425,14293.45,14342.60,14255.20,14320.15,40352512
NIFTY200 Quality 30,20230426,14316.70,14385.50,14291.35,14373.70,42883076
NIFTY200 Quality 30,20230427,14391.65,14458.55,14374.95,14448.30,50230468
NIFTY200 Quality 30,20230428,14449.35,14617.50,14421.00,14596.30,63806976
NIFTY200 Quality 30,20230502,14623.25,14684.80,14611.15,14644.25,51005896
NIFTY200 Quality 30,20230503,14620.80,14680.30,14579.70,14654.25,42969244
NIFTY200 Quality 30,20230504,14655.05,14732.40,14621.45,14719.00,45904236
NIFTY200 Quality 30,20230505,14735.65,14782.25,14679.20,14716.55,60442584
NIFTY200 Quality 30,20230508,14758.35,14819.40,14747.45,14808.65,52297016
NIFTY200 Quality 30,20230509,14838.85,14906.35,14809.60,14852.50,54556328
NIFTY200 Quality 30,20230510,14890.35,14904.50,14836.40,14895.70,48569492
NIFTY200 Quality 30,20230511,14955.90,14977.90,14910.90,14965.55,54520776
NIFTY200 Quality 30,20230512,14962.30,15056.10,14899.90,14973.25,50188496
NIFTY200 Quality 30,20230515,14982.70,15106.65,14944.20,15050.60,52077680
NIFTY200 Quality 30,20230516,15079.70,15140.90,15028.45,15041.20,45398864
NIFTY200 Quality 30,20230517,15042.20,15055.70,14924.35,14984.05,52937556
NIFTY200 Quality 30,20230518,15043.20,15057.35,14865.55,14877.90,55958496
NIFTY200 Quality 30,20230519,14927.85,14932.95,14819.35,14867.75,62805336
NIFTY200 Quality 30,20230522,14870.60,15039.90,14831.10,15032.00,52531356
NIFTY200 Quality 30,20230523,15043.80,15102.20,15014.35,15023.85,39688376
NIFTY200 Quality 30,20230524,14983.65,15060.35,14972.65,15037.10,37781348
NIFTY200 Quality 30,20230525,15046.70,15124.35,15020.30,15102.85,47149000
NIFTY200 Quality 30,20230526,15061.95,15218.75,15061.80,15211.90,46156888
NIFTY200 Quality 30,20230529,15305.30,15310.90,15227.45,15242.90,49810728
NIFTY200 Quality 30,20230530,15258.95,15289.55,15230.20,15261.50,48528096
NIFTY200 Quality 30,20230531,15267.20,15330.20,15247.25,15285.35,99311512
NIFTY200 Quality 30,20230601,15308.90,15394.80,15276.45,15331.75,69818104
NIFTY200 Quality 30,20230602,15369.65,15396.25,15321.50,15339.95,77294792
NIFTY200 Quality 30,20230605,15374.30,15406.50,15291.05,15301.85,50517648
NIFTY200 Quality 30,20230606,15285.30,15294.10,15158.80,15232.10,61450408
NIFTY200 Quality 30,20230607,15291.60,15401.85,15277.50,15392.65,61051036
NIFTY200 Quality 30,20230608,15409.55,15418.45,15232.20,15248.75,63820496
NIFTY200 Quality 30,20230609,15234.80,15261.05,15058.70,15070.25,183515872
NIFTY200 Quality 30,20230612,15086.10,15213.35,15065.25,15195.50,70887224
NIFTY200 Quality 30,20230613,15241.15,15361.80,15233.45,15339.30,62880172
NIFTY200 Quality 30,20230614,15364.30,15370.30,15303.90,15355.75,46516848
NIFTY200 Quality 30,20230615,15379.90,15456.25,15362.50,15387.45,50160096
NIFTY200 Quality 30,20230616,15413.40,15469.75,15383.90,15432.80,65450772
NIFTY200 Quality 30,20230619,15449.40,15480.40,15399.30,15409.90,46119336
