Nifty Smallcap250 Quality 50,20230316,14756.29,14756.29,14756.29,14756.29,23754796
Nifty Smallcap250 Quality 50,20230317,14896.82,14896.82,14896.82,14896.82,36352988
Nifty Smallcap250 Quality 50,20230320,14824.56,14824.56,14824.56,14824.56,30226606
Nifty Smallcap250 Quality 50,20230321,14874.78,14874.78,14874.78,14874.78,30141862
Nifty Smallcap250 Quality 50,20230322,14923.32,14923.32,14923.32,14923.32,16974436
Nifty Smallcap250 Quality 50,20230323,14870.14,14870.14,14870.14,14870.14,15839106
Nifty Smallcap250 Quality 50,20230324,14716.19,14716.19,14716.19,14716.19,28101602
Nifty Smallcap250 Quality 50,20230327,14536.40,14536.40,14536.40,14536.40,19844942
Nifty Smallcap250 Quality 50,20230328,14453.51,14453.51,14453.51,14453.51,22295512
Nifty Smallcap250 Quality 50,20230329,14711.84,14711.84,14711.84,14711.84,28413968
Nifty Smallcap250 Quality 50,20230331,14900.50,14900.50,14900.50,14900.50,31464844
Nifty Smallcap250 Quality 50,20230403,14938.22,14938.22,14938.22,14938.22,29235860
Nifty Smallcap250 Quality 50,20230405,15048.80,15048.80,15048.80,15048.80,34152176
Nifty Smallcap250 Quality 50,20230406,15111.09,15111.09,15111.09,15111.09,23887488
Nifty Smallcap250 Quality 50,20230410,15120.72,15120.72,15120.72,15120.72,27874560
Nifty Smallcap250 Quality 50,20230411,15227.29,15227.29,15227.29,15227.29,22338548
Nifty Smallcap250 Quality 50,20230412,15318.04,15318.04,15318.04,15318.04,27983368
Nifty Smallcap250 Quality 50,20230413,15347.92,15347.92,15347.92,15347.92,22781598
Nifty Smallcap250 Quality 50,20230417,15292.84,15292.84,15292.84,15292.84,22759720
Nifty Smallcap250 Quality 50,20230418,15330.59,15330.59,15330.59,15330.59,22277456
Nifty Smallcap250 Quality 50,20230419,15289.74,15289.74,15289.74,15289.74,24584440
Nifty Smallcap250 Quality 50,20230420,15353.17,15353.17,15353.17,15353.17,26855366
Nifty Smallcap250 Quality 50,20230421,15395.36,15395.36,15395.36,15395.36,23771780
Nifty Smallcap250 Quality 50,20230424,15435.35,15435.35,15435.35,15435.35,23805248
Nifty Smallcap250 Quality 50,20230425,15435.68,15435.68,15435.68,15435.68,24568044
Nifty Smallcap250 Quality 50,20230426,15572.20,15572.20,15572.20,15572.20,78780256
Nifty Smallcap250 Quality 50,20230427,15620.76,15620.76,15620.76,15620.76,46351080
Nifty Smallcap250 Quality 50,20230428,15769.44,15769.44,15769.44,15769.44,47737096
Nifty Smallcap250 Quality 50,20230502,15877.57,15877.57,15877.57,15877.57,41618968
Nifty Smallcap250 Quality 50,20230503,15963.40,15963.40,15963.40,15963.40,112593088
Nifty Smallcap250 Quality 50,20230504,16033.28,16033.28,16033.28,16033.28,66281424
Nifty Smallcap250 Quality 50,20230505,15982.27,15982.27,15982.27,15982.27,84928600
Nifty Smallcap250 Quality 50,20230508,16114.35,16114.35,16114.35,16114.35,46557880
Nifty Smallcap250 Quality 50,20230509,16128.33,16128.33,16128.33,16128.33,58945908
Nifty Smallcap250 Quality 50,20230510,16243.34,16243.34,16243.34,16243.34,52668600
Nifty Smallcap250 Quality 50,20230511,16370.46,16370.46,16370.46,16370.46,37961580
Nifty Smallcap250 Quality 50,20230512,16342.63,16342.63,16342.63,16342.63,44826996
Nifty Smallcap250 Quality 50,20230515,16439.31,16439.31,16439.31,16439.31,45060480
Nifty Smallcap250 Quality 50,20230516,16459.77,16459.77,16459.77,16459.77,73355000
Nifty Smallcap250 Quality 50,20230517,16510.16,16510.16,16510.16,16510.16,55386780
Nifty Smallcap250 Quality 50,20230518,16442.81,16442.81,16442.81,16442.81,35606460
Nifty Smallcap250 Quality 50,20230519,16468.83,16468.83,16468.83,16468.83,50517008
Nifty Smallcap250 Quality 50,20230522,16507.48,16507.48,16507.48,16507.48,33110654
Nifty Smallcap250 Quality 50,20230523,16492.71,16492.71,16492.71,16492.71,26949116
Nifty Smallcap250 Quality 50,20230524,16453.70,16453.70,16453.70,16453.70,57927832
Nifty Smallcap250 Quality 50,20230525,16499.67,16499.67,16499.67,16499.67,45284504
Nifty Smallcap250 Quality 50,20230526,16567.94,16567.94,16567.94,16567.94,44795644
Nifty Smallcap250 Quality 50,20230529,16591.61,16591.61,16591.61,16591.61,54416380
Nifty Smallcap250 Quality 50,20230530,16565.81,16565.81,16565.81,16565.81,28704784
Nifty Smallcap250 Quality 50,20230531,16651.80,16651.80,16651.80,16651.80,39914764
Nifty Smallcap250 Quality 50,20230601,16857.22,16857.22,16857.22,16857.22,38217112
Nifty Smallcap250 Quality 50,20230602,16956.93,16956.93,16956.93,16956.93,40779696
Nifty Smallcap250 Quality 50,20230605,16948.01,16948.01,16948.01,16948.01,41866844
Nifty Smallcap250 Quality 50,20230606,16968.22,16968.22,16968.22,16968.22,40646744
Nifty Smallcap250 Quality 50,20230607,17084.69,17084.69,17084.69,17084.69,39085016
Nifty Smallcap250 Quality 50,20230608,17035.91,17035.91,17035.91,17035.91,27941214
Nifty Smallcap250 Quality 50,20230609,17002.86,17002.86,17002.86,17002.86,22176174
Nifty Smallcap250 Quality 50,20230612,17065.04,17065.04,17065.04,17065.04,33388352
Nifty Smallcap250 Quality 50,20230613,17138.01,17138.01,17138.01,17138.01,34759992
Nifty Smallcap250 Quality 50,20230614,17220.12,17220.12,17220.12,17220.12,59086644
Nifty Smallcap250 Quality 50,20230615,17243.09,17243.09,17243.09,17243.09,38919148
Nifty Smallcap250 Quality 50,20230616,17413.81,17413.81,17413.81,17413.81,47981460
Nifty Smallcap250 Quality 50,20230619,17469.85,17469.85,17469.85,17469.85,36576532
