Nifty Microcap 250,20210511,7787.72,7787.72,7787.72,7787.72,767113984
Nifty Microcap 250,20210512,7745.18,7745.18,7745.18,7745.18,1004499136
Nifty Microcap 250,20210514,7683.98,7683.98,7683.98,7683.98,679255424
Nifty Microcap 250,20210517,7826.73,7826.73,7826.73,7826.73,414811168
Nifty Microcap 250,20210518,7906.49,7906.49,7906.49,7906.49,402804448
Nifty Microcap 250,20210519,7970.30,7970.30,7970.30,7970.30,445969312
Nifty Microcap 250,20210520,7994.80,7994.80,7994.80,7994.80,398915808
Nifty Microcap 250,20210521,8046.51,8046.51,8046.51,8046.51,490501024
Nifty Microcap 250,20210524,8122.05,8122.05,8122.05,8122.05,383635488
Nifty Microcap 250,20210526,8262.66,8262.66,8262.66,8262.66,619081280
Nifty Microcap 250,20210527,8272.72,8272.72,8272.72,8272.72,516536544
Nifty Microcap 250,20210528,8228.27,8228.27,8228.27,8228.27,623314304
Nifty Microcap 250,20210531,8238.92,8238.92,8238.92,8238.92,500388256
Nifty Microcap 250,20210601,8171.91,8171.91,8171.91,8171.91,426303168
Nifty Microcap 250,20210602,8342.83,8342.83,8342.83,8342.83,507978912
Nifty Microcap 250,20210603,8485.65,8485.65,8485.65,8485.65,442402432
Nifty Microcap 250,20210604,8601.15,8601.15,8601.15,8601.15,547418368
Nifty Microcap 250,20210607,8732.76,8732.76,8732.76,8732.76,604307968
Nifty Microcap 250,20210608,8795.97,8795.97,8795.97,8795.97,639554176
Nifty Microcap 250,20210609,8729.66,8729.66,8729.66,8729.66,924551808
Nifty Microcap 250,20210610,8923.71,8923.71,8923.71,8923.71,564947200
Nifty Microcap 250,20210611,9016.76,9016.76,9016.76,9016.76,1214678016
Nifty Microcap 250,20210614,9092.64,9092.64,9092.64,9092.64,810959680
Nifty Microcap 250,20210615,9178.52,9178.52,9178.52,9178.52,471503712
Nifty Microcap 250,20210616,9162.78,9162.78,9162.78,9162.78,846992640
Nifty Microcap 250,20210617,9121.40,9121.40,9121.40,9121.40,448031200
Nifty Microcap 250,20210621,9166.45,9166.45,9166.45,9166.45,602066176
Nifty Microcap 250,20210622,9255.13,9255.13,9255.13,9255.13,653137856
Nifty Microcap 250,20210623,9204.64,9204.64,9204.64,9204.64,765965120
Nifty Microcap 250,20210624,9179.48,9179.48,9179.48,9179.48,448404288
Nifty Microcap 250,20210625,9226.31,9226.31,9226.31,9226.31,418718880
Nifty Microcap 250,20210628,9293.01,9293.01,9293.01,9293.01,477338400
Nifty Microcap 250,20210629,9351.27,9351.27,9351.27,9351.27,318088832
Nifty Microcap 250,20210630,9395.63,9395.63,9395.63,9395.63,374982720
Nifty Microcap 250,20210701,9433.17,9433.17,9433.17,9433.17,401410016
Nifty Microcap 250,20210702,9603.93,9603.93,9603.93,9603.93,339121952
Nifty Microcap 250,20210705,9757.62,9757.62,9757.62,9757.62,307201024
Nifty Microcap 250,20210706,9699.71,9699.71,9699.71,9699.71,659763264
Nifty Microcap 250,20210707,9697.55,9697.55,9697.55,9697.55,486092384
Nifty Microcap 250,20210708,9680.91,9680.91,9680.91,9680.91,372171616
Nifty Microcap 250,20210709,9744.64,9744.64,9744.64,9744.64,319171040
Nifty Microcap 250,20210712,9881.06,9881.06,9881.06,9881.06,465097216
Nifty Microcap 250,20210713,9891.09,9891.09,9891.09,9891.09,454382944
Nifty Microcap 250,20210714,9921.14,9921.14,9921.14,9921.14,353813984
Nifty Microcap 250,20210715,9923.28,9923.28,9923.28,9923.28,337214912
Nifty Microcap 250,20210716,9950.13,9950.13,9950.13,9950.13,358055648
Nifty Microcap 250,20210719,10001.12,10001.12,10001.12,10001.12,352392960
Nifty Microcap 250,20210720,9796.72,9796.72,9796.72,9796.72,339108576
Nifty Microcap 250,20210722,9923.37,9923.37,9923.37,9923.37,308616224
Nifty Microcap 250,20210723,9897.81,9897.81,9897.81,9897.81,294673696
Nifty Microcap 250,20210726,9998.06,9998.06,9998.06,9998.06,342184992
Nifty Microcap 250,20210727,10048.74,10048.74,10048.74,10048.74,321156288
Nifty Microcap 250,20210728,10013.56,10013.56,10013.56,10013.56,380382816
Nifty Microcap 250,20210729,10107.35,10107.35,10107.35,10107.35,345808448
Nifty Microcap 250,20210730,10128.63,10128.63,10128.63,10128.63,348236352
Nifty Microcap 250,20210802,10257.94,10257.94,10257.94,10257.94,311961568
Nifty Microcap 250,20210803,10290.30,10290.30,10290.30,10290.30,291233440
Nifty Microcap 250,20210804,10123.88,10123.88,10123.88,10123.88,296698080
Nifty Microcap 250,20210805,9999.98,9999.98,9999.98,9999.98,248992640
Nifty Microcap 250,20210806,10028.22,10028.22,10028.22,10028.22,293210752
Nifty Microcap 250,20210809,9893.16,9893.16,9893.16,9893.16,195441104
Nifty Microcap 250,20210810,9525.55,9525.55,9525.55,9525.55,212648368
Nifty Microcap 250,20210811,9491.45,9491.45,9491.45,9491.45,258293744
Nifty Microcap 250,20210812,9781.63,9781.63,9781.63,9781.63,361415744
Nifty Microcap 250,20210813,9711.73,9711.73,9711.73,9711.73,228458672
Nifty Microcap 250,20210816,9602.32,9602.32,9602.32,9602.32,194569712
Nifty Microcap 250,20210817,9518.40,9518.40,9518.40,9518.40,218775808
Nifty Microcap 250,20210818,9426.12,9426.12,9426.12,9426.12,250771344
Nifty Microcap 250,20210820,9148.55,9148.55,9148.55,9148.55,184951568
Nifty Microcap 250,20210823,8856.24,8856.24,8856.24,8856.24,251009952
Nifty Microcap 250,20210824,9104.88,9104.88,9104.88,9104.88,228928448
Nifty Microcap 250,20210825,9176.29,9176.29,9176.29,9176.29,196344816
Nifty Microcap 250,20210826,9189.78,9189.78,9189.78,9189.78,208217904
Nifty Microcap 250,20210827,9265.90,9265.90,9265.90,9265.90,224643680
Nifty Microcap 250,20210830,9393.47,9393.47,9393.47,9393.47,191650000
Nifty Microcap 250,20210831,9365.46,9365.46,9365.46,9365.46,157953232
Nifty Microcap 250,20210901,9353.53,9353.53,9353.53,9353.53,174309248
Nifty Microcap 250,20210902,9461.25,9461.25,9461.25,9461.25,171494352
Nifty Microcap 250,20210903,9489.46,9489.46,9489.46,9489.46,186553040
Nifty Microcap 250,20210906,9507.14,9507.14,9507.14,9507.14,234950032
Nifty Microcap 250,20210907,9470.58,9470.58,9470.58,9470.58,175853888
Nifty Microcap 250,20210908,9596.48,9596.48,9596.48,9596.48,214785376
Nifty Microcap 250,20210909,9686.25,9686.25,9686.25,9686.25,226394880
Nifty Microcap 250,20210913,9772.18,9772.18,9772.18,9772.18,181788128
Nifty Microcap 250,20210914,9832.30,9832.30,9832.30,9832.30,280744448
Nifty Microcap 250,20210915,9959.39,9959.39,9959.39,9959.39,319241888
Nifty Microcap 250,20210916,9956.27,9956.27,9956.27,9956.27,321450240
Nifty Microcap 250,20210917,9945.16,9945.16,9945.16,9945.16,387131840
Nifty Microcap 250,20210920,9712.82,9712.82,9712.82,9712.82,215789408
Nifty Microcap 250,20210921,9734.82,9734.82,9734.82,9734.82,208132880
Nifty Microcap 250,20210922,9878.87,9878.87,9878.87,9878.87,223442288
Nifty Microcap 250,20210923,9955.25,9955.25,9955.25,9955.25,241167520
Nifty Microcap 250,20210924,9944.17,9944.17,9944.17,9944.17,246436176
Nifty Microcap 250,20210927,9949.00,9949.00,9949.00,9949.00,188403792
Nifty Microcap 250,20210928,9943.15,9943.15,9943.15,9943.15,242149440
Nifty Microcap 250,20210929,10048.10,10048.10,10048.10,10048.10,271168064
Nifty Microcap 250,20210930,10095.67,10095.67,10095.67,10095.67,250407584
Nifty Microcap 250,20211001,10141.08,10141.08,10141.08,10141.08,238758304
Nifty Microcap 250,20211004,10352.51,10352.51,10352.51,10352.51,387628160
Nifty Microcap 250,20211005,10437.14,10437.14,10437.14,10437.14,357428928
Nifty Microcap 250,20211006,10334.32,10334.32,10334.32,10334.32,321586496
Nifty Microcap 250,20211007,10443.67,10443.67,10443.67,10443.67,357054976
Nifty Microcap 250,20211008,10522.18,10522.18,10522.18,10522.18,586749120
Nifty Microcap 250,20211011,10586.60,10586.60,10586.60,10586.60,678969728
Nifty Microcap 250,20211012,10619.07,10619.07,10619.07,10619.07,556267456
Nifty Microcap 250,20211013,10723.55,10723.55,10723.55,10723.55,645129728
Nifty Microcap 250,20211014,10740.42,10740.42,10740.42,10740.42,417995488
Nifty Microcap 250,20211018,10813.33,10813.33,10813.33,10813.33,503938528
Nifty Microcap 250,20211019,10572.29,10572.29,10572.29,10572.29,510943424
Nifty Microcap 250,20211020,10354.69,10354.69,10354.69,10354.69,298483584
Nifty Microcap 250,20211021,10399.95,10399.95,10399.95,10399.95,311183616
Nifty Microcap 250,20211022,10263.20,10263.20,10263.20,10263.20,336731008
Nifty Microcap 250,20211025,10050.46,10050.46,10050.46,10050.46,287671360
Nifty Microcap 250,20211026,10297.53,10297.53,10297.53,10297.53,261760000
Nifty Microcap 250,20211027,10308.82,10308.82,10308.82,10308.82,280148928
Nifty Microcap 250,20211028,10090.86,10090.86,10090.86,10090.86,244796192
Nifty Microcap 250,20211029,10034.61,10034.61,10034.61,10034.61,252554336
Nifty Microcap 250,20211101,10154.12,10154.12,10154.12,10154.12,256176464
Nifty Microcap 250,20211102,10298.82,10298.82,10298.82,10298.82,253171696
Nifty Microcap 250,20211103,10244.21,10244.21,10244.21,10244.21,201744848
Nifty Microcap 250,20211104,10418.12,10418.12,10418.12,10418.12,71286536
Nifty Microcap 250,20211108,10490.01,10490.01,10490.01,10490.01,191853888
Nifty Microcap 250,20211109,10575.80,10575.80,10575.80,10575.80,222073248
Nifty Microcap 250,20211110,10569.54,10569.54,10569.54,10569.54,228437488
Nifty Microcap 250,20211111,10531.22,10531.22,10531.22,10531.22,233561808
Nifty Microcap 250,20211112,10497.79,10497.79,10497.79,10497.79,172789200
Nifty Microcap 250,20211115,10350.61,10350.61,10350.61,10350.61,251195536
Nifty Microcap 250,20211116,10405.62,10405.62,10405.62,10405.62,186346832
Nifty Microcap 250,20211117,10408.27,10408.27,10408.27,10408.27,181760304
Nifty Microcap 250,20211118,10229.43,10229.43,10229.43,10229.43,198583664
Nifty Microcap 250,20211122,9872.94,9872.94,9872.94,9872.94,208734704
Nifty Microcap 250,20211123,10126.14,10126.14,10126.14,10126.14,199231008
Nifty Microcap 250,20211124,10232.07,10232.07,10232.07,10232.07,275954048
Nifty Microcap 250,20211125,10377.48,10377.48,10377.48,10377.48,241523200
Nifty Microcap 250,20211126,10061.87,10061.87,10061.87,10061.87,417594944
Nifty Microcap 250,20211129,9784.52,9784.52,9784.52,9784.52,271637056
Nifty Microcap 250,20211130,9834.57,9834.57,9834.57,9834.57,226191040
Nifty Microcap 250,20211201,9872.17,9872.17,9872.17,9872.17,159541152
Nifty Microcap 250,20211202,10021.83,10021.83,10021.83,10021.83,197641632
Nifty Microcap 250,20211203,10101.06,10101.06,10101.06,10101.06,323591264
Nifty Microcap 250,20211206,9967.96,9967.96,9967.96,9967.96,292682240
Nifty Microcap 250,20211207,10099.92,10099.92,10099.92,10099.92,281678176
Nifty Microcap 250,20211208,10259.84,10259.84,10259.84,10259.84,440214944
Nifty Microcap 250,20211209,10354.87,10354.87,10354.87,10354.87,649016256
Nifty Microcap 250,20211210,10473.03,10473.03,10473.03,10473.03,538428096
Nifty Microcap 250,20211213,10498.31,10498.31,10498.31,10498.31,523107232
Nifty Microcap 250,20211214,10529.94,10529.94,10529.94,10529.94,365628832
Nifty Microcap 250,20211215,10492.82,10492.82,10492.82,10492.82,300067616
Nifty Microcap 250,20211216,10390.95,10390.95,10390.95,10390.95,386879488
Nifty Microcap 250,20211217,10114.45,10114.45,10114.45,10114.45,389973632
Nifty Microcap 250,20211220,9719.52,9719.52,9719.52,9719.52,340978272
Nifty Microcap 250,20211221,9815.99,9815.99,9815.99,9815.99,337948256
Nifty Microcap 250,20211222,9990.57,9990.57,9990.57,9990.57,435828544
Nifty Microcap 250,20211223,10040.76,10040.76,10040.76,10040.76,277998368
Nifty Microcap 250,20211224,9975.72,9975.72,9975.72,9975.72,275324704
Nifty Microcap 250,20211227,10032.19,10032.19,10032.19,10032.19,422673280
Nifty Microcap 250,20211228,10195.50,10195.50,10195.50,10195.50,598416832
Nifty Microcap 250,20211229,10209.53,10209.53,10209.53,10209.53,556967552
Nifty Microcap 250,20211230,10195.83,10195.83,10195.83,10195.83,304603136
Nifty Microcap 250,20211231,10304.28,10304.28,10304.28,10304.28,282740928
Nifty Microcap 250,20220103,10477.84,10477.84,10477.84,10477.84,745792704
Nifty Microcap 250,20220104,10538.67,10538.67,10538.67,10538.67,720412352
Nifty Microcap 250,20220105,10549.14,10549.14,10549.14,10549.14,443625504
Nifty Microcap 250,20220106,10605.53,10605.53,10605.53,10605.53,624940992
Nifty Microcap 250,20220107,10667.75,10667.75,10667.75,10667.75,818042496
Nifty Microcap 250,20220110,10746.00,10873.65,10744.15,10853.05,724287872
Nifty Microcap 250,20220111,10928.35,10943.95,10838.90,10851.85,911350016
Nifty Microcap 250,20220112,10950.05,10973.60,10841.50,10885.70,1133837312
Nifty Microcap 250,20220113,10943.95,10958.25,10853.10,10929.95,567900352
Nifty Microcap 250,20220114,10920.30,11071.15,10890.95,11045.70,514712800
Nifty Microcap 250,20220117,11117.25,11190.95,11105.45,11160.85,478423456
Nifty Microcap 250,20220118,11235.15,11249.55,10938.85,10961.70,557026624
Nifty Microcap 250,20220119,10944.40,10992.10,10845.20,10957.95,477056320
Nifty Microcap 250,20220120,10980.10,11079.05,10976.60,11038.25,563164992
Nifty Microcap 250,20220121,11009.00,11071.35,10732.90,10805.60,432852416
Nifty Microcap 250,20220124,10806.30,10810.50,10153.10,10252.35,443814528
Nifty Microcap 250,20220125,10138.20,10437.65,9948.90,10391.70,390964352
Nifty Microcap 250,20220127,10327.80,10472.05,10273.35,10421.10,369404192
Nifty Microcap 250,20220128,10508.05,10658.25,10482.30,10491.10,307743488
Nifty Microcap 250,20220131,10643.35,10689.10,10521.25,10530.30,284473888
Nifty Microcap 250,20220201,10628.25,10647.20,10471.75,10615.25,329690400
Nifty Microcap 250,20220202,10712.10,10805.20,10710.40,10795.70,285693888
Nifty Microcap 250,20220203,10838.70,10882.80,10791.65,10827.80,426362080
Nifty Microcap 250,20220204,10885.50,10938.35,10812.65,10823.15,327297344
Nifty Microcap 250,20220207,10856.40,10902.00,10735.35,10761.80,440109376
Nifty Microcap 250,20220208,10796.40,10833.35,10456.10,10578.15,422517696
Nifty Microcap 250,20220209,10645.95,10669.75,10541.25,10627.00,338042272
Nifty Microcap 250,20220210,10674.25,10678.75,10569.80,10629.45,322052640
Nifty Microcap 250,20220211,10524.75,10594.15,10440.90,10452.60,308914432
Nifty Microcap 250,20220214,10227.60,10266.75,9954.30,9975.60,428967936
Nifty Microcap 250,20220215,10011.45,10135.05,9805.25,10120.65,391765824
Nifty Microcap 250,20220216,10232.30,10363.55,10213.85,10240.55,353385344
Nifty Microcap 250,20220217,10304.35,10343.95,10147.30,10165.45,230490864
Nifty Microcap 250,20220218,10127.85,10212.80,10074.05,10084.80,200612976
Nifty Microcap 250,20220221,10011.65,10034.40,9768.05,9782.70,315593856
Nifty Microcap 250,20220222,9448.65,9599.90,9445.35,9533.45,299714432
Nifty Microcap 250,20220223,9619.00,9790.80,9618.60,9711.45,187613168
Nifty Microcap 250,20220224,9340.30,9434.65,9048.90,9058.80,390834816
Nifty Microcap 250,20220225,9252.90,9500.90,9252.90,9451.80,213818928
Nifty Microcap 250,20220228,9392.25,9565.55,9266.70,9555.35,276000416
Nifty Microcap 250,20220302,9505.40,9661.05,9483.65,9584.00,209577888
Nifty Microcap 250,20220303,9711.15,9774.85,9621.10,9633.60,233761696
Nifty Microcap 250,20220304,9588.05,9630.05,9481.95,9505.25,236545696
Nifty Microcap 250,20220307,9331.85,9340.90,9186.00,9245.35,214675264
Nifty Microcap 250,20220308,9261.05,9450.90,9236.70,9389.30,223237936
Nifty Microcap 250,20220309,9494.25,9672.25,9485.75,9646.35,241565440
Nifty Microcap 250,20220310,9860.20,9930.45,9748.60,9761.30,250337616
Nifty Microcap 250,20220311,9791.95,9904.45,9764.95,9880.70,220591056
Nifty Microcap 250,20220314,9941.20,9971.40,9839.70,9917.30,277187808
Nifty Microcap 250,20220315,9971.55,10002.00,9727.85,9780.20,245937792
Nifty Microcap 250,20220316,9904.50,9952.80,9893.55,9924.85,198632048
Nifty Microcap 250,20220317,10051.35,10073.00,10000.00,10016.50,278831488
Nifty Microcap 250,20220321,10104.30,10140.00,10026.95,10040.70,254259440
Nifty Microcap 250,20220322,10074.30,10093.75,10004.40,10067.40,237884640
Nifty Microcap 250,20220323,10124.75,10185.30,10025.60,10043.95,241590480
Nifty Microcap 250,20220324,10033.75,10098.15,10009.05,10019.50,271776192
Nifty Microcap 250,20220325,10080.40,10105.70,9939.20,9946.40,277596448
Nifty Microcap 250,20220328,9972.35,9991.25,9779.50,9811.10,277178144
Nifty Microcap 250,20220329,9874.55,9917.65,9849.35,9866.65,460449024
Nifty Microcap 250,20220330,9968.85,10067.55,9967.80,10014.50,368545632
Nifty Microcap 250,20220331,10070.40,10118.60,10031.20,10045.85,393049056
Nifty Microcap 250,20220401,10074.50,10329.20,10062.50,10321.95,419026400
Nifty Microcap 250,20220404,10421.25,10555.85,10420.50,10543.55,473915392
Nifty Microcap 250,20220405,10640.05,10772.20,10598.20,10719.30,651490304
Nifty Microcap 250,20220406,10715.85,10877.30,10693.05,10846.75,534860992
Nifty Microcap 250,20220407,10905.30,10977.05,10736.85,10775.00,792267392
Nifty Microcap 250,20220408,10858.95,10957.50,10824.10,10941.35,485730688
Nifty Microcap 250,20220411,11010.70,11061.70,10998.00,11019.95,485054336
Nifty Microcap 250,20220412,11023.80,11025.55,10781.20,10873.35,369494592
Nifty Microcap 250,20220413,10953.90,11022.00,10941.15,10952.80,385074784
Nifty Microcap 250,20220418,10915.70,10930.65,10822.60,10886.85,379404576
Nifty Microcap 250,20220419,10971.50,11044.50,10667.90,10768.80,437639232
Nifty Microcap 250,20220420,10839.25,10946.10,10797.95,10828.30,330740320
Nifty Microcap 250,20220421,10941.45,11016.40,10939.40,10990.60,425839552
Nifty Microcap 250,20220422,10946.90,11085.10,10909.15,10998.40,559772736
Nifty Microcap 250,20220425,10914.05,10918.50,10741.90,10778.15,440073440
Nifty Microcap 250,20220426,10896.30,10943.70,10819.85,10837.05,421274144
Nifty Microcap 250,20220427,10785.85,10818.25,10659.00,10752.75,590493824
Nifty Microcap 250,20220428,10836.35,10869.15,10700.70,10731.95,388317664
Nifty Microcap 250,20220429,10797.80,10823.25,10629.60,10652.85,457368128
Nifty Microcap 250,20220502,10564.40,10613.50,10485.30,10595.80,411905920
Nifty Microcap 250,20220504,10687.45,10743.65,10321.15,10379.80,322027360
Nifty Microcap 250,20220505,10499.00,10535.80,10339.20,10363.90,266812624
Nifty Microcap 250,20220506,10191.90,10201.25,10054.25,10143.40,245894080
Nifty Microcap 250,20220509,10091.35,10109.80,9894.85,9979.45,286021312
Nifty Microcap 250,20220510,9981.85,10103.70,9666.80,9709.15,229025184
Nifty Microcap 250,20220511,9727.90,9787.85,9238.60,9437.65,387621504
Nifty Microcap 250,20220512,9340.35,9349.15,9150.20,9203.30,241946976
Nifty Microcap 250,20220513,9350.25,9498.60,9319.00,9350.25,334124864
Nifty Microcap 250,20220516,9419.15,9481.70,9320.65,9461.50,264460624
Nifty Microcap 250,20220517,9547.25,9775.45,9542.10,9764.00,250295072
Nifty Microcap 250,20220518,9841.70,9913.60,9745.00,9790.20,328491360
Nifty Microcap 250,20220519,9557.90,9658.15,9503.35,9583.15,225112320
Nifty Microcap 250,20220520,9734.90,9851.75,9734.90,9841.05,347383264
Nifty Microcap 250,20220523,9888.50,9899.10,9754.55,9766.50,227155584
Nifty Microcap 250,20220524,9792.85,9805.65,9614.05,9625.95,248783712
Nifty Microcap 250,20220525,9649.35,9678.75,9299.90,9307.85,234702816
Nifty Microcap 250,20220526,9353.00,9389.75,9026.05,9345.85,274890368
Nifty Microcap 250,20220527,9459.65,9511.30,9403.35,9444.55,174039008
Nifty Microcap 250,20220530,9558.60,9640.15,9540.70,9626.15,248203520
Nifty Microcap 250,20220531,9633.80,9764.05,9594.70,9714.75,294803424
Nifty Microcap 250,20220601,9757.45,9848.25,9751.90,9834.40,342595968
Nifty Microcap 250,20220602,9865.50,9997.10,9861.75,9988.65,421866880
Nifty Microcap 250,20220603,10077.95,10090.35,9872.65,9880.35,286795904
Nifty Microcap 250,20220606,9876.55,9887.60,9735.50,9839.55,340391840
Nifty Microcap 250,20220607,9832.35,9883.40,9776.05,9792.70,340774848
Nifty Microcap 250,20220608,9846.85,9871.60,9739.10,9755.05,280159744
Nifty Microcap 250,20220609,9741.50,9797.00,9719.05,9784.20,257761744
Nifty Microcap 250,20220610,9714.10,9747.85,9684.75,9700.50,184895280
Nifty Microcap 250,20220613,9541.30,9541.30,9352.70,9376.65,267490368
Nifty Microcap 250,20220614,9337.75,9473.55,9318.85,9341.40,321196960
Nifty Microcap 250,20220615,9397.10,9435.80,9362.10,9374.35,161554912
Nifty Microcap 250,20220616,9492.25,9517.45,9049.65,9061.45,291671808
Nifty Microcap 250,20220617,9017.55,9059.15,8868.85,8971.35,212700704
Nifty Microcap 250,20220620,8987.40,9014.30,8567.20,8639.25,300311776
Nifty Microcap 250,20220621,8711.90,8958.95,8711.90,8945.40,293601216
Nifty Microcap 250,20220622,8952.60,8967.10,8843.75,8856.60,287076704
Nifty Microcap 250,20220623,8888.95,8988.70,8849.70,8938.60,201437120
Nifty Microcap 250,20220624,9023.40,9114.15,9023.20,9105.60,259005328
Nifty Microcap 250,20220627,9241.10,9281.00,9225.10,9233.80,256392384
Nifty Microcap 250,20220628,9224.50,9307.40,9180.55,9296.35,230503392
Nifty Microcap 250,20220629,9247.20,9345.25,9219.90,9289.95,194357472
Nifty Microcap 250,20220630,9314.75,9373.25,9209.65,9226.15,162297296
Nifty Microcap 250,20220701,9220.40,9252.55,9115.50,9240.70,152642240
Nifty Microcap 250,20220704,9280.25,9331.00,9263.25,9321.85,158785776
Nifty Microcap 250,20220705,9376.25,9462.15,9335.60,9343.25,176714608
Nifty Microcap 250,20220706,9358.85,9410.65,9294.95,9401.45,213245616
Nifty Microcap 250,20220707,9469.75,9549.10,9469.75,9538.10,187366656
Nifty Microcap 250,20220708,9606.10,9634.95,9579.00,9597.50,211535312
Nifty Microcap 250,20220711,9587.95,9725.35,9568.30,9720.80,281049792
Nifty Microcap 250,20220712,9713.05,9780.75,9687.00,9696.35,233961728
Nifty Microcap 250,20220713,9755.90,9774.30,9633.25,9640.95,190342992
Nifty Microcap 250,20220714,9672.05,9685.10,9546.45,9593.55,157636640
Nifty Microcap 250,20220715,9623.05,9655.00,9574.80,9630.05,111774616
Nifty Microcap 250,20220718,9702.55,9775.00,9701.35,9768.70,134232256
Nifty Microcap 250,20220719,9771.95,9871.80,9763.30,9863.80,170119184
Nifty Microcap 250,20220720,9956.65,9971.55,9869.75,9882.75,289788192
Nifty Microcap 250,20220721,9904.50,9964.60,9870.85,9952.40,374525312
Nifty Microcap 250,20220722,9994.05,10023.90,9951.15,9966.25,179266784
Nifty Microcap 250,20220725,9982.20,9989.80,9890.00,9932.25,176521744
Nifty Microcap 250,20220726,9947.50,9955.25,9799.95,9811.90,273364672
Nifty Microcap 250,20220727,9825.55,9867.60,9777.45,9858.05,180058688
Nifty Microcap 250,20220728,9915.75,9953.10,9880.70,9892.05,231645632
Nifty Microcap 250,20220729,9957.70,10003.20,9945.20,9978.15,250007344
Nifty Microcap 250,20220801,10048.55,10140.60,10004.65,10131.95,402514976
Nifty Microcap 250,20220802,10157.25,10236.80,10126.65,10198.30,379681952
Nifty Microcap 250,20220803,10251.10,10264.25,10101.80,10152.95,300680128
Nifty Microcap 250,20220804,10222.05,10263.00,10014.35,10136.35,381242720
Nifty Microcap 250,20220805,10179.50,10227.40,10144.40,10156.95,437821600
Nifty Microcap 250,20220808,10200.20,10216.30,10160.90,10189.20,401924000
Nifty Microcap 250,20220810,10219.50,10234.30,10145.80,10183.35,503462144
Nifty Microcap 250,20220811,10268.90,10293.45,10164.20,10177.10,322242848
Nifty Microcap 250,20220812,10210.40,10251.35,10187.45,10218.90,313433344
Nifty Microcap 250,20220816,10256.15,10293.35,10253.10,10283.35,319197792
Nifty Microcap 250,20220817,10329.85,10390.40,10329.00,10369.15,387484224
Nifty Microcap 250,20220818,10392.75,10467.90,10380.65,10428.95,408631488
Nifty Microcap 250,20220819,10466.25,10518.10,10325.65,10379.60,373411232
Nifty Microcap 250,20220822,10378.60,10379.75,10262.15,10269.05,463787872
Nifty Microcap 250,20220823,10226.90,10395.50,10219.40,10379.30,328362336
Nifty Microcap 250,20220824,10412.95,10510.25,10411.45,10479.50,358608000
Nifty Microcap 250,20220825,10548.05,10607.80,10498.45,10514.75,371214528
Nifty Microcap 250,20220826,10583.65,10635.25,10567.80,10587.70,508556832
Nifty Microcap 250,20220829,10344.10,10565.30,10327.35,10539.40,381811040
Nifty Microcap 250,20220830,10630.50,10703.45,10630.25,10688.20,380935040
Nifty Microcap 250,20220901,10670.80,10854.45,10660.20,10837.50,916733632
Nifty Microcap 250,20220902,10916.30,10948.95,10836.55,10851.35,1169774464
Nifty Microcap 250,20220905,10914.10,11031.80,10913.05,10995.10,1024250240
Nifty Microcap 250,20220906,11083.05,11104.90,10919.20,10964.85,786142272
Nifty Microcap 250,20220907,10926.55,11075.70,10918.40,11063.10,574123200
Nifty Microcap 250,20220908,11167.85,11193.10,11118.70,11134.95,551763904
Nifty Microcap 250,20220909,11219.05,11225.45,11067.30,11089.45,613312384
Nifty Microcap 250,20220912,11156.30,11242.00,11151.20,11204.50,441940288
Nifty Microcap 250,20220913,11277.95,11304.40,11234.30,11247.20,451870496
Nifty Microcap 250,20220914,11080.95,11281.45,11074.00,11262.20,416283296
Nifty Microcap 250,20220915,11339.85,11394.55,11262.50,11309.00,695719872
Nifty Microcap 250,20220916,11310.00,11345.80,10979.60,11062.50,640371648
Nifty Microcap 250,20220919,11124.30,11161.40,10953.40,11101.25,462989920
Nifty Microcap 250,20220920,11203.70,11252.00,11141.20,11153.50,377117920
Nifty Microcap 250,20220921,11185.80,11234.65,11026.70,11048.65,334962880
Nifty Microcap 250,20220922,11033.05,11159.40,11018.35,11115.15,395502816
Nifty Microcap 250,20220923,11155.20,11175.60,10885.70,10893.15,347199872
Nifty Microcap 250,20220926,10806.90,10808.50,10389.60,10478.30,374912096
Nifty Microcap 250,20220927,10538.00,10628.80,10421.50,10532.40,474013888
Nifty Microcap 250,20220928,10458.70,10594.00,10421.70,10450.60,317963968
Nifty Microcap 250,20220929,10583.95,10628.10,10409.90,10510.95,269898272
Nifty Microcap 250,20220930,10511.25,10684.85,10457.70,10670.70,320196384
Nifty Microcap 250,20221003,10676.85,10743.95,10573.90,10593.55,261780992
Nifty Microcap 250,20221004,10735.85,10808.05,10735.30,10799.80,342317856
Nifty Microcap 250,20221006,10892.50,10996.30,10881.00,10982.95,383382528
Nifty Microcap 250,20221007,11010.05,11085.75,10978.05,11078.10,551057536
Nifty Microcap 250,20221010,11000.10,11088.30,10951.95,11053.20,659079424
Nifty Microcap 250,20221011,11105.50,11125.95,10859.50,10887.25,511157856
Nifty Microcap 250,20221012,10925.85,10952.30,10734.40,10843.05,336681696
Nifty Microcap 250,20221013,10863.40,10891.50,10762.80,10816.35,240805632
Nifty Microcap 250,20221014,10963.30,11001.20,10791.35,10807.20,263996400
Nifty Microcap 250,20221017,10804.35,10828.90,10704.70,10802.75,246010960
Nifty Microcap 250,20221018,10882.10,10936.30,10881.00,10904.80,291334688
Nifty Microcap 250,20221019,10953.95,10985.15,10893.60,10907.65,248999520
Nifty Microcap 250,20221020,10894.35,10909.55,10844.35,10897.85,353277216
Nifty Microcap 250,20221021,10955.10,10971.45,10751.60,10771.20,326151168
Nifty Microcap 250,20221024,10880.10,10923.90,10877.75,10907.35,143714032
Nifty Microcap 250,20221025,10921.60,10934.30,10839.80,10894.75,504073088
Nifty Microcap 250,20221027,10957.75,10969.35,10899.55,10928.90,379268576
Nifty Microcap 250,20221028,10962.70,10977.60,10854.75,10867.40,251096032
Nifty Microcap 250,20221031,10929.05,10951.30,10888.40,10908.20,281914912
Nifty Microcap 250,20221101,10939.30,10970.65,10914.15,10938.75,339869088
Nifty Microcap 250,20221102,10985.95,11035.90,10974.95,10997.45,337590880
Nifty Microcap 250,20221103,10961.30,11060.45,10958.45,11045.80,357636096
Nifty Microcap 250,20221104,11088.55,11172.15,11088.30,11164.20,428815360
Nifty Microcap 250,20221107,11234.40,11256.80,11188.05,11229.20,470937888
Nifty Microcap 250,20221109,11290.20,11301.55,11161.70,11175.20,365802848
Nifty Microcap 250,20221110,11161.85,11194.60,11039.65,11064.55,332274976
Nifty Microcap 250,20221111,11188.55,11216.25,11080.30,11099.00,263117184
Nifty Microcap 250,20221114,11131.90,11141.80,11049.10,11115.70,271371072
Nifty Microcap 250,20221115,11143.80,11187.05,11129.90,11152.75,268903200
Nifty Microcap 250,20221116,11181.10,11227.30,11115.35,11144.60,503932384
Nifty Microcap 250,20221117,11162.15,11185.60,11110.85,11122.60,380143296
Nifty Microcap 250,20221118,11163.15,11184.75,11050.40,11078.25,327915104
Nifty Microcap 250,20221121,11099.85,11131.55,11022.95,11033.35,402737120
Nifty Microcap 250,20221122,11066.60,11084.55,10995.55,11010.35,511683776
Nifty Microcap 250,20221123,11059.80,11125.10,11056.65,11092.15,415756224
Nifty Microcap 250,20221124,11147.05,11178.55,11113.55,11126.90,381037984
Nifty Microcap 250,20221125,11173.05,11232.40,11159.00,11214.50,440807008
Nifty Microcap 250,20221128,11245.35,11297.80,11237.95,11263.85,484436928
Nifty Microcap 250,20221129,11309.70,11335.90,11221.00,11236.65,477414528
Nifty Microcap 250,20221130,11278.35,11365.55,11275.25,11337.15,514138944
Nifty Microcap 250,20221201,11406.25,11451.25,11381.90,11415.05,443082496
Nifty Microcap 250,20221202,11440.55,11530.35,11436.35,11520.55,716879232
Nifty Microcap 250,20221205,11591.20,11661.20,11579.95,11599.55,867192064
Nifty Microcap 250,20221206,11601.70,11632.75,11558.25,11566.95,580056000
Nifty Microcap 250,20221207,11593.50,11615.05,11477.00,11500.60,495965568
Nifty Microcap 250,20221208,11547.25,11568.40,11519.70,11540.20,480570528
Nifty Microcap 250,20221209,11589.55,11614.50,11338.95,11400.85,665164416
Nifty Microcap 250,20221212,11415.45,11508.80,11356.60,11499.00,719379776
Nifty Microcap 250,20221213,11561.10,11578.80,11532.70,11548.70,645564736
Nifty Microcap 250,20221214,11596.85,11644.90,11547.75,11625.90,850633344
Nifty Microcap 250,20221215,11636.65,11693.10,11524.90,11536.70,716704384
Nifty Microcap 250,20221216,11529.15,11599.00,11385.40,11410.80,725939072
Nifty Microcap 250,20221219,11455.30,11496.30,11409.15,11488.05,497090976
Nifty Microcap 250,20221220,11499.30,11548.95,11424.70,11499.20,672903936
Nifty Microcap 250,20221221,11555.75,11598.25,11098.75,11131.75,809367616
Nifty Microcap 250,20221222,11183.45,11244.15,10784.00,10859.25,679112832
Nifty Microcap 250,20221223,10743.70,10761.95,10370.55,10390.45,661348608
Nifty Microcap 250,20221226,10387.90,10797.65,10333.45,10772.15,656977728
Nifty Microcap 250,20221227,10889.30,11003.35,10810.15,10990.35,467750016
Nifty Microcap 250,20221228,11007.80,11094.35,10951.45,11057.50,398936512
Nifty Microcap 250,20221229,11039.25,11108.75,10991.70,11099.60,406113120
Nifty Microcap 250,20221230,11182.05,11277.55,11182.05,11209.15,395166688
Nifty Microcap 250,20230102,11274.70,11376.90,11235.10,11356.85,409371776
Nifty Microcap 250,20230103,11392.65,11462.00,11376.75,11417.55,447008320
Nifty Microcap 250,20230104,11450.90,11466.80,11274.10,11308.35,411703424
Nifty Microcap 250,20230105,11349.90,11369.85,11237.15,11320.10,322903584
Nifty Microcap 250,20230106,11345.05,11352.75,11181.05,11225.90,286740768
Nifty Microcap 250,20230109,11315.15,11359.15,11251.85,11271.75,260776464
Nifty Microcap 250,20230110,11295.80,11299.25,11190.95,11221.00,269592224
Nifty Microcap 250,20230111,11254.00,11299.85,11222.15,11244.45,259480368
Nifty Microcap 250,20230112,11281.20,11290.85,11165.55,11203.70,223317984
Nifty Microcap 250,20230113,11242.10,11271.65,11207.20,11255.95,250987056
Nifty Microcap 250,20230116,11299.85,11325.95,11229.70,11238.35,248424208
Nifty Microcap 250,20230117,11266.05,11267.75,11169.70,11203.75,269427136
Nifty Microcap 250,20230118,11229.50,11281.45,11215.15,11247.15,298415904
Nifty Microcap 250,20230119,11222.05,11270.45,11211.25,11219.30,221009904
Nifty Microcap 250,20230120,11245.30,11258.15,11157.50,11166.95,229084672
Nifty Microcap 250,20230123,11213.25,11225.25,11085.05,11094.55,268608224
Nifty Microcap 250,20230124,11124.45,11160.85,11017.95,11031.15,270760384
Nifty Microcap 250,20230125,11033.65,11038.65,10868.20,10917.70,289959904
Nifty Microcap 250,20230127,10919.05,10963.00,10498.40,10616.75,387495808
Nifty Microcap 250,20230130,10606.45,10773.35,10507.60,10595.15,320914560
Nifty Microcap 250,20230131,10645.95,10886.35,10606.30,10862.95,320652384
Nifty Microcap 250,20230201,10951.15,11032.25,10551.50,10682.60,404859840
Nifty Microcap 250,20230202,10672.00,10829.15,10641.50,10711.75,237276832
Nifty Microcap 250,20230203,10761.75,10786.45,10504.20,10628.00,369112800
Nifty Microcap 250,20230206,10663.30,10699.15,10613.90,10671.85,239092336
Nifty Microcap 250,20230207,10702.50,10720.40,10638.95,10687.40,229312160
Nifty Microcap 250,20230208,10719.25,10775.95,10674.65,10748.40,216893136
Nifty Microcap 250,20230209,10773.90,10780.70,10716.90,10757.40,175959024
Nifty Microcap 250,20230210,10756.55,10861.05,10756.10,10811.50,198375520
Nifty Microcap 250,20230213,10848.20,10859.50,10690.50,10700.15,201591744
Nifty Microcap 250,20230214,10710.90,10723.75,10607.90,10622.00,279288576
Nifty Microcap 250,20230215,10606.20,10673.00,10605.45,10659.60,217025520
Nifty Microcap 250,20230216,10718.10,10770.15,10716.95,10747.70,189344032
Nifty Microcap 250,20230217,10744.25,10796.30,10713.10,10739.55,179051264
Nifty Microcap 250,20230220,10772.40,10797.55,10667.35,10674.25,189805648
Nifty Microcap 250,20230221,10696.70,10710.90,10628.90,10638.70,185835728
Nifty Microcap 250,20230222,10607.90,10615.05,10452.95,10465.95,196977888
Nifty Microcap 250,20230223,10490.40,10545.00,10398.90,10491.10,177576400
Nifty Microcap 250,20230224,10538.15,10582.35,10474.25,10482.75,229942592
Nifty Microcap 250,20230227,10483.85,10490.45,10278.75,10286.95,192599552
Nifty Microcap 250,20230228,10313.30,10352.10,10268.50,10327.25,202182240
Nifty Microcap 250,20230301,10351.60,10499.60,10350.50,10487.35,232557264
Nifty Microcap 250,20230302,10507.05,10527.20,10445.80,10455.75,183164128
Nifty Microcap 250,20230303,10506.00,10599.25,10506.00,10580.95,334492480
Nifty Microcap 250,20230306,10642.20,10719.00,10642.05,10673.00,291483456
Nifty Microcap 250,20230308,10652.65,10793.40,10624.75,10779.80,335012160
Nifty Microcap 250,20230309,10824.60,10884.20,10792.20,10804.60,357321056
Nifty Microcap 250,20230310,10756.85,10788.65,10674.90,10749.00,366402080
Nifty Microcap 250,20230313,10742.75,10753.25,10439.30,10453.10,277045792
Nifty Microcap 250,20230314,10477.80,10495.10,10327.75,10377.65,306274496
Nifty Microcap 250,20230315,10480.00,10520.50,10354.85,10371.05,255254368
Nifty Microcap 250,20230316,10375.30,10377.70,10180.50,10286.15,247881520
Nifty Microcap 250,20230317,10365.35,10418.20,10318.70,10355.00,328684128
Nifty Microcap 250,20230320,10360.85,10363.15,10171.50,10229.25,216051872
Nifty Microcap 250,20230321,10296.65,10320.00,10249.50,10302.05,215452688
Nifty Microcap 250,20230322,10344.55,10415.35,10342.10,10372.85,207294464
Nifty Microcap 250,20230323,10379.80,10439.10,10345.90,10358.50,248199552
Nifty Microcap 250,20230324,10374.55,10390.65,10180.55,10195.10,243263456
Nifty Microcap 250,20230327,10212.10,10217.30,9982.90,10004.05,318000576
Nifty Microcap 250,20230328,10021.60,10047.10,9890.90,9922.20,278028768
Nifty Microcap 250,20230329,9903.20,10151.70,9898.75,10133.65,474649792
Nifty Microcap 250,20230331,10219.65,10333.30,10219.50,10241.55,447616704
Nifty Microcap 250,20230403,10316.20,10489.30,10306.60,10475.30,353267808
Nifty Microcap 250,20230405,10526.40,10631.90,10511.85,10620.10,343502336
Nifty Microcap 250,20230406,10651.30,10743.60,10626.35,10733.80,491007488
Nifty Microcap 250,20230410,10789.80,10792.30,10702.90,10715.80,273434144
Nifty Microcap 250,20230411,10757.50,10826.15,10755.60,10803.10,442886752
Nifty Microcap 250,20230412,10840.80,10872.00,10820.95,10836.70,395275904
Nifty Microcap 250,20230413,10859.60,10907.60,10833.40,10903.75,344323744
Nifty Microcap 250,20230417,10913.60,10928.85,10856.40,10910.50,334632800
Nifty Microcap 250,20230418,10941.90,10988.80,10889.40,10931.45,316168960
Nifty Microcap 250,20230419,10953.85,11019.50,10950.85,10967.75,341727328
Nifty Microcap 250,20230420,11001.10,11043.85,10973.30,10985.25,248097248
Nifty Microcap 250,20230421,11010.15,11015.40,10901.35,10931.90,289672160
Nifty Microcap 250,20230424,10974.70,11002.95,10919.70,10981.85,287060672
Nifty Microcap 250,20230425,11008.70,11060.40,11001.10,11010.15,325914624
Nifty Microcap 250,20230426,11014.50,11067.85,11014.25,11046.00,355815584
Nifty Microcap 250,20230427,11084.45,11150.45,11080.40,11143.60,464853920
Nifty Microcap 250,20230428,11191.85,11233.65,11186.75,11222.10,357767456
Nifty Microcap 250,20230502,11283.95,11359.35,11281.10,11321.95,429129440
Nifty Microcap 250,20230503,11318.65,11386.40,11309.95,11353.80,491748864
Nifty Microcap 250,20230504,11401.65,11504.95,11397.95,11482.25,587672320
Nifty Microcap 250,20230505,11501.30,11553.25,11412.70,11428.20,443556288
Nifty Microcap 250,20230508,11483.05,11548.75,11478.05,11496.75,284506464
Nifty Microcap 250,20230509,11537.70,11601.80,11404.00,11422.95,287623936
Nifty Microcap 250,20230510,11456.25,11492.80,11350.45,11478.30,253928592
Nifty Microcap 250,20230511,11525.35,11593.35,11525.05,11577.35,387512384
Nifty Microcap 250,20230512,11604.80,11650.70,11571.30,11616.95,465750272
Nifty Microcap 250,20230515,11637.70,11683.20,11579.10,11639.05,325908768
Nifty Microcap 250,20230516,11692.75,11741.00,11657.00,11661.45,333929184
Nifty Microcap 250,20230517,11679.30,11743.35,11611.85,11690.30,298406048
Nifty Microcap 250,20230518,11747.65,11798.45,11684.10,11700.45,318482080
Nifty Microcap 250,20230519,11741.85,11757.50,11583.05,11698.70,347003328
Nifty Microcap 250,20230522,11713.80,11739.40,11662.65,11726.10,318906560
Nifty Microcap 250,20230523,11767.55,11809.90,11734.90,11742.20,560787328
Nifty Microcap 250,20230524,11753.05,11833.95,11730.40,11769.50,431669792
Nifty Microcap 250,20230525,11798.70,11851.55,11772.65,11811.65,683270912
Nifty Microcap 250,20230526,11855.50,11898.60,11853.05,11861.35,606815936
Nifty Microcap 250,20230529,11942.40,11960.20,11894.30,11913.70,519194048
Nifty Microcap 250,20230530,11936.10,11980.60,11909.90,11965.75,469065920
Nifty Microcap 250,20230531,11989.70,12099.65,11965.50,12085.00,541380288
Nifty Microcap 250,20230601,12120.00,12195.90,12112.85,12160.85,522382816
Nifty Microcap 250,20230602,12227.15,12297.95,12224.35,12265.60,457723136
Nifty Microcap 250,20230605,12352.75,12392.60,12321.55,12336.30,382815488
Nifty Microcap 250,20230606,12375.90,12439.10,12340.05,12427.00,424888000
Nifty Microcap 250,20230607,12489.30,12598.60,12486.90,12576.80,935729600
Nifty Microcap 250,20230608,12636.70,12656.85,12436.20,12494.40,692030016
Nifty Microcap 250,20230609,12547.65,12574.05,12476.00,12510.10,545629824
Nifty Microcap 250,20230612,12567.55,12655.85,12535.80,12642.20,891981760
Nifty Microcap 250,20230613,12704.35,12770.05,12700.45,12747.55,842290880
Nifty Microcap 250,20230614,12813.50,12843.10,12757.65,12807.85,532915232
Nifty Microcap 250,20230615,12831.30,12885.00,12782.55,12801.75,736400064
Nifty Microcap 250,20230616,12880.30,12945.80,12870.55,12884.75,667578688
Nifty Microcap 250,20230619,12954.45,13021.20,12900.35,12929.20,646773440
