NIFTY100 ESG,20180328,1882.53,1882.53,1882.53,1882.53,535356480
NIFTY100 ESG,20180402,1904.85,1904.85,1904.85,1904.85,321240800
NIFTY100 ESG,20180403,1915.41,1915.41,1915.41,1915.41,333472640
NIFTY100 ESG,20180404,1892.09,1892.09,1892.09,1892.09,355890752
NIFTY100 ESG,20180405,1929.44,1929.44,1929.44,1929.44,342790432
NIFTY100 ESG,20180406,1932.16,1932.16,1932.16,1932.16,336487328
NIFTY100 ESG,20180409,1939.54,1939.54,1939.54,1939.54,342679040
NIFTY100 ESG,20180410,1943.40,1943.40,1943.40,1943.40,364009408
NIFTY100 ESG,20180411,1948.57,1948.57,1948.57,1948.57,328562112
NIFTY100 ESG,20180412,1958.77,1958.77,1958.77,1958.77,331539744
NIFTY100 ESG,20180413,1963.54,1963.54,1963.54,1963.54,327064256
NIFTY100 ESG,20180416,1969.22,1969.22,1969.22,1969.22,288141248
NIFTY100 ESG,20180417,1972.14,1972.14,1972.14,1972.14,291277920
NIFTY100 ESG,20180418,1965.11,1965.11,1965.11,1965.11,301392832
NIFTY100 ESG,20180419,1975.37,1975.37,1975.37,1975.37,357421984
NIFTY100 ESG,20180420,1976.63,1976.63,1976.63,1976.63,346358528
NIFTY100 ESG,20180423,1985.51,1985.51,1985.51,1985.51,291113760
NIFTY100 ESG,20180424,1993.13,1993.13,1993.13,1993.13,317046112
NIFTY100 ESG,20180425,1990.17,1990.17,1990.17,1990.17,314257984
NIFTY100 ESG,20180426,2000.74,2000.74,2000.74,2000.74,487564992
NIFTY100 ESG,20180427,2014.72,2014.72,2014.72,2014.72,401304288
NIFTY100 ESG,20180430,2024.10,2024.10,2024.10,2024.10,266438976
NIFTY100 ESG,20180502,2015.30,2015.30,2015.30,2015.30,322733888
NIFTY100 ESG,20180503,2003.57,2003.57,2003.57,2003.57,300344512
NIFTY100 ESG,20180504,1992.82,1992.82,1992.82,1992.82,275285696
NIFTY100 ESG,20180507,2011.99,2011.99,2011.99,2011.99,242818416
NIFTY100 ESG,20180508,2006.68,2006.68,2006.68,2006.68,370352512
NIFTY100 ESG,20180509,2011.76,2011.76,2011.76,2011.76,283452768
NIFTY100 ESG,20180510,2004.06,2004.06,2004.06,2004.06,278989824
NIFTY100 ESG,20180511,2019.75,2019.75,2019.75,2019.75,365102784
NIFTY100 ESG,20180514,2016.52,2016.52,2016.52,2016.52,295445312
NIFTY100 ESG,20180515,2016.49,2016.49,2016.49,2016.49,398333664
NIFTY100 ESG,20180516,2008.32,2008.32,2008.32,2008.32,407865376
NIFTY100 ESG,20180517,1998.78,1998.78,1998.78,1998.78,358984128
NIFTY100 ESG,20180518,1982.40,1982.40,1982.40,1982.40,342660416
NIFTY100 ESG,20180521,1963.29,1963.29,1963.29,1963.29,342304864
NIFTY100 ESG,20180522,1969.58,1969.58,1969.58,1969.58,451635136
NIFTY100 ESG,20180523,1954.04,1954.04,1954.04,1954.04,438573184
NIFTY100 ESG,20180524,1972.17,1972.17,1972.17,1972.17,390194848
NIFTY100 ESG,20180525,1992.86,1992.86,1992.86,1992.86,379984320
NIFTY100 ESG,20180528,2005.76,2005.76,2005.76,2005.76,379100544
NIFTY100 ESG,20180529,1997.46,1997.46,1997.46,1997.46,335662080
NIFTY100 ESG,20180530,1998.65,1998.65,1998.65,1998.65,352391040
NIFTY100 ESG,20180531,2019.52,2019.52,2019.52,2019.52,816429312
NIFTY100 ESG,20180601,2008.79,2008.79,2008.79,2008.79,349040288
NIFTY100 ESG,20180604,1999.88,1999.88,1999.88,1999.88,329272320
NIFTY100 ESG,20180605,1989.90,1989.90,1989.90,1989.90,320266016
NIFTY100 ESG,20180606,2009.71,2009.71,2009.71,2009.71,312241408
NIFTY100 ESG,20180607,2028.46,2028.46,2028.46,2028.46,337718752
NIFTY100 ESG,20180608,2031.74,2031.74,2031.74,2031.74,370096288
NIFTY100 ESG,20180611,2034.31,2034.31,2034.31,2034.31,353905312
NIFTY100 ESG,20180612,2046.58,2046.58,2046.58,2046.58,342216896
NIFTY100 ESG,20180613,2051.08,2051.08,2051.08,2051.08,350208576
NIFTY100 ESG,20180614,2043.86,2043.86,2043.86,2043.86,301613440
NIFTY100 ESG,20180615,2046.26,2046.26,2046.26,2046.26,425891488
NIFTY100 ESG,20180618,2040.80,2040.80,2040.80,2040.80,283852256
NIFTY100 ESG,20180619,2020.83,2020.83,2020.83,2020.83,323294112
NIFTY100 ESG,20180620,2033.80,2033.80,2033.80,2033.80,293527488
NIFTY100 ESG,20180621,2027.71,2027.71,2027.71,2027.71,306507136
NIFTY100 ESG,20180622,2041.11,2041.11,2041.11,2041.11,318118720
NIFTY100 ESG,20180625,2030.62,2030.62,2030.62,2030.62,302464512
NIFTY100 ESG,20180626,2027.61,2027.61,2027.61,2027.61,352119680
NIFTY100 ESG,20180627,2009.35,2009.35,2009.35,2009.35,372194528
NIFTY100 ESG,20180628,1994.53,1994.53,1994.53,1994.53,498675552
NIFTY100 ESG,20180629,2019.21,2019.21,2019.21,2019.21,322911584
NIFTY100 ESG,20180702,2008.66,2008.66,2008.66,2008.66,350090560
NIFTY100 ESG,20180703,2018.09,2018.09,2018.09,2018.09,263465728
NIFTY100 ESG,20180704,2029.55,2029.55,2029.55,2029.55,249442336
NIFTY100 ESG,20180705,2022.15,2022.15,2022.15,2022.15,283620224
NIFTY100 ESG,20180706,2028.85,2028.85,2028.85,2028.85,347732672
NIFTY100 ESG,20180709,2046.90,2046.90,2046.90,2046.90,252250576
NIFTY100 ESG,20180710,2064.43,2064.43,2064.43,2064.43,289124896
NIFTY100 ESG,20180711,2067.93,2067.93,2067.93,2067.93,299422752
NIFTY100 ESG,20180712,2081.73,2081.73,2081.73,2081.73,337562048
NIFTY100 ESG,20180713,2083.63,2083.63,2083.63,2083.63,316040000
NIFTY100 ESG,20180716,2063.00,2063.00,2063.00,2063.00,313215616
NIFTY100 ESG,20180717,2078.20,2078.20,2078.20,2078.20,347049408
NIFTY100 ESG,20180718,2070.37,2070.37,2070.37,2070.37,436478432
NIFTY100 ESG,20180719,2064.83,2064.83,2064.83,2064.83,412675744
NIFTY100 ESG,20180720,2076.69,2076.69,2076.69,2076.69,311406016
NIFTY100 ESG,20180723,2088.51,2088.51,2088.51,2088.51,333265792
NIFTY100 ESG,20180724,2101.97,2101.97,2101.97,2101.97,425298304
NIFTY100 ESG,20180725,2099.89,2099.89,2099.89,2099.89,335733472
NIFTY100 ESG,20180726,2103.54,2103.54,2103.54,2103.54,539667712
NIFTY100 ESG,20180727,2119.32,2119.32,2119.32,2119.32,393584832
NIFTY100 ESG,20180730,2129.87,2129.87,2129.87,2129.87,385142720
NIFTY100 ESG,20180731,2141.23,2141.23,2141.23,2141.23,428119392
NIFTY100 ESG,20180801,2140.39,2140.39,2140.39,2140.39,453512768
NIFTY100 ESG,20180802,2122.49,2122.49,2122.49,2122.49,336984640
NIFTY100 ESG,20180803,2143.91,2143.91,2143.91,2143.91,320191264
NIFTY100 ESG,20180806,2149.88,2149.88,2149.88,2149.88,304510624
NIFTY100 ESG,20180807,2151.56,2151.56,2151.56,2151.56,327671040
NIFTY100 ESG,20180808,2164.68,2164.68,2164.68,2164.68,334866144
NIFTY100 ESG,20180809,2167.29,2167.29,2167.29,2167.29,419736448
NIFTY100 ESG,20180810,2159.54,2159.54,2159.54,2159.54,419277888
NIFTY100 ESG,20180813,2144.49,2144.49,2144.49,2144.49,327903488
NIFTY100 ESG,20180814,2161.73,2161.73,2161.73,2161.73,320524576
NIFTY100 ESG,20180816,2149.51,2149.51,2149.51,2149.51,348590304
NIFTY100 ESG,20180817,2169.52,2169.52,2169.52,2169.52,292487968
NIFTY100 ESG,20180820,2187.91,2187.91,2187.91,2187.91,333059264
NIFTY100 ESG,20180821,2192.76,2192.76,2192.76,2192.76,316096096
NIFTY100 ESG,20180823,2198.09,2198.09,2198.09,2198.09,345059488
NIFTY100 ESG,20180824,2193.51,2193.51,2193.51,2193.51,309071744
NIFTY100 ESG,20180827,2219.33,2219.33,2219.33,2219.33,324839872
NIFTY100 ESG,20180828,2227.78,2227.78,2227.78,2227.78,315020896
NIFTY100 ESG,20180829,2220.26,2220.26,2220.26,2220.26,387712864
NIFTY100 ESG,20180830,2214.80,2214.80,2214.80,2214.80,436650912
NIFTY100 ESG,20180831,2214.32,2214.32,2214.32,2214.32,497684928
NIFTY100 ESG,20180903,2196.63,2196.63,2196.63,2196.63,373573888
NIFTY100 ESG,20180904,2181.37,2181.37,2181.37,2181.37,385679872
NIFTY100 ESG,20180905,2170.64,2170.64,2170.64,2170.64,518864992
NIFTY100 ESG,20180906,2184.37,2184.37,2184.37,2184.37,405777376
NIFTY100 ESG,20180907,2198.89,2198.89,2198.89,2198.89,453106688
NIFTY100 ESG,20180910,2169.20,2169.20,2169.20,2169.20,401890464
NIFTY100 ESG,20180911,2141.95,2141.95,2141.95,2141.95,422239200
NIFTY100 ESG,20180912,2154.03,2154.03,2154.03,2154.03,399811680
NIFTY100 ESG,20180914,2181.46,2181.46,2181.46,2181.46,376480736
NIFTY100 ESG,20180917,2156.25,2156.25,2156.25,2156.25,300730944
NIFTY100 ESG,20180918,2138.01,2138.01,2138.01,2138.01,328249568
NIFTY100 ESG,20180919,2131.80,2131.80,2131.80,2131.80,330825472
NIFTY100 ESG,20180921,2096.43,2096.43,2096.43,2096.43,920388352
NIFTY100 ESG,20180924,2064.19,2064.19,2064.19,2064.19,500249344
NIFTY100 ESG,20180925,2081.13,2081.13,2081.13,2081.13,562561088
NIFTY100 ESG,20180926,2084.39,2084.39,2084.39,2084.39,455515072
NIFTY100 ESG,20180927,2066.05,2066.05,2066.05,2066.05,557287616
NIFTY100 ESG,20180928,2051.48,2051.48,2051.48,2051.48,601685696
NIFTY100 ESG,20181001,2061.66,2061.66,2061.66,2061.66,534570464
NIFTY100 ESG,20181003,2029.30,2029.30,2029.30,2029.30,504730624
NIFTY100 ESG,20181004,1982.09,1982.09,1982.09,1982.09,558345856
NIFTY100 ESG,20181005,1936.16,1936.16,1936.16,1936.16,693563392
NIFTY100 ESG,20181008,1946.33,1946.33,1946.33,1946.33,559101376
NIFTY100 ESG,20181009,1937.24,1937.24,1937.24,1937.24,560617216
NIFTY100 ESG,20181010,1968.72,1968.72,1968.72,1968.72,510972864
NIFTY100 ESG,20181011,1926.36,1926.36,1926.36,1926.36,593809728
NIFTY100 ESG,20181012,1968.11,1968.11,1968.11,1968.11,444493856
NIFTY100 ESG,20181015,1974.08,1974.08,1974.08,1974.08,331964320
NIFTY100 ESG,20181016,1992.77,1992.77,1992.77,1992.77,345060192
NIFTY100 ESG,20181017,1963.65,1963.65,1963.65,1963.65,381294048
NIFTY100 ESG,20181019,1928.56,1928.56,1928.56,1928.56,485565600
NIFTY100 ESG,20181022,1909.94,1909.94,1909.94,1909.94,378168384
NIFTY100 ESG,20181023,1889.53,1889.53,1889.53,1889.53,376376576
NIFTY100 ESG,20181024,1900.80,1900.80,1900.80,1900.80,452449280
NIFTY100 ESG,20181025,1881.57,1881.57,1881.57,1881.57,613448576
NIFTY100 ESG,20181026,1865.84,1865.84,1865.84,1865.84,463784512
NIFTY100 ESG,20181029,1908.45,1908.45,1908.45,1908.45,474550624
NIFTY100 ESG,20181030,1901.93,1901.93,1901.93,1901.93,401324352
NIFTY100 ESG,20181031,1941.83,1941.83,1941.83,1941.83,493938496
NIFTY100 ESG,20181101,1943.75,1943.75,1943.75,1943.75,480194528
NIFTY100 ESG,20181102,1972.94,1972.94,1972.94,1972.94,534773952
NIFTY100 ESG,20181105,1972.58,1972.58,1972.58,1972.58,383014496
NIFTY100 ESG,20181106,1973.92,1973.92,1973.92,1973.92,377488896
NIFTY100 ESG,20181107,1986.80,1986.80,1986.80,1986.80,41727516
NIFTY100 ESG,20181109,1987.16,1987.16,1987.16,1987.16,392804992
NIFTY100 ESG,20181112,1971.24,1971.24,1971.24,1971.24,340156448
NIFTY100 ESG,20181113,1988.12,1988.12,1988.12,1988.12,340476576
NIFTY100 ESG,20181114,1982.38,1982.38,1982.38,1982.38,589491072
NIFTY100 ESG,20181115,1990.32,1990.32,1990.32,1990.32,457995968
NIFTY100 ESG,20181116,2000.13,2000.13,2000.13,2000.13,550257216
NIFTY100 ESG,20181119,2017.58,2017.58,2017.58,2017.58,414673504
NIFTY100 ESG,20181120,1994.40,1994.40,1994.40,1994.40,404587168
NIFTY100 ESG,20181121,1985.52,1985.52,1985.52,1985.52,428147680
NIFTY100 ESG,20181122,1969.38,1969.38,1969.38,1969.38,356129952
NIFTY100 ESG,20181126,1986.44,1986.44,1986.44,1986.44,441071744
NIFTY100 ESG,20181127,1995.03,1995.03,1995.03,1995.03,471841824
NIFTY100 ESG,20181128,2002.88,2002.88,2002.88,2002.88,546608000
NIFTY100 ESG,20181129,2026.94,2026.94,2026.94,2026.94,858016384
NIFTY100 ESG,20181130,2034.12,2034.12,2034.12,2034.12,612048320
NIFTY100 ESG,20181203,2035.20,2035.20,2035.20,2035.20,575098368
NIFTY100 ESG,20181204,2031.60,2031.60,2031.60,2031.60,441961728
NIFTY100 ESG,20181205,2015.42,2015.42,2015.42,2015.42,437615168
NIFTY100 ESG,20181206,1979.49,1979.49,1979.49,1979.49,449300704
NIFTY100 ESG,20181207,1999.09,1999.09,1999.09,1999.09,469111008
NIFTY100 ESG,20181210,1956.21,1956.21,1956.21,1956.21,468834880
NIFTY100 ESG,20181211,1974.80,1974.80,1974.80,1974.80,541428416
NIFTY100 ESG,20181212,2011.57,2011.57,2011.57,2011.57,461784352
NIFTY100 ESG,20181213,2022.20,2022.20,2022.20,2022.20,496183040
NIFTY100 ESG,20181214,2025.16,2025.16,2025.16,2025.16,500910688
NIFTY100 ESG,20181217,2036.81,2036.81,2036.81,2036.81,359325504
NIFTY100 ESG,20181218,2040.32,2040.32,2040.32,2040.32,376648736
NIFTY100 ESG,20181219,2052.37,2052.37,2052.37,2052.37,441990912
NIFTY100 ESG,20181220,2051.33,2051.33,2051.33,2051.33,421023904
NIFTY100 ESG,20181221,2013.86,2013.86,2013.86,2013.86,511286400
NIFTY100 ESG,20181224,1997.07,1997.07,1997.07,1997.07,333376512
NIFTY100 ESG,20181226,2007.89,2007.89,2007.89,2007.89,377567776
NIFTY100 ESG,20181227,2016.67,2016.67,2016.67,2016.67,582822464
NIFTY100 ESG,20181228,2033.27,2033.27,2033.27,2033.27,308110176
NIFTY100 ESG,20181231,2035.64,2035.64,2035.64,2035.64,255304000
NIFTY100 ESG,20190101,2040.35,2040.35,2040.35,2040.35,210022304
NIFTY100 ESG,20190102,2019.90,2019.90,2019.90,2019.90,383646784
NIFTY100 ESG,20190103,1997.80,1997.80,1997.80,1997.80,353128896
NIFTY100 ESG,20190104,2007.16,2007.16,2007.16,2007.16,375510688
NIFTY100 ESG,20190107,2014.92,2014.92,2014.92,2014.92,329353984
NIFTY100 ESG,20190108,2018.38,2018.38,2018.38,2018.38,341617952
NIFTY100 ESG,20190109,2027.03,2027.03,2027.03,2027.03,413962368
NIFTY100 ESG,20190110,2023.81,2023.81,2023.81,2023.81,320389760
NIFTY100 ESG,20190111,2015.65,2015.65,2015.65,2015.65,294644160
NIFTY100 ESG,20190114,2006.20,2006.20,2006.20,2006.20,353841216
NIFTY100 ESG,20190115,2036.58,2036.58,2036.58,2036.58,357573248
NIFTY100 ESG,20190116,2039.06,2039.06,2039.06,2039.06,323898112
NIFTY100 ESG,20190117,2041.93,2041.93,2041.93,2041.93,331746208
NIFTY100 ESG,20190118,2041.09,2041.09,2041.09,2041.09,393519776
NIFTY100 ESG,20190121,2052.54,2052.54,2052.54,2052.54,367695360
NIFTY100 ESG,20190122,2048.61,2048.61,2048.61,2048.61,398199904
NIFTY100 ESG,20190123,2037.70,2037.70,2037.70,2037.70,344105760
NIFTY100 ESG,20190124,2044.27,2044.27,2044.27,2044.27,442607872
NIFTY100 ESG,20190125,2033.33,2033.33,2033.33,2033.33,569869632
NIFTY100 ESG,20190128,2010.37,2010.37,2010.37,2010.37,510389824
NIFTY100 ESG,20190129,2006.48,2006.48,2006.48,2006.48,441928768
NIFTY100 ESG,20190130,2005.86,2005.86,2005.86,2005.86,467391296
NIFTY100 ESG,20190131,2040.99,2040.99,2040.99,2040.99,688933696
NIFTY100 ESG,20190201,2056.17,2056.17,2056.17,2056.17,539759936
NIFTY100 ESG,20190204,2058.71,2058.71,2058.71,2058.71,376223200
NIFTY100 ESG,20190205,2062.13,2062.13,2062.13,2062.13,330729696
NIFTY100 ESG,20190206,2085.20,2085.20,2085.20,2085.20,368833728
NIFTY100 ESG,20190207,2087.26,2087.26,2087.26,2087.26,417444864
NIFTY100 ESG,20190208,2063.23,2063.23,2063.23,2063.23,466081792
NIFTY100 ESG,20190211,2050.00,2050.00,2050.00,2050.00,379079008
NIFTY100 ESG,20190212,2040.53,2040.53,2040.53,2040.53,392827008
NIFTY100 ESG,20190213,2032.12,2032.12,2032.12,2032.12,387101056
NIFTY100 ESG,20190214,2030.28,2030.28,2030.28,2030.28,705517312
NIFTY100 ESG,20190215,2020.22,2020.22,2020.22,2020.22,565617152
NIFTY100 ESG,20190218,2004.94,2004.94,2004.94,2004.94,369027616
NIFTY100 ESG,20190219,1997.04,1997.04,1997.04,1997.04,369888128
NIFTY100 ESG,20190220,2022.65,2022.65,2022.65,2022.65,380350976
NIFTY100 ESG,20190221,2032.85,2032.85,2032.85,2032.85,367784448
NIFTY100 ESG,20190222,2035.27,2035.27,2035.27,2035.27,490542144
NIFTY100 ESG,20190225,2052.93,2052.93,2052.93,2052.93,474159104
NIFTY100 ESG,20190226,2047.28,2047.28,2047.28,2047.28,513466624
NIFTY100 ESG,20190227,2044.16,2044.16,2044.16,2044.16,485445024
NIFTY100 ESG,20190228,2041.44,2041.44,2041.44,2041.44,712934464
NIFTY100 ESG,20190301,2053.76,2053.76,2053.76,2053.76,470281952
NIFTY100 ESG,20190305,2074.64,2074.64,2074.64,2074.64,516383552
NIFTY100 ESG,20190306,2085.58,2085.58,2085.58,2085.58,524722720
NIFTY100 ESG,20190307,2085.44,2085.44,2085.44,2085.44,469130112
NIFTY100 ESG,20190308,2079.30,2079.30,2079.30,2079.30,416108192
NIFTY100 ESG,20190311,2107.14,2107.14,2107.14,2107.14,463449408
NIFTY100 ESG,20190312,2131.45,2131.45,2131.45,2131.45,530292672
NIFTY100 ESG,20190313,2136.38,2136.38,2136.38,2136.38,518564576
NIFTY100 ESG,20190314,2135.83,2135.83,2135.83,2135.83,398556192
NIFTY100 ESG,20190315,2147.42,2147.42,2147.42,2147.42,572329472
NIFTY100 ESG,20190318,2155.45,2155.45,2155.45,2155.45,418514880
NIFTY100 ESG,20190319,2168.16,2168.16,2168.16,2168.16,392995456
NIFTY100 ESG,20190320,2168.67,2168.67,2168.67,2168.67,544941760
NIFTY100 ESG,20190322,2156.52,2156.52,2156.52,2156.52,469976832
NIFTY100 ESG,20190325,2132.90,2132.90,2132.90,2132.90,374783040
NIFTY100 ESG,20190326,2155.96,2155.96,2155.96,2155.96,393477952
NIFTY100 ESG,20190327,2150.98,2150.98,2150.98,2150.98,511414240
NIFTY100 ESG,20190328,2173.39,2173.39,2173.39,2173.39,733329536
NIFTY100 ESG,20190329,2187.42,2187.42,2187.42,2187.42,724100608
NIFTY100 ESG,20190401,2195.89,2195.89,2195.89,2195.89,518003200
NIFTY100 ESG,20190402,2202.48,2202.48,2202.48,2202.48,568970048
NIFTY100 ESG,20190403,2188.57,2188.57,2188.57,2188.57,577620352
NIFTY100 ESG,20190404,2179.75,2179.75,2179.75,2179.75,570966336
NIFTY100 ESG,20190405,2192.82,2192.82,2192.82,2192.82,519709024
NIFTY100 ESG,20190408,2182.56,2182.56,2182.56,2182.56,530321280
NIFTY100 ESG,20190409,2193.95,2193.95,2193.95,2193.95,465840896
NIFTY100 ESG,20190410,2179.98,2179.98,2179.98,2179.98,522690784
NIFTY100 ESG,20190411,2182.22,2182.22,2182.22,2182.22,430450720
NIFTY100 ESG,20190412,2185.83,2185.83,2185.83,2185.83,360406848
NIFTY100 ESG,20190415,2196.06,2196.06,2196.06,2196.06,451344192
NIFTY100 ESG,20190416,2211.17,2211.17,2211.17,2211.17,558844800
NIFTY100 ESG,20190418,2207.96,2207.96,2207.96,2207.96,506419904
NIFTY100 ESG,20190422,2175.44,2175.44,2175.44,2175.44,393280000
NIFTY100 ESG,20190423,2172.33,2172.33,2172.33,2172.33,381893280
NIFTY100 ESG,20190424,2198.54,2198.54,2198.54,2198.54,443721568
NIFTY100 ESG,20190425,2183.27,2183.27,2183.27,2183.27,659889344
NIFTY100 ESG,20190426,2203.54,2203.54,2203.54,2203.54,457681440
NIFTY100 ESG,20190430,2195.49,2195.49,2195.49,2195.49,682286784
NIFTY100 ESG,20190502,2188.89,2188.89,2188.89,2188.89,563876608
NIFTY100 ESG,20190503,2184.63,2184.63,2184.63,2184.63,428507712
NIFTY100 ESG,20190506,2157.45,2157.45,2157.45,2157.45,407800352
NIFTY100 ESG,20190507,2141.13,2141.13,2141.13,2141.13,452431840
NIFTY100 ESG,20190508,2113.70,2113.70,2113.70,2113.70,662088384
NIFTY100 ESG,20190509,2103.87,2103.87,2103.87,2103.87,593695168
NIFTY100 ESG,20190510,2098.73,2098.73,2098.73,2098.73,687047936
NIFTY100 ESG,20190513,2075.54,2075.54,2075.54,2075.54,584131840
NIFTY100 ESG,20190514,2085.17,2085.17,2085.17,2085.17,705743040
NIFTY100 ESG,20190515,2070.08,2070.08,2070.08,2070.08,634089728
NIFTY100 ESG,20190516,2086.16,2086.16,2086.16,2086.16,619419072
NIFTY100 ESG,20190517,2109.76,2109.76,2109.76,2109.76,678723072
NIFTY100 ESG,20190520,2186.40,2186.40,2186.40,2186.40,712356672
NIFTY100 ESG,20190521,2164.70,2164.70,2164.70,2164.70,566268928
NIFTY100 ESG,20190522,2169.98,2169.98,2169.98,2169.98,578857344
NIFTY100 ESG,20190523,2160.91,2160.91,2160.91,2160.91,819137984
NIFTY100 ESG,20190524,2196.39,2196.39,2196.39,2196.39,663081984
NIFTY100 ESG,20190527,2213.78,2213.78,2213.78,2213.78,580921984
NIFTY100 ESG,20190528,2216.51,2216.51,2216.51,2216.51,877187200
NIFTY100 ESG,20190529,2205.96,2205.96,2205.96,2205.96,487244032
NIFTY100 ESG,20190530,2220.17,2220.17,2220.17,2220.17,788209024
NIFTY100 ESG,20190531,2221.38,2221.38,2221.38,2221.38,696513472
NIFTY100 ESG,20190603,2253.95,2253.95,2253.95,2253.95,467759648
NIFTY100 ESG,20190604,2239.85,2239.85,2239.85,2239.85,441368608
NIFTY100 ESG,20190606,2204.63,2204.63,2204.63,2204.63,550271104
NIFTY100 ESG,20190607,2208.58,2208.58,2208.58,2208.58,416264128
NIFTY100 ESG,20190610,2218.55,2218.55,2218.55,2218.55,417248736
NIFTY100 ESG,20190611,2226.32,2226.32,2226.32,2226.32,436353280
NIFTY100 ESG,20190612,2213.92,2213.92,2213.92,2213.92,379682176
NIFTY100 ESG,20190613,2212.91,2212.91,2212.91,2212.91,588592512
NIFTY100 ESG,20190614,2193.28,2193.28,2193.28,2193.28,494855264
NIFTY100 ESG,20190617,2163.16,2163.16,2163.16,2163.16,446897600
NIFTY100 ESG,20190618,2165.29,2165.29,2165.29,2165.29,489623424
NIFTY100 ESG,20190619,2161.49,2161.49,2161.49,2161.49,603980416
NIFTY100 ESG,20190620,2189.80,2189.80,2189.80,2189.80,577022464
NIFTY100 ESG,20190621,2170.79,2170.79,2170.79,2170.79,630090176
NIFTY100 ESG,20190624,2165.88,2165.88,2165.88,2165.88,390190912
NIFTY100 ESG,20190625,2183.67,2183.67,2183.67,2183.67,404470048
NIFTY100 ESG,20190626,2193.32,2193.32,2193.32,2193.32,459584480
NIFTY100 ESG,20190627,2194.33,2194.33,2194.33,2194.33,680373056
NIFTY100 ESG,20190628,2183.77,2183.77,2183.77,2183.77,384459168
NIFTY100 ESG,20190701,2199.39,2199.39,2199.39,2199.39,319775776
NIFTY100 ESG,20190702,2206.78,2206.78,2206.78,2206.78,416879008
NIFTY100 ESG,20190703,2208.21,2208.21,2208.21,2208.21,401657248
NIFTY100 ESG,20190704,2213.05,2213.05,2213.05,2213.05,512310624
NIFTY100 ESG,20190705,2185.43,2185.43,2185.43,2185.43,621148736
NIFTY100 ESG,20190708,2142.64,2142.64,2142.64,2142.64,538711040
NIFTY100 ESG,20190709,2144.67,2144.67,2144.67,2144.67,498779200
NIFTY100 ESG,20190710,2131.47,2131.47,2131.47,2131.47,423954816
NIFTY100 ESG,20190711,2145.32,2145.32,2145.32,2145.32,408556480
NIFTY100 ESG,20190712,2140.29,2140.29,2140.29,2140.29,406526624
NIFTY100 ESG,20190715,2150.32,2150.32,2150.32,2150.32,428168032
NIFTY100 ESG,20190716,2165.68,2165.68,2165.68,2165.68,558636416
NIFTY100 ESG,20190717,2169.78,2169.78,2169.78,2169.78,558805632
NIFTY100 ESG,20190718,2152.09,2152.09,2152.09,2152.09,574907264
NIFTY100 ESG,20190719,2117.73,2117.73,2117.73,2117.73,565161024
NIFTY100 ESG,20190722,2107.00,2107.00,2107.00,2107.00,586557568
NIFTY100 ESG,20190723,2101.80,2101.80,2101.80,2101.80,575302144
NIFTY100 ESG,20190724,2088.14,2088.14,2088.14,2088.14,592226560
NIFTY100 ESG,20190725,2087.72,2087.72,2087.72,2087.72,627458048
NIFTY100 ESG,20190726,2095.15,2095.15,2095.15,2095.15,635351808
NIFTY100 ESG,20190729,2076.56,2076.56,2076.56,2076.56,1165953280
NIFTY100 ESG,20190730,2055.58,2055.58,2055.58,2055.58,888631680
NIFTY100 ESG,20190731,2059.41,2059.41,2059.41,2059.41,737569024
NIFTY100 ESG,20190801,2033.83,2033.83,2033.83,2033.83,692499648
NIFTY100 ESG,20190802,2043.05,2043.05,2043.05,2043.05,858653888
NIFTY100 ESG,20190805,2021.21,2021.21,2021.21,2021.21,668740288
NIFTY100 ESG,20190806,2037.93,2037.93,2037.93,2037.93,711143680
NIFTY100 ESG,20190807,2022.44,2022.44,2022.44,2022.44,740338368
NIFTY100 ESG,20190808,2054.05,2054.05,2054.05,2054.05,718119232
NIFTY100 ESG,20190809,2067.65,2067.65,2067.65,2067.65,766318656
NIFTY100 ESG,20190813,2037.11,2037.11,2037.11,2037.11,806025984
NIFTY100 ESG,20190814,2057.37,2057.37,2057.37,2057.37,718845760
NIFTY100 ESG,20190816,2058.03,2058.03,2058.03,2058.03,759693632
NIFTY100 ESG,20190819,2061.43,2061.43,2061.43,2061.43,548777728
NIFTY100 ESG,20190820,2055.25,2055.25,2055.25,2055.25,664009536
NIFTY100 ESG,20190821,2037.28,2037.28,2037.28,2037.28,698665408
NIFTY100 ESG,20190822,2007.71,2007.71,2007.71,2007.71,937239744
NIFTY100 ESG,20190823,2025.08,2025.08,2025.08,2025.08,917761024
NIFTY100 ESG,20190826,2064.28,2064.28,2064.28,2064.28,974306176
NIFTY100 ESG,20190827,2070.74,2070.74,2070.74,2070.74,1006779520
NIFTY100 ESG,20190828,2061.10,2061.10,2061.10,2061.10,780875584
NIFTY100 ESG,20190829,2043.59,2043.59,2043.59,2043.59,799701568
NIFTY100 ESG,20190830,2060.16,2060.16,2060.16,2060.16,790618496
NIFTY100 ESG,20190903,2017.60,2017.60,2017.60,2017.60,614110720
NIFTY100 ESG,20190904,2023.41,2023.41,2023.41,2023.41,638555648
NIFTY100 ESG,20190905,2023.84,2023.84,2023.84,2023.84,673023168
NIFTY100 ESG,20190906,2042.19,2042.19,2042.19,2042.19,641877376
NIFTY100 ESG,20190909,2051.78,2051.78,2051.78,2051.78,514959232
NIFTY100 ESG,20190911,2061.01,2061.01,2061.01,2061.01,910006848
NIFTY100 ESG,20190912,2050.13,2050.13,2050.13,2050.13,727474112
NIFTY100 ESG,20190913,2066.87,2066.87,2066.87,2066.87,790688192
NIFTY100 ESG,20190916,2054.87,2054.87,2054.87,2054.87,535978304
NIFTY100 ESG,20190917,2019.77,2019.77,2019.77,2019.77,656955840
NIFTY100 ESG,20190918,2025.67,2025.67,2025.67,2025.67,649789248
NIFTY100 ESG,20190919,2000.86,2000.86,2000.86,2000.86,999473856
NIFTY100 ESG,20190920,2108.71,2108.71,2108.71,2108.71,1664401408
NIFTY100 ESG,20190923,2157.17,2157.17,2157.17,2157.17,1067675200
NIFTY100 ESG,20190924,2156.34,2156.34,2156.34,2156.34,817900160
NIFTY100 ESG,20190925,2131.88,2131.88,2131.88,2131.88,793607360
NIFTY100 ESG,20190926,2152.32,2152.32,2152.32,2152.32,969970816
NIFTY100 ESG,20190927,2142.76,2142.76,2142.76,2142.76,848340544
NIFTY100 ESG,20190930,2131.97,2131.97,2131.97,2131.97,1304510208
NIFTY100 ESG,20191001,2111.17,2111.17,2111.17,2111.17,1723520896
NIFTY100 ESG,20191003,2098.90,2098.90,2098.90,2098.90,1258076672
NIFTY100 ESG,20191004,2074.79,2074.79,2074.79,2074.79,1098658432
NIFTY100 ESG,20191007,2064.42,2064.42,2064.42,2064.42,932118976
NIFTY100 ESG,20191009,2099.86,2099.86,2099.86,2099.86,1062123072
NIFTY100 ESG,20191010,2088.71,2088.71,2088.71,2088.71,1123781504
NIFTY100 ESG,20191011,2099.64,2099.64,2099.64,2099.64,991857664
NIFTY100 ESG,20191014,2108.01,2108.01,2108.01,2108.01,815959744
NIFTY100 ESG,20191015,2121.11,2121.11,2121.11,2121.11,717061632
NIFTY100 ESG,20191016,2131.12,2131.12,2131.12,2131.12,966508096
NIFTY100 ESG,20191017,2155.48,2155.48,2155.48,2155.48,1123359488
NIFTY100 ESG,20191018,2170.09,2170.09,2170.09,2170.09,1126057728
NIFTY100 ESG,20191022,2153.66,2153.66,2153.66,2153.66,1156991232
NIFTY100 ESG,20191023,2154.37,2154.37,2154.37,2154.37,937862208
NIFTY100 ESG,20191024,2153.97,2153.97,2153.97,2153.97,1543638272
NIFTY100 ESG,20191025,2149.24,2149.24,2149.24,2149.24,1316979456
NIFTY100 ESG,20191029,2190.97,2190.97,2190.97,2190.97,1450977280
NIFTY100 ESG,20191030,2202.24,2202.24,2202.24,2202.24,1114831104
NIFTY100 ESG,20191031,2208.74,2208.74,2208.74,2208.74,1923441792
NIFTY100 ESG,20191101,2209.00,2209.00,2209.00,2209.00,1754683904
NIFTY100 ESG,20191104,2217.47,2217.47,2217.47,2217.47,1090177792
NIFTY100 ESG,20191105,2209.99,2209.99,2209.99,2209.99,857968960
NIFTY100 ESG,20191106,2219.23,2219.23,2219.23,2219.23,899034176
NIFTY100 ESG,20191107,2228.35,2228.35,2228.35,2228.35,907042752
NIFTY100 ESG,20191108,2209.49,2209.49,2209.49,2209.49,1188189056
NIFTY100 ESG,20191111,2210.53,2210.53,2210.53,2210.53,816276480
NIFTY100 ESG,20191113,2199.20,2199.20,2199.20,2199.20,1034424704
NIFTY100 ESG,20191114,2201.43,2201.43,2201.43,2201.43,1238880256
NIFTY100 ESG,20191115,2207.95,2207.95,2207.95,2207.95,1504190208
NIFTY100 ESG,20191118,2206.19,2206.19,2206.19,2206.19,1166348544
NIFTY100 ESG,20191119,2218.08,2218.08,2218.08,2218.08,1776405888
NIFTY100 ESG,20191120,2230.68,2230.68,2230.68,2230.68,2547748096
NIFTY100 ESG,20191121,2224.96,2224.96,2224.96,2224.96,1540067968
NIFTY100 ESG,20191122,2211.39,2211.39,2211.39,2211.39,1039485888
NIFTY100 ESG,20191125,2244.42,2244.42,2244.42,2244.42,1190515712
NIFTY100 ESG,20191126,2234.55,2234.55,2234.55,2234.55,2749216256
NIFTY100 ESG,20191127,2247.98,2247.98,2247.98,2247.98,1077881216
NIFTY100 ESG,20191128,2257.51,2257.51,2257.51,2257.51,1413789824
NIFTY100 ESG,20191129,2238.21,2238.21,2238.21,2238.21,1453731456
NIFTY100 ESG,20191202,2241.54,2241.54,2241.54,2241.54,2340201472
NIFTY100 ESG,20191203,2229.70,2229.70,2229.70,2229.70,1456433664
NIFTY100 ESG,20191204,2237.41,2237.41,2237.41,2237.41,1550030720
NIFTY100 ESG,20191205,2230.30,2230.30,2230.30,2230.30,961057600
NIFTY100 ESG,20191206,2213.66,2213.66,2213.66,2213.66,1210756096
NIFTY100 ESG,20191209,2217.21,2217.21,2217.21,2217.21,1002585152
NIFTY100 ESG,20191210,2201.23,2201.23,2201.23,2201.23,1097001088
NIFTY100 ESG,20191211,2208.97,2208.97,2208.97,2208.97,1300514944
NIFTY100 ESG,20191212,2220.28,2220.28,2220.28,2220.28,956741440
NIFTY100 ESG,20191213,2241.81,2241.81,2241.81,2241.81,997846848
NIFTY100 ESG,20191216,2237.14,2237.14,2237.14,2237.14,672735360
NIFTY100 ESG,20191217,2256.43,2256.43,2256.43,2256.43,845531904
NIFTY100 ESG,20191218,2267.22,2267.22,2267.22,2267.22,900527616
NIFTY100 ESG,20191219,2277.22,2277.22,2277.22,2277.22,900281088
NIFTY100 ESG,20191220,2279.73,2279.73,2279.73,2279.73,1030707008
NIFTY100 ESG,20191223,2279.49,2279.49,2279.49,2279.49,776291136
NIFTY100 ESG,20191224,2270.30,2270.30,2270.30,2270.30,641218624
NIFTY100 ESG,20191226,2253.70,2253.70,2253.70,2253.70,732599872
NIFTY100 ESG,20191227,2274.83,2274.83,2274.83,2274.83,588985408
NIFTY100 ESG,20191230,2277.44,2277.44,2277.44,2277.44,624485376
NIFTY100 ESG,20191231,2259.34,2259.34,2259.34,2259.34,658863808
NIFTY100 ESG,20200101,2261.62,2261.62,2261.62,2261.62,372932224
NIFTY100 ESG,20200102,2280.82,2280.82,2280.82,2280.82,539177472
NIFTY100 ESG,20200103,2272.61,2272.61,2272.61,2272.61,538108224
NIFTY100 ESG,20200106,2232.07,2232.07,2232.07,2232.07,530864512
NIFTY100 ESG,20200107,2244.73,2244.73,2244.73,2244.73,610026048
NIFTY100 ESG,20200108,2240.67,2240.67,2240.67,2240.67,846634688
NIFTY100 ESG,20200109,2275.07,2275.07,2275.07,2275.07,951740608
NIFTY100 ESG,20200110,2282.90,2282.90,2282.90,2282.90,829402432
NIFTY100 ESG,20200113,2298.41,2298.41,2298.41,2298.41,704243008
NIFTY100 ESG,20200114,2304.76,2304.76,2304.76,2304.76,728327424
NIFTY100 ESG,20200115,2304.12,2304.12,2304.12,2304.12,889455552
NIFTY100 ESG,20200116,2306.84,2306.84,2306.84,2306.84,645057088
NIFTY100 ESG,20200117,2310.05,2310.05,2310.05,2310.05,1616838016
NIFTY100 ESG,20200120,2285.87,2285.87,2285.87,2285.87,960179392
NIFTY100 ESG,20200121,2275.88,2275.88,2275.88,2275.88,1175866752
NIFTY100 ESG,20200122,2268.91,2268.91,2268.91,2268.91,965236096
NIFTY100 ESG,20200123,2284.91,2284.91,2284.91,2284.91,1582586496
NIFTY100 ESG,20200124,2299.60,2299.60,2299.60,2299.60,850892288
NIFTY100 ESG,20200127,2278.75,2278.75,2278.75,2278.75,640392256
NIFTY100 ESG,20200128,2268.12,2268.12,2268.12,2268.12,772650816
NIFTY100 ESG,20200129,2281.20,2281.20,2281.20,2281.20,735131200
NIFTY100 ESG,20200130,2257.15,2257.15,2257.15,2257.15,838076736
NIFTY100 ESG,20200131,2241.04,2241.04,2241.04,2241.04,903963776
NIFTY100 ESG,20200203,2205.01,2205.01,2205.01,2205.01,837978432
NIFTY100 ESG,20200204,2251.55,2251.55,2251.55,2251.55,735902336
NIFTY100 ESG,20200205,2276.51,2276.51,2276.51,2276.51,966629440
NIFTY100 ESG,20200206,2286.17,2286.17,2286.17,2286.17,869636544
NIFTY100 ESG,20200207,2282.14,2282.14,2282.14,2282.14,717065216
NIFTY100 ESG,20200210,2269.65,2269.65,2269.65,2269.65,692689728
NIFTY100 ESG,20200211,2278.74,2278.74,2278.74,2278.74,684624192
NIFTY100 ESG,20200212,2296.10,2296.10,2296.10,2296.10,832682432
NIFTY100 ESG,20200213,2293.19,2293.19,2293.19,2293.19,679180800
NIFTY100 ESG,20200214,2282.79,2282.79,2282.79,2282.79,2077793280
NIFTY100 ESG,20200217,2272.28,2272.28,2272.28,2272.28,1283828352
NIFTY100 ESG,20200218,2261.89,2261.89,2261.89,2261.89,1345647488
NIFTY100 ESG,20200219,2288.94,2288.94,2288.94,2288.94,1613730816
NIFTY100 ESG,20200220,2279.31,2279.31,2279.31,2279.31,1601339264
NIFTY100 ESG,20200224,2233.64,2233.64,2233.64,2233.64,1273956480
NIFTY100 ESG,20200225,2227.28,2227.28,2227.28,2227.28,1169703936
NIFTY100 ESG,20200226,2205.39,2205.39,2205.39,2205.39,976823616
NIFTY100 ESG,20200227,2198.38,2198.38,2198.38,2198.38,1083182336
NIFTY100 ESG,20200228,2110.89,2110.89,2110.89,2110.89,1292754944
NIFTY100 ESG,20200302,2101.13,2101.13,2101.13,2101.13,1062176384
NIFTY100 ESG,20200303,2134.74,2134.74,2134.74,2134.74,1103792384
NIFTY100 ESG,20200304,2130.80,2130.80,2130.80,2130.80,1086301952
NIFTY100 ESG,20200305,2135.87,2135.87,2135.87,2135.87,1795737472
NIFTY100 ESG,20200306,2086.60,2086.60,2086.60,2086.60,2248000768
NIFTY100 ESG,20200309,1986.84,1986.84,1986.84,1986.84,2277260544
NIFTY100 ESG,20200311,1985.93,1985.93,1985.93,1985.93,1954734336
NIFTY100 ESG,20200312,1826.14,1826.14,1826.14,1826.14,2155384576
NIFTY100 ESG,20200313,1885.84,1885.84,1885.84,1885.84,2816206848
NIFTY100 ESG,20200316,1749.83,1749.83,1749.83,1749.83,2273710592
NIFTY100 ESG,20200317,1711.49,1711.49,1711.49,1711.49,1674607488
NIFTY100 ESG,20200318,1616.77,1616.77,1616.77,1616.77,3648700928
NIFTY100 ESG,20200319,1572.76,1572.76,1572.76,1572.76,1621477120
NIFTY100 ESG,20200320,1661.55,1661.55,1661.55,1661.55,1605164928
NIFTY100 ESG,20200323,1452.49,1452.49,1452.49,1452.49,1017373184
NIFTY100 ESG,20200324,1488.36,1488.36,1488.36,1488.36,1102503040
NIFTY100 ESG,20200325,1585.42,1585.42,1585.42,1585.42,933130432
NIFTY100 ESG,20200326,1648.97,1648.97,1648.97,1648.97,1152898432
NIFTY100 ESG,20200327,1652.34,1652.34,1652.34,1652.34,1068546368
NIFTY100 ESG,20200330,1593.35,1593.35,1593.35,1593.35,731841984
NIFTY100 ESG,20200331,1655.88,1655.88,1655.88,1655.88,866326144
NIFTY100 ESG,20200401,1591.56,1591.56,1591.56,1591.56,759937664
NIFTY100 ESG,20200403,1555.78,1555.78,1555.78,1555.78,915429120
NIFTY100 ESG,20200407,1697.19,1697.19,1697.19,1697.19,1031013696
NIFTY100 ESG,20200408,1692.94,1692.94,1692.94,1692.94,1193244032
NIFTY100 ESG,20200409,1758.26,1758.26,1758.26,1758.26,988424512
NIFTY100 ESG,20200413,1741.32,1741.32,1741.32,1741.32,1567774464
NIFTY100 ESG,20200415,1731.74,1731.74,1731.74,1731.74,1739010176
NIFTY100 ESG,20200416,1742.97,1742.97,1742.97,1742.97,1278120576
NIFTY100 ESG,20200417,1788.21,1788.21,1788.21,1788.21,1500534400
NIFTY100 ESG,20200420,1789.87,1789.87,1789.87,1789.87,1165674112
NIFTY100 ESG,20200421,1745.43,1745.43,1745.43,1745.43,1043817024
NIFTY100 ESG,20200422,1788.98,1788.98,1788.98,1788.98,1256353152
NIFTY100 ESG,20200423,1810.43,1810.43,1810.43,1810.43,1421795456
NIFTY100 ESG,20200424,1783.90,1783.90,1783.90,1783.90,1073623104
NIFTY100 ESG,20200427,1809.93,1809.93,1809.93,1809.93,904540544
NIFTY100 ESG,20200428,1823.84,1823.84,1823.84,1823.84,1009758400
NIFTY100 ESG,20200429,1850.64,1850.64,1850.64,1850.64,1219469824
NIFTY100 ESG,20200430,1907.64,1907.64,1907.64,1907.64,1357610624
NIFTY100 ESG,20200504,1808.77,1808.77,1808.77,1808.77,1227879040
NIFTY100 ESG,20200505,1792.76,1792.76,1792.76,1792.76,1015781632
NIFTY100 ESG,20200506,1807.73,1807.73,1807.73,1807.73,1227775488
NIFTY100 ESG,20200507,1797.79,1797.79,1797.79,1797.79,943138368
NIFTY100 ESG,20200508,1813.63,1813.63,1813.63,1813.63,868708992
NIFTY100 ESG,20200511,1815.78,1815.78,1815.78,1815.78,1767000064
NIFTY100 ESG,20200512,1800.62,1800.62,1800.62,1800.62,1406606080
NIFTY100 ESG,20200513,1834.64,1834.64,1834.64,1834.64,1366373632
NIFTY100 ESG,20200514,1790.62,1790.62,1790.62,1790.62,972376064
NIFTY100 ESG,20200515,1787.28,1787.28,1787.28,1787.28,881093120
NIFTY100 ESG,20200518,1733.03,1733.03,1733.03,1733.03,1203451392
NIFTY100 ESG,20200519,1739.15,1739.15,1739.15,1739.15,1694961024
NIFTY100 ESG,20200520,1775.21,1775.21,1775.21,1775.21,1207772416
NIFTY100 ESG,20200521,1780.30,1780.30,1780.30,1780.30,1093072640
NIFTY100 ESG,20200522,1770.65,1770.65,1770.65,1770.65,1139550848
NIFTY100 ESG,20200526,1765.20,1765.20,1765.20,1765.20,973194688
NIFTY100 ESG,20200527,1814.21,1814.21,1814.21,1814.21,1075622656
NIFTY100 ESG,20200528,1848.25,1848.25,1848.25,1848.25,1497229312
NIFTY100 ESG,20200529,1864.43,1864.43,1864.43,1864.43,3695338496
NIFTY100 ESG,20200601,1910.72,1910.72,1910.72,1910.72,1516395520
NIFTY100 ESG,20200602,1938.33,1938.33,1938.33,1938.33,1928589056
NIFTY100 ESG,20200603,1953.97,1953.97,1953.97,1953.97,1914246528
NIFTY100 ESG,20200604,1950.17,1950.17,1950.17,1950.17,1773471232
NIFTY100 ESG,20200605,1970.45,1970.45,1970.45,1970.45,2982529280
NIFTY100 ESG,20200608,1974.06,1974.06,1974.06,1974.06,3110368512
NIFTY100 ESG,20200609,1952.28,1952.28,1952.28,1952.28,2510178816
NIFTY100 ESG,20200610,1964.28,1964.28,1964.28,1964.28,1892117760
NIFTY100 ESG,20200611,1925.98,1925.98,1925.98,1925.98,3082733824
NIFTY100 ESG,20200612,1941.82,1941.82,1941.82,1941.82,2449229312
NIFTY100 ESG,20200615,1917.30,1917.30,1917.30,1917.30,1685305856
NIFTY100 ESG,20200616,1933.88,1933.88,1933.88,1933.88,1837929856
NIFTY100 ESG,20200617,1930.14,1930.14,1930.14,1930.14,1274509696
NIFTY100 ESG,20200618,1964.04,1964.04,1964.04,1964.04,1679796864
NIFTY100 ESG,20200619,1993.88,1993.88,1993.88,1993.88,1716838784
NIFTY100 ESG,20200622,2007.47,2007.47,2007.47,2007.47,2085741568
NIFTY100 ESG,20200623,2037.54,2037.54,2037.54,2037.54,1296011392
NIFTY100 ESG,20200624,2010.13,2010.13,2010.13,2010.13,1514005248
NIFTY100 ESG,20200625,2002.08,2002.08,2002.08,2002.08,1573597824
NIFTY100 ESG,20200626,2026.99,2026.99,2026.99,2026.99,655241088
NIFTY100 ESG,20200629,2012.27,2012.27,2012.27,2012.27,537964992
NIFTY100 ESG,20200630,2009.81,2009.81,2009.81,2009.81,591310656
NIFTY100 ESG,20200701,2026.41,2026.41,2026.41,2026.41,566318720
NIFTY100 ESG,20200702,2050.98,2050.98,2050.98,2050.98,660601856
NIFTY100 ESG,20200703,2063.12,2063.12,2063.12,2063.12,634068992
NIFTY100 ESG,20200706,2088.20,2088.20,2088.20,2088.20,621153600
NIFTY100 ESG,20200707,2097.69,2097.69,2097.69,2097.69,740682880
NIFTY100 ESG,20200708,2080.98,2080.98,2080.98,2080.98,820758848
NIFTY100 ESG,20200709,2099.47,2099.47,2099.47,2099.47,677662848
NIFTY100 ESG,20200710,2092.20,2092.20,2092.20,2092.20,651408512
NIFTY100 ESG,20200713,2101.33,2101.33,2101.33,2101.33,609437056
NIFTY100 ESG,20200714,2067.62,2067.62,2067.62,2067.62,620525184
NIFTY100 ESG,20200715,2075.17,2075.17,2075.17,2075.17,774947712
NIFTY100 ESG,20200716,2105.14,2105.14,2105.14,2105.14,748262144
NIFTY100 ESG,20200717,2135.46,2135.46,2135.46,2135.46,762323136
NIFTY100 ESG,20200720,2159.33,2159.33,2159.33,2159.33,607359424
NIFTY100 ESG,20200721,2178.39,2178.39,2178.39,2178.39,843318208
NIFTY100 ESG,20200722,2169.88,2169.88,2169.88,2169.88,768970752
NIFTY100 ESG,20200723,2178.51,2178.51,2178.51,2178.51,661925696
NIFTY100 ESG,20200724,2173.88,2173.88,2173.88,2173.88,699709248
NIFTY100 ESG,20200727,2166.54,2166.54,2166.54,2166.54,665310016
NIFTY100 ESG,20200728,2199.82,2199.82,2199.82,2199.82,741972928
NIFTY100 ESG,20200729,2185.58,2185.58,2185.58,2185.58,680402048
NIFTY100 ESG,20200730,2172.45,2172.45,2172.45,2172.45,708174016
NIFTY100 ESG,20200731,2172.25,2172.25,2172.25,2172.25,751479360
NIFTY100 ESG,20200803,2143.05,2143.05,2143.05,2143.05,878714432
NIFTY100 ESG,20200804,2175.75,2175.75,2175.75,2175.75,698738880
NIFTY100 ESG,20200805,2175.89,2175.89,2175.89,2175.89,738042432
NIFTY100 ESG,20200806,2196.17,2196.17,2196.17,2196.17,708740672
NIFTY100 ESG,20200807,2195.94,2195.94,2195.94,2195.94,567056960
NIFTY100 ESG,20200810,2212.02,2212.02,2212.02,2212.02,652840000
NIFTY100 ESG,20200811,2217.60,2217.60,2217.60,2217.60,712501824
NIFTY100 ESG,20200812,2213.62,2213.62,2213.62,2213.62,751400000
NIFTY100 ESG,20200813,2214.36,2214.36,2214.36,2214.36,710141056
NIFTY100 ESG,20200814,2195.14,2195.14,2195.14,2195.14,767566912
NIFTY100 ESG,20200817,2205.51,2205.51,2205.51,2205.51,632718144
NIFTY100 ESG,20200818,2231.63,2231.63,2231.63,2231.63,651148800
NIFTY100 ESG,20200819,2234.87,2234.87,2234.87,2234.87,718680640
NIFTY100 ESG,20200820,2217.92,2217.92,2217.92,2217.92,816223872
NIFTY100 ESG,20200821,2227.83,2227.83,2227.83,2227.83,664457920
NIFTY100 ESG,20200824,2241.26,2241.26,2241.26,2241.26,587653888
NIFTY100 ESG,20200825,2240.78,2240.78,2240.78,2240.78,672182784
NIFTY100 ESG,20200826,2253.35,2253.35,2253.35,2253.35,785438208
NIFTY100 ESG,20200827,2257.32,2257.32,2257.32,2257.32,848147200
NIFTY100 ESG,20200828,2268.08,2268.08,2268.08,2268.08,969123200
NIFTY100 ESG,20200831,2215.95,2215.95,2215.95,2215.95,1356979712
NIFTY100 ESG,20200901,2234.79,2234.79,2234.79,2234.79,809751104
NIFTY100 ESG,20200902,2250.76,2250.76,2250.76,2250.76,644527296
NIFTY100 ESG,20200903,2255.09,2255.09,2255.09,2255.09,652924032
NIFTY100 ESG,20200904,2215.83,2215.83,2215.83,2215.83,720538048
NIFTY100 ESG,20200907,2219.45,2219.45,2219.45,2219.45,575472192
NIFTY100 ESG,20200908,2210.03,2210.03,2210.03,2210.03,601160896
NIFTY100 ESG,20200909,2207.41,2207.41,2207.41,2207.41,769056576
NIFTY100 ESG,20200910,2236.78,2236.78,2236.78,2236.78,721157376
NIFTY100 ESG,20200911,2242.61,2242.61,2242.61,2242.61,609811200
NIFTY100 ESG,20200914,2243.78,2243.78,2243.78,2243.78,695988160
NIFTY100 ESG,20200915,2261.40,2261.40,2261.40,2261.40,559640832
NIFTY100 ESG,20200916,2281.44,2281.44,2281.44,2281.44,601278464
NIFTY100 ESG,20200917,2266.60,2266.60,2266.60,2266.60,555219840
NIFTY100 ESG,20200918,2267.56,2267.56,2267.56,2267.56,847006912
NIFTY100 ESG,20200921,2216.35,2216.35,2216.35,2216.35,678814848
NIFTY100 ESG,20200922,2198.54,2198.54,2198.54,2198.54,737073728
NIFTY100 ESG,20200923,2195.20,2195.20,2195.20,2195.20,735046272
NIFTY100 ESG,20200924,2132.64,2132.64,2132.64,2132.64,779818688
NIFTY100 ESG,20200925,2183.37,2183.37,2183.37,2183.37,691278272
NIFTY100 ESG,20200928,2216.37,2216.37,2216.37,2216.37,530833536
NIFTY100 ESG,20200929,2216.85,2216.85,2216.85,2216.85,590819456
NIFTY100 ESG,20200930,2223.72,2223.72,2223.72,2223.72,597976768
NIFTY100 ESG,20201001,2255.49,2255.49,2255.49,2255.49,511721760
NIFTY100 ESG,20201005,2277.56,2277.56,2277.56,2277.56,601611520
NIFTY100 ESG,20201006,2306.00,2306.00,2306.00,2306.00,651510208
NIFTY100 ESG,20201007,2321.39,2321.39,2321.39,2321.39,586056832
NIFTY100 ESG,20201008,2346.20,2346.20,2346.20,2346.20,701942592
NIFTY100 ESG,20201009,2359.69,2359.69,2359.69,2359.69,709200896
NIFTY100 ESG,20201012,2360.60,2360.60,2360.60,2360.60,597584384
NIFTY100 ESG,20201013,2360.40,2360.40,2360.40,2360.40,552694400
NIFTY100 ESG,20201014,2363.90,2363.90,2363.90,2363.90,634233536
NIFTY100 ESG,20201015,2310.45,2310.45,2310.45,2310.45,695587904
NIFTY100 ESG,20201016,2330.06,2330.06,2330.06,2330.06,647464896
NIFTY100 ESG,20201019,2345.99,2345.99,2345.99,2345.99,607424832
NIFTY100 ESG,20201020,2356.59,2356.59,2356.59,2356.59,561819200
NIFTY100 ESG,20201021,2363.38,2363.38,2363.38,2363.38,708953408
NIFTY100 ESG,20201022,2355.65,2355.65,2355.65,2355.65,624581824
NIFTY100 ESG,20201023,2359.29,2359.29,2359.29,2359.29,567160384
NIFTY100 ESG,20201026,2326.80,2326.80,2326.80,2326.80,578049344
NIFTY100 ESG,20201027,2349.19,2349.19,2349.19,2349.19,614242368
NIFTY100 ESG,20201028,2321.40,2321.40,2321.40,2321.40,756080832
NIFTY100 ESG,20201029,2309.33,2309.33,2309.33,2309.33,591117248
NIFTY100 ESG,20201030,2303.47,2303.47,2303.47,2303.47,662391488
NIFTY100 ESG,20201102,2309.40,2309.40,2309.40,2309.40,668395456
NIFTY100 ESG,20201103,2332.34,2332.34,2332.34,2332.34,706282496
NIFTY100 ESG,20201104,2353.01,2353.01,2353.01,2353.01,701046656
NIFTY100 ESG,20201105,2391.46,2391.46,2391.46,2391.46,744316800
NIFTY100 ESG,20201106,2416.05,2416.05,2416.05,2416.05,665673344
NIFTY100 ESG,20201109,2456.84,2456.84,2456.84,2456.84,632109952
NIFTY100 ESG,20201110,2473.46,2473.46,2473.46,2473.46,920409856
NIFTY100 ESG,20201111,2499.66,2499.66,2499.66,2499.66,948987200
NIFTY100 ESG,20201112,2493.96,2493.96,2493.96,2493.96,688096000
NIFTY100 ESG,20201113,2497.91,2497.91,2497.91,2497.91,591685120
NIFTY100 ESG,20201117,2529.11,2529.11,2529.11,2529.11,770892160
NIFTY100 ESG,20201118,2539.38,2539.38,2539.38,2539.38,829523456
NIFTY100 ESG,20201119,2507.59,2507.59,2507.59,2507.59,832303936
NIFTY100 ESG,20201120,2525.81,2525.81,2525.81,2525.81,757880320
NIFTY100 ESG,20201123,2542.89,2542.89,2542.89,2542.89,678980032
NIFTY100 ESG,20201124,2563.93,2563.93,2563.93,2563.93,628168896
NIFTY100 ESG,20201125,2522.62,2522.62,2522.62,2522.62,673955840
NIFTY100 ESG,20201126,2550.29,2550.29,2550.29,2550.29,614132288
NIFTY100 ESG,20201127,2547.04,2547.04,2547.04,2547.04,1216881792
NIFTY100 ESG,20201201,2577.09,2577.09,2577.09,2577.09,669654336
NIFTY100 ESG,20201202,2584.35,2584.35,2584.35,2584.35,890774656
NIFTY100 ESG,20201203,2583.97,2583.97,2583.97,2583.97,782396544
NIFTY100 ESG,20201204,2604.33,2604.33,2604.33,2604.33,735905792
NIFTY100 ESG,20201207,2623.11,2623.11,2623.11,2623.11,649024448
NIFTY100 ESG,20201208,2629.45,2629.45,2629.45,2629.45,595494144
NIFTY100 ESG,20201209,2653.50,2653.50,2653.50,2653.50,567561536
NIFTY100 ESG,20201210,2642.15,2642.15,2642.15,2642.15,588364288
NIFTY100 ESG,20201211,2642.22,2642.22,2642.22,2642.22,683811904
NIFTY100 ESG,20201214,2649.26,2649.26,2649.26,2649.26,568748800
NIFTY100 ESG,20201215,2652.04,2652.04,2652.04,2652.04,556005184
NIFTY100 ESG,20201216,2678.88,2678.88,2678.88,2678.88,622904704
NIFTY100 ESG,20201217,2689.53,2689.53,2689.53,2689.53,495589024
NIFTY100 ESG,20201218,2697.36,2697.36,2697.36,2697.36,575588288
NIFTY100 ESG,20201221,2614.72,2614.72,2614.72,2614.72,750698560
NIFTY100 ESG,20201222,2647.95,2647.95,2647.95,2647.95,763826880
NIFTY100 ESG,20201223,2679.02,2679.02,2679.02,2679.02,528187744
NIFTY100 ESG,20201224,2702.64,2702.64,2702.64,2702.64,528249568
NIFTY100 ESG,20201228,2726.60,2726.60,2726.60,2726.60,483907424
NIFTY100 ESG,20201229,2736.16,2736.16,2736.16,2736.16,492442368
NIFTY100 ESG,20201230,2745.60,2745.60,2745.60,2745.60,429982208
NIFTY100 ESG,20201231,2746.63,2746.63,2746.63,2746.63,496333536
NIFTY100 ESG,20210101,2759.57,2759.57,2759.57,2759.57,282552224
NIFTY100 ESG,20210104,2795.00,2795.00,2795.00,2795.00,534736064
NIFTY100 ESG,20210105,2821.99,2821.99,2821.99,2821.99,579802880
NIFTY100 ESG,20210106,2815.71,2815.71,2815.71,2815.71,667286848
NIFTY100 ESG,20210107,2815.75,2815.75,2815.75,2815.75,604979200
NIFTY100 ESG,20210108,2867.90,2867.90,2867.90,2867.90,620411520
NIFTY100 ESG,20210111,2901.81,2901.81,2901.81,2901.81,698110208
NIFTY100 ESG,20210112,2908.04,2908.04,2908.04,2908.04,1012016448
NIFTY100 ESG,20210113,2900.57,2900.57,2900.57,2900.57,880030464
NIFTY100 ESG,20210114,2904.63,2904.63,2904.63,2904.63,631445056
NIFTY100 ESG,20210115,2866.66,2866.66,2866.66,2866.66,829910592
NIFTY100 ESG,20210118,2824.98,2824.98,2824.98,2824.98,768793792
NIFTY100 ESG,20210119,2869.98,2869.98,2869.98,2869.98,601797888
NIFTY100 ESG,20210120,2894.64,2894.64,2894.64,2894.64,637069504
NIFTY100 ESG,20210121,2882.04,2882.04,2882.04,2882.04,787547200
NIFTY100 ESG,20210122,2859.33,2859.33,2859.33,2859.33,890887680
NIFTY100 ESG,20210125,2839.32,2839.32,2839.32,2839.32,697161984
NIFTY100 ESG,20210127,2795.60,2795.60,2795.60,2795.60,687257920
NIFTY100 ESG,20210128,2774.68,2774.68,2774.68,2774.68,696440704
NIFTY100 ESG,20210129,2719.02,2719.02,2719.02,2719.02,812302080
NIFTY100 ESG,20210201,2817.79,2817.79,2817.79,2817.79,915656576
NIFTY100 ESG,20210202,2882.12,2882.12,2882.12,2882.12,983270912
NIFTY100 ESG,20210203,2911.94,2911.94,2911.94,2911.94,922443840
NIFTY100 ESG,20210204,2933.87,2933.87,2933.87,2933.87,851410176
NIFTY100 ESG,20210205,2927.74,2927.74,2927.74,2927.74,884746048
NIFTY100 ESG,20210208,2968.97,2968.97,2968.97,2968.97,687626560
NIFTY100 ESG,20210209,2965.19,2965.19,2965.19,2965.19,737659776
NIFTY100 ESG,20210210,2971.03,2971.03,2971.03,2971.03,711738304
NIFTY100 ESG,20210211,2982.18,2982.18,2982.18,2982.18,583257280
NIFTY100 ESG,20210212,2983.23,2983.23,2983.23,2983.23,656065920
NIFTY100 ESG,20210215,3006.62,3006.62,3006.62,3006.62,592908672
NIFTY100 ESG,20210216,3003.30,3003.30,3003.30,3003.30,669852416
NIFTY100 ESG,20210217,2989.92,2989.92,2989.92,2989.92,615476800
NIFTY100 ESG,20210218,2980.20,2980.20,2980.20,2980.20,777236800
NIFTY100 ESG,20210219,2951.02,2951.02,2951.02,2951.02,781222272
NIFTY100 ESG,20210222,2893.36,2893.36,2893.36,2893.36,634190400
NIFTY100 ESG,20210223,2903.61,2903.61,2903.61,2903.61,758059008
NIFTY100 ESG,20210224,2939.30,2939.30,2939.30,2939.30,436843712
NIFTY100 ESG,20210225,2957.67,2957.67,2957.67,2957.67,790401664
NIFTY100 ESG,20210226,2858.69,2858.69,2858.69,2858.69,1156183424
NIFTY100 ESG,20210301,2900.30,2900.30,2900.30,2900.30,549485184
NIFTY100 ESG,20210302,2947.45,2947.45,2947.45,2947.45,618142912
NIFTY100 ESG,20210303,2998.77,2998.77,2998.77,2998.77,589037120
NIFTY100 ESG,20210304,2982.23,2982.23,2982.23,2982.23,569226048
NIFTY100 ESG,20210305,2945.34,2945.34,2945.34,2945.34,656230592
NIFTY100 ESG,20210308,2945.92,2945.92,2945.92,2945.92,549416384
NIFTY100 ESG,20210309,2958.81,2958.81,2958.81,2958.81,711419328
NIFTY100 ESG,20210310,2983.97,2983.97,2983.97,2983.97,437967584
NIFTY100 ESG,20210312,2958.91,2958.91,2958.91,2958.91,554699904
NIFTY100 ESG,20210315,2944.44,2944.44,2944.44,2944.44,490831904
NIFTY100 ESG,20210316,2950.02,2950.02,2950.02,2950.02,433686016
NIFTY100 ESG,20210317,2906.99,2906.99,2906.99,2906.99,469307008
NIFTY100 ESG,20210318,2871.89,2871.89,2871.89,2871.89,509486336
NIFTY100 ESG,20210319,2899.78,2899.78,2899.78,2899.78,838739584
NIFTY100 ESG,20210322,2913.38,2913.38,2913.38,2913.38,460788064
NIFTY100 ESG,20210323,2931.03,2931.03,2931.03,2931.03,505103264
NIFTY100 ESG,20210324,2884.46,2884.46,2884.46,2884.46,475501248
NIFTY100 ESG,20210325,2829.37,2829.37,2829.37,2829.37,616617728
NIFTY100 ESG,20210326,2866.30,2866.30,2866.30,2866.30,510128800
NIFTY100 ESG,20210330,2920.68,2920.68,2920.68,2920.68,640408064
NIFTY100 ESG,20210331,2905.71,2905.71,2905.71,2905.71,491933184
NIFTY100 ESG,20210401,2941.19,2941.19,2941.19,2941.19,451866080
NIFTY100 ESG,20210405,2911.84,2911.84,2911.84,2911.84,533434432
NIFTY100 ESG,20210406,2926.30,2926.30,2926.30,2926.30,440085440
NIFTY100 ESG,20210407,2955.83,2955.83,2955.83,2955.83,459981568
NIFTY100 ESG,20210408,2977.59,2977.59,2977.59,2977.59,546100480
NIFTY100 ESG,20210409,2977.05,2977.05,2977.05,2977.05,560752000
NIFTY100 ESG,20210412,2866.57,2866.57,2866.57,2866.57,701456384
NIFTY100 ESG,20210413,2891.18,2891.18,2891.18,2891.18,613828672
NIFTY100 ESG,20210415,2900.47,2900.47,2900.47,2900.47,603560192
NIFTY100 ESG,20210416,2923.93,2923.93,2923.93,2923.93,608030336
NIFTY100 ESG,20210419,2871.10,2871.10,2871.10,2871.10,557273984
NIFTY100 ESG,20210420,2862.95,2862.95,2862.95,2862.95,550613440
NIFTY100 ESG,20210422,2872.91,2872.91,2872.91,2872.91,574935936
NIFTY100 ESG,20210423,2862.99,2862.99,2862.99,2862.99,557050752
NIFTY100 ESG,20210426,2884.82,2884.82,2884.82,2884.82,504780928
NIFTY100 ESG,20210427,2909.69,2909.69,2909.69,2909.69,499478848
NIFTY100 ESG,20210428,2945.94,2945.94,2945.94,2945.94,523798656
NIFTY100 ESG,20210429,2943.30,2943.30,2943.30,2943.30,573704256
NIFTY100 ESG,20210430,2908.38,2908.38,2908.38,2908.38,634052928
NIFTY100 ESG,20210503,2916.38,2916.38,2916.38,2916.38,476837504
NIFTY100 ESG,20210504,2895.43,2895.43,2895.43,2895.43,529675136
NIFTY100 ESG,20210505,2923.07,2923.07,2923.07,2923.07,510593536
NIFTY100 ESG,20210506,2950.00,2950.00,2950.00,2950.00,544331008
NIFTY100 ESG,20210507,2961.55,2961.55,2961.55,2961.55,587246976
NIFTY100 ESG,20210510,2986.75,2986.75,2986.75,2986.75,642913024
NIFTY100 ESG,20210511,2975.75,2975.75,2975.75,2975.75,690711168
NIFTY100 ESG,20210512,2956.55,2956.55,2956.55,2956.55,722870592
NIFTY100 ESG,20210514,2937.10,2937.10,2937.10,2937.10,676349184
NIFTY100 ESG,20210517,2977.13,2977.13,2977.13,2977.13,601252160
NIFTY100 ESG,20210518,3020.49,3020.49,3020.49,3020.49,633764032
NIFTY100 ESG,20210519,3018.85,3018.85,3018.85,3018.85,612071552
NIFTY100 ESG,20210520,3004.54,3004.54,3004.54,3004.54,534909536
NIFTY100 ESG,20210521,3039.32,3039.32,3039.32,3039.32,659200512
NIFTY100 ESG,20210524,3047.08,3047.08,3047.08,3047.08,655736896
NIFTY100 ESG,20210525,3053.76,3053.76,3053.76,3053.76,509512672
NIFTY100 ESG,20210526,3070.96,3070.96,3070.96,3070.96,444382400
NIFTY100 ESG,20210527,3085.45,3085.45,3085.45,3085.45,828587456
NIFTY100 ESG,20210528,3089.22,3089.22,3089.22,3089.22,502328992
NIFTY100 ESG,20210531,3109.01,3109.01,3109.01,3109.01,479894944
NIFTY100 ESG,20210601,3107.88,3107.88,3107.88,3107.88,378716992
NIFTY100 ESG,20210602,3120.90,3120.90,3120.90,3120.90,500374144
NIFTY100 ESG,20210603,3145.73,3145.73,3145.73,3145.73,441146528
NIFTY100 ESG,20210604,3148.71,3148.71,3148.71,3148.71,436390400
NIFTY100 ESG,20210607,3161.00,3161.00,3161.00,3161.00,422568736
NIFTY100 ESG,20210608,3174.78,3174.78,3174.78,3174.78,414109920
NIFTY100 ESG,20210609,3154.32,3154.32,3154.32,3154.32,526249728
NIFTY100 ESG,20210610,3182.94,3182.94,3182.94,3182.94,376151072
NIFTY100 ESG,20210611,3194.96,3194.96,3194.96,3194.96,427329312
NIFTY100 ESG,20210614,3196.26,3196.26,3196.26,3196.26,376778272
NIFTY100 ESG,20210615,3204.10,3204.10,3204.10,3204.10,339660576
NIFTY100 ESG,20210616,3186.93,3186.93,3186.93,3186.93,369615136
NIFTY100 ESG,20210617,3171.77,3171.77,3171.77,3171.77,349876896
NIFTY100 ESG,20210618,3159.93,3159.93,3159.93,3159.93,597705344
NIFTY100 ESG,20210621,3171.35,3171.35,3171.35,3171.35,355101600
NIFTY100 ESG,20210622,3189.42,3189.42,3189.42,3189.42,338949888
NIFTY100 ESG,20210623,3171.88,3171.88,3171.88,3171.88,336895232
NIFTY100 ESG,20210624,3190.42,3190.42,3190.42,3190.42,322751552
NIFTY100 ESG,20210625,3205.05,3205.05,3205.05,3205.05,314446816
NIFTY100 ESG,20210628,3198.43,3198.43,3198.43,3198.43,295967840
NIFTY100 ESG,20210629,3183.48,3183.48,3183.48,3183.48,420966784
NIFTY100 ESG,20210630,3176.95,3176.95,3176.95,3176.95,285026688
NIFTY100 ESG,20210701,3173.65,3173.65,3173.65,3173.65,254658112
NIFTY100 ESG,20210702,3177.13,3177.13,3177.13,3177.13,258416560
NIFTY100 ESG,20210705,3194.72,3194.72,3194.72,3194.72,241245472
NIFTY100 ESG,20210706,3190.43,3190.43,3190.43,3190.43,467781824
NIFTY100 ESG,20210707,3200.06,3200.06,3200.06,3200.06,385936608
NIFTY100 ESG,20210708,3182.54,3182.54,3182.54,3182.54,360036608
NIFTY100 ESG,20210709,3177.91,3177.91,3177.91,3177.91,273679968
NIFTY100 ESG,20210712,3179.46,3179.46,3179.46,3179.46,267046288
NIFTY100 ESG,20210713,3188.64,3188.64,3188.64,3188.64,287351808
NIFTY100 ESG,20210714,3202.45,3202.45,3202.45,3202.45,277993632
NIFTY100 ESG,20210715,3219.49,3219.49,3219.49,3219.49,290477376
NIFTY100 ESG,20210716,3220.01,3220.01,3220.01,3220.01,361522528
NIFTY100 ESG,20210719,3192.09,3192.09,3192.09,3192.09,284428352
NIFTY100 ESG,20210720,3169.80,3169.80,3169.80,3169.80,312359200
NIFTY100 ESG,20210722,3214.96,3214.96,3214.96,3214.96,331650336
NIFTY100 ESG,20210723,3216.09,3216.09,3216.09,3216.09,347312864
NIFTY100 ESG,20210726,3216.45,3216.45,3216.45,3216.45,298014592
NIFTY100 ESG,20210727,3206.70,3206.70,3206.70,3206.70,379512704
NIFTY100 ESG,20210728,3207.22,3207.22,3207.22,3207.22,362473664
NIFTY100 ESG,20210729,3216.57,3216.57,3216.57,3216.57,471289312
NIFTY100 ESG,20210730,3221.30,3221.30,3221.30,3221.30,452792736
NIFTY100 ESG,20210802,3250.21,3250.21,3250.21,3250.21,308554240
NIFTY100 ESG,20210803,3298.00,3298.00,3298.00,3298.00,361499840
NIFTY100 ESG,20210804,3301.28,3301.28,3301.28,3301.28,471735552
NIFTY100 ESG,20210805,3305.55,3305.55,3305.55,3305.55,449874816
NIFTY100 ESG,20210806,3301.64,3301.64,3301.64,3301.64,395455136
NIFTY100 ESG,20210809,3305.82,3305.82,3305.82,3305.82,269934720
NIFTY100 ESG,20210810,3312.11,3312.11,3312.11,3312.11,319995776
NIFTY100 ESG,20210811,3304.12,3304.12,3304.12,3304.12,334051584
NIFTY100 ESG,20210812,3325.08,3325.08,3325.08,3325.08,315191840
NIFTY100 ESG,20210813,3350.47,3350.47,3350.47,3350.47,388239456
NIFTY100 ESG,20210816,3350.10,3350.10,3350.10,3350.10,286595552
NIFTY100 ESG,20210817,3378.73,3378.73,3378.73,3378.73,358366560
NIFTY100 ESG,20210818,3380.41,3380.41,3380.41,3380.41,296970752
NIFTY100 ESG,20210820,3354.97,3354.97,3354.97,3354.97,431761152
NIFTY100 ESG,20210823,3363.87,3363.87,3363.87,3363.87,363938496
NIFTY100 ESG,20210824,3386.09,3386.09,3386.09,3386.09,340520736
NIFTY100 ESG,20210825,3388.97,3388.97,3388.97,3388.97,290669536
NIFTY100 ESG,20210826,3390.47,3390.47,3390.47,3390.47,325415904
NIFTY100 ESG,20210827,3413.51,3413.51,3413.51,3413.51,289529984
NIFTY100 ESG,20210830,3454.20,3454.20,3454.20,3454.20,327646624
NIFTY100 ESG,20210831,3504.07,3504.07,3504.07,3504.07,523475488
NIFTY100 ESG,20210901,3503.05,3503.05,3503.05,3503.05,348920064
NIFTY100 ESG,20210902,3537.69,3537.69,3537.69,3537.69,288489792
NIFTY100 ESG,20210903,3555.38,3555.38,3555.38,3555.38,303262624
NIFTY100 ESG,20210906,3567.54,3567.54,3567.54,3567.54,257292512
NIFTY100 ESG,20210907,3559.73,3559.73,3559.73,3559.73,269869440
NIFTY100 ESG,20210908,3561.00,3561.00,3561.00,3561.00,291238912
NIFTY100 ESG,20210909,3568.16,3568.16,3568.16,3568.16,251730160
NIFTY100 ESG,20210913,3576.17,3576.17,3576.17,3576.17,268187360
NIFTY100 ESG,20210914,3588.78,3588.78,3588.78,3588.78,279485440
NIFTY100 ESG,20210915,3616.30,3616.30,3616.30,3616.30,355419008
NIFTY100 ESG,20210916,3625.70,3625.70,3625.70,3625.70,418671968
NIFTY100 ESG,20210917,3615.97,3615.97,3615.97,3615.97,535958336
NIFTY100 ESG,20210920,3572.64,3572.64,3572.64,3572.64,318879328
NIFTY100 ESG,20210921,3610.98,3610.98,3610.98,3610.98,368012896
NIFTY100 ESG,20210922,3620.20,3620.20,3620.20,3620.20,329381920
NIFTY100 ESG,20210923,3667.70,3667.70,3667.70,3667.70,423229408
NIFTY100 ESG,20210924,3669.78,3669.78,3669.78,3669.78,466995840
NIFTY100 ESG,20210927,3648.97,3648.97,3648.97,3648.97,346629856
NIFTY100 ESG,20210928,3612.76,3612.76,3612.76,3612.76,444913696
NIFTY100 ESG,20210929,3600.60,3600.60,3600.60,3600.60,541339072
NIFTY100 ESG,20210930,3587.28,3587.28,3587.28,3587.28,423845088
NIFTY100 ESG,20211001,3579.06,3579.06,3579.06,3579.06,344616352
NIFTY100 ESG,20211004,3615.48,3615.48,3615.48,3615.48,310885312
NIFTY100 ESG,20211005,3639.27,3639.27,3639.27,3639.27,365733472
NIFTY100 ESG,20211006,3603.32,3603.32,3603.32,3603.32,381268416
NIFTY100 ESG,20211007,3646.63,3646.63,3646.63,3646.63,451766016
NIFTY100 ESG,20211008,3654.08,3654.08,3654.08,3654.08,366539424
NIFTY100 ESG,20211011,3653.07,3653.07,3653.07,3653.07,412712384
NIFTY100 ESG,20211012,3669.60,3669.60,3669.60,3669.60,389784896
NIFTY100 ESG,20211013,3702.84,3702.84,3702.84,3702.84,490825856
NIFTY100 ESG,20211014,3729.84,3729.84,3729.84,3729.84,480592480
NIFTY100 ESG,20211018,3742.06,3742.06,3742.06,3742.06,455713728
NIFTY100 ESG,20211019,3721.64,3721.64,3721.64,3721.64,364576448
NIFTY100 ESG,20211020,3685.21,3685.21,3685.21,3685.21,391680288
NIFTY100 ESG,20211021,3658.40,3658.40,3658.40,3658.40,403524352
NIFTY100 ESG,20211022,3638.15,3638.15,3638.15,3638.15,333719456
NIFTY100 ESG,20211025,3609.33,3609.33,3609.33,3609.33,420728640
NIFTY100 ESG,20211026,3643.26,3643.26,3643.26,3643.26,351426656
NIFTY100 ESG,20211027,3647.57,3647.57,3647.57,3647.57,360402560
NIFTY100 ESG,20211028,3588.36,3588.36,3588.36,3588.36,375317760
NIFTY100 ESG,20211029,3563.42,3563.42,3563.42,3563.42,414593856
NIFTY100 ESG,20211101,3618.97,3618.97,3618.97,3618.97,344757152
NIFTY100 ESG,20211102,3618.45,3618.45,3618.45,3618.45,347942016
NIFTY100 ESG,20211103,3618.77,3618.77,3618.77,3618.77,381684672
NIFTY100 ESG,20211104,3639.36,3639.36,3639.36,3639.36,48499972
NIFTY100 ESG,20211108,3678.85,3678.85,3678.85,3678.85,388710816
NIFTY100 ESG,20211109,3677.39,3677.39,3677.39,3677.39,318346112
NIFTY100 ESG,20211110,3677.69,3677.69,3677.69,3677.69,321256896
NIFTY100 ESG,20211111,3646.29,3646.29,3646.29,3646.29,270197248
NIFTY100 ESG,20211112,3698.53,3698.53,3698.53,3698.53,283713152
NIFTY100 ESG,20211115,3698.52,3698.52,3698.52,3698.52,252288320
NIFTY100 ESG,20211116,3691.67,3691.67,3691.67,3691.67,290197600
NIFTY100 ESG,20211117,3673.59,3673.59,3673.59,3673.59,283628096
NIFTY100 ESG,20211118,3631.85,3631.85,3631.85,3631.85,295120160
NIFTY100 ESG,20211122,3563.90,3563.90,3563.90,3563.90,375961216
NIFTY100 ESG,20211123,3588.04,3588.04,3588.04,3588.04,346446688
NIFTY100 ESG,20211124,3563.95,3563.95,3563.95,3563.95,295989248
NIFTY100 ESG,20211125,3579.45,3579.45,3579.45,3579.45,267290032
NIFTY100 ESG,20211126,3485.97,3485.97,3485.97,3485.97,393257856
NIFTY100 ESG,20211129,3483.73,3483.73,3483.73,3483.73,374825760
NIFTY100 ESG,20211130,3483.27,3483.27,3483.27,3483.27,550132800
NIFTY100 ESG,20211201,3510.53,3510.53,3510.53,3510.53,331801728
NIFTY100 ESG,20211202,3562.68,3562.68,3562.68,3562.68,321766976
NIFTY100 ESG,20211203,3535.97,3535.97,3535.97,3535.97,344629056
NIFTY100 ESG,20211206,3469.22,3469.22,3469.22,3469.22,286863488
NIFTY100 ESG,20211207,3518.63,3518.63,3518.63,3518.63,285973280
NIFTY100 ESG,20211208,3570.45,3570.45,3570.45,3570.45,287079680
NIFTY100 ESG,20211209,3570.72,3570.72,3570.72,3570.72,245534560
NIFTY100 ESG,20211210,3568.93,3568.93,3568.93,3568.93,212922560
NIFTY100 ESG,20211213,3548.88,3548.88,3548.88,3548.88,277894944
NIFTY100 ESG,20211214,3546.58,3546.58,3546.58,3546.58,301297760
NIFTY100 ESG,20211215,3521.38,3521.38,3521.38,3521.38,209430352
NIFTY100 ESG,20211216,3523.52,3523.52,3523.52,3523.52,225953584
NIFTY100 ESG,20211217,3476.99,3476.99,3476.99,3476.99,365092224
NIFTY100 ESG,20211220,3398.59,3398.59,3398.59,3398.59,345899872
NIFTY100 ESG,20211221,3443.59,3443.59,3443.59,3443.59,258220912
NIFTY100 ESG,20211222,3481.70,3481.70,3481.70,3481.70,226873056
NIFTY100 ESG,20211223,3510.95,3510.95,3510.95,3510.95,214733280
NIFTY100 ESG,20211224,3497.52,3497.52,3497.52,3497.52,196539584
NIFTY100 ESG,20211227,3517.55,3517.55,3517.55,3517.55,181089744
NIFTY100 ESG,20211228,3548.89,3548.89,3548.89,3548.89,190556192
NIFTY100 ESG,20211229,3548.78,3548.78,3548.78,3548.78,173917248
NIFTY100 ESG,20211230,3549.09,3549.09,3549.09,3549.09,336266592
NIFTY100 ESG,20211231,3590.33,3590.33,3590.33,3590.33,186657040
NIFTY100 ESG,20220103,3630.93,3630.93,3630.93,3630.93,224222848
NIFTY100 ESG,20220104,3653.67,3653.67,3653.67,3653.67,249202000
NIFTY100 ESG,20220105,3666.39,3666.39,3666.39,3666.39,296697600
NIFTY100 ESG,20220106,3639.36,3639.36,3639.36,3639.36,271544096
NIFTY100 ESG,20220107,3650.38,3650.38,3650.38,3650.38,253613456
NIFTY100 ESG,20220110,3667.10,3678.30,3655.20,3675.90,241796352
NIFTY100 ESG,20220111,3674.85,3691.45,3671.00,3688.80,249238432
NIFTY100 ESG,20220112,3711.10,3717.45,3699.10,3714.45,269579744
NIFTY100 ESG,20220113,3723.05,3723.60,3696.35,3718.30,339879296
NIFTY100 ESG,20220114,3704.35,3726.35,3688.40,3721.05,254232640
NIFTY100 ESG,20220117,3718.95,3740.50,3713.25,3738.85,274421472
NIFTY100 ESG,20220118,3748.50,3752.20,3681.90,3687.00,282364128
NIFTY100 ESG,20220119,3692.45,3692.45,3642.00,3654.20,306506912
NIFTY100 ESG,20220120,3655.25,3657.65,3603.85,3623.20,284372800
NIFTY100 ESG,20220121,3596.65,3601.80,3553.65,3581.15,316390272
NIFTY100 ESG,20220124,3574.60,3575.40,3436.30,3469.85,379966784
NIFTY100 ESG,20220125,3441.00,3498.80,3401.20,3493.30,374836448
NIFTY100 ESG,20220127,3457.40,3458.10,3403.20,3440.10,420110432
NIFTY100 ESG,20220128,3456.90,3506.70,3444.60,3449.45,350748160
NIFTY100 ESG,20220131,3494.00,3516.75,3490.10,3501.75,314349120
NIFTY100 ESG,20220201,3537.30,3558.40,3489.60,3551.75,400448064
NIFTY100 ESG,20220202,3571.30,3593.25,3563.80,3590.30,285930880
NIFTY100 ESG,20220203,3588.70,3591.35,3548.30,3556.20,279723680
NIFTY100 ESG,20220204,3563.20,3565.35,3535.65,3545.75,274063616
NIFTY100 ESG,20220207,3540.40,3556.70,3472.35,3492.60,301894336
NIFTY100 ESG,20220208,3503.70,3512.15,3458.75,3491.10,310150880
NIFTY100 ESG,20220209,3510.45,3533.45,3505.60,3530.60,279768288
NIFTY100 ESG,20220210,3546.85,3558.75,3519.70,3555.60,323228640
NIFTY100 ESG,20220211,3525.60,3526.20,3489.90,3498.55,293207520
NIFTY100 ESG,20220214,3434.85,3448.65,3392.60,3400.25,308691296
NIFTY100 ESG,20220215,3418.05,3502.15,3395.30,3497.85,332033024
NIFTY100 ESG,20220216,3512.35,3533.15,3489.80,3498.10,272744256
NIFTY100 ESG,20220217,3516.90,3526.40,3489.80,3500.75,249803296
NIFTY100 ESG,20220218,3484.50,3505.70,3478.70,3485.00,226148416
NIFTY100 ESG,20220221,3466.95,3489.30,3436.15,3459.65,228323472
NIFTY100 ESG,20220222,3382.25,3446.00,3382.25,3440.80,325011680
NIFTY100 ESG,20220223,3460.35,3470.15,3441.05,3447.25,235842176
NIFTY100 ESG,20220224,3340.25,3369.95,3266.80,3275.60,587158080
NIFTY100 ESG,20220225,3331.05,3383.05,3327.55,3369.25,377015648
NIFTY100 ESG,20220228,3338.95,3391.45,3305.70,3387.35,488521344
NIFTY100 ESG,20220302,3357.30,3374.25,3338.70,3358.55,579388288
NIFTY100 ESG,20220303,3390.40,3395.15,3332.70,3341.85,467686592
NIFTY100 ESG,20220304,3313.60,3325.55,3262.10,3282.20,440031104
NIFTY100 ESG,20220307,3214.20,3229.65,3180.20,3204.95,508456224
NIFTY100 ESG,20220308,3193.30,3254.95,3181.95,3250.95,536495328
NIFTY100 ESG,20220309,3271.15,3321.20,3253.95,3306.10,455500800
NIFTY100 ESG,20220310,3385.95,3386.00,3328.50,3353.05,500602432
NIFTY100 ESG,20220311,3341.00,3365.95,3329.05,3357.80,367871136
NIFTY100 ESG,20220314,3357.65,3387.90,3342.40,3384.80,356548096
NIFTY100 ESG,20220315,3392.25,3401.40,3331.15,3350.80,429821248
NIFTY100 ESG,20220316,3393.20,3420.75,3388.15,3418.75,295297792
NIFTY100 ESG,20220317,3461.25,3488.15,3457.65,3476.50,451795904
NIFTY100 ESG,20220321,3490.60,3493.90,3425.05,3428.75,314382208
NIFTY100 ESG,20220322,3431.75,3461.55,3395.80,3457.90,338419456
NIFTY100 ESG,20220323,3477.90,3482.30,3438.65,3449.25,327336960
NIFTY100 ESG,20220324,3426.20,3458.20,3425.15,3445.40,315528672
NIFTY100 ESG,20220325,3461.40,3462.15,3410.45,3428.65,282591136
NIFTY100 ESG,20220328,3436.25,3437.95,3391.50,3428.20,317897792
NIFTY100 ESG,20220329,3443.00,3454.00,3437.90,3450.45,288843776
NIFTY100 ESG,20220330,3480.20,3489.05,3468.60,3477.55,498701920
NIFTY100 ESG,20220331,3484.10,3495.10,3469.45,3476.75,349255264
NIFTY100 ESG,20220401,3473.10,3524.70,3467.85,3518.20,313271424
NIFTY100 ESG,20220404,3539.10,3587.35,3537.45,3585.00,387002048
NIFTY100 ESG,20220405,3596.65,3611.10,3581.25,3587.35,329566304
NIFTY100 ESG,20220406,3573.55,3581.35,3556.30,3564.85,350548288
NIFTY100 ESG,20220407,3557.35,3577.20,3541.95,3545.65,332381184
NIFTY100 ESG,20220408,3565.60,3588.40,3546.75,3577.95,344281152
NIFTY100 ESG,20220411,3578.15,3584.35,3564.20,3576.55,299870880
NIFTY100 ESG,20220412,3571.15,3573.25,3526.00,3544.60,338181184
NIFTY100 ESG,20220413,3560.60,3570.70,3533.65,3537.00,264581056
NIFTY100 ESG,20220418,3489.00,3492.25,3456.60,3485.15,340281760
NIFTY100 ESG,20220419,3508.85,3514.30,3396.75,3419.80,459516960
NIFTY100 ESG,20220420,3440.75,3463.30,3422.70,3452.50,340957696
NIFTY100 ESG,20220421,3471.75,3501.55,3464.00,3499.10,345558592
NIFTY100 ESG,20220422,3474.00,3486.85,3458.45,3463.30,300338336
NIFTY100 ESG,20220425,3426.90,3427.85,3402.65,3412.40,335188864
NIFTY100 ESG,20220426,3445.60,3479.25,3445.10,3475.60,292287776
NIFTY100 ESG,20220427,3451.55,3455.35,3422.45,3437.80,286962784
NIFTY100 ESG,20220428,3471.95,3488.65,3439.15,3477.95,318873632
NIFTY100 ESG,20220429,3491.15,3499.05,3428.90,3439.35,352811584
NIFTY100 ESG,20220502,3410.65,3424.05,3400.55,3421.05,278899072
NIFTY100 ESG,20220504,3423.45,3432.45,3323.30,3336.75,304380384
NIFTY100 ESG,20220505,3373.30,3388.90,3340.35,3350.10,259951776
NIFTY100 ESG,20220506,3292.70,3303.05,3272.70,3286.35,316537760
NIFTY100 ESG,20220509,3256.30,3284.80,3230.45,3264.90,308375040
NIFTY100 ESG,20220510,3258.75,3287.55,3231.00,3238.20,310198976
NIFTY100 ESG,20220511,3245.05,3264.80,3182.95,3227.65,330788768
NIFTY100 ESG,20220512,3205.50,3208.50,3144.00,3158.10,356693568
NIFTY100 ESG,20220513,3193.45,3217.85,3139.55,3149.90,434174816
NIFTY100 ESG,20220516,3168.90,3194.30,3146.95,3176.80,304691456
NIFTY100 ESG,20220517,3196.65,3249.95,3182.80,3245.50,349954816
NIFTY100 ESG,20220518,3259.25,3284.15,3240.75,3243.60,384742368
NIFTY100 ESG,20220519,3176.15,3189.45,3136.55,3143.75,318337984
NIFTY100 ESG,20220520,3194.45,3213.60,3186.50,3209.90,293916256
NIFTY100 ESG,20220523,3218.40,3241.55,3195.20,3200.25,348619424
NIFTY100 ESG,20220524,3206.55,3206.85,3161.90,3169.60,286762816
NIFTY100 ESG,20220525,3182.30,3184.85,3131.10,3136.70,268657056
NIFTY100 ESG,20220526,3153.35,3184.15,3109.45,3174.70,362144832
NIFTY100 ESG,20220527,3200.90,3213.85,3187.55,3211.30,283668256
NIFTY100 ESG,20220530,3243.55,3280.50,3241.75,3277.00,282364480
NIFTY100 ESG,20220531,3267.65,3285.15,3250.10,3263.95,694541504
NIFTY100 ESG,20220601,3266.95,3277.65,3221.50,3237.10,288806816
NIFTY100 ESG,20220602,3229.60,3249.55,3218.10,3247.10,261284992
NIFTY100 ESG,20220603,3273.60,3279.70,3217.05,3219.85,288003104
NIFTY100 ESG,20220606,3209.70,3221.95,3182.00,3213.15,255392512
NIFTY100 ESG,20220607,3192.30,3196.25,3168.90,3180.75,228835808
NIFTY100 ESG,20220608,3193.40,3201.35,3157.25,3179.10,255192096
NIFTY100 ESG,20220609,3163.15,3203.20,3151.65,3200.80,245573344
NIFTY100 ESG,20220610,3166.30,3172.95,3151.20,3156.70,234092896
NIFTY100 ESG,20220613,3097.80,3100.80,3069.15,3081.40,258972912
NIFTY100 ESG,20220614,3063.80,3104.85,3060.20,3076.15,275293952
NIFTY100 ESG,20220615,3084.30,3091.70,3072.95,3078.90,217170608
NIFTY100 ESG,20220616,3107.40,3108.95,3006.25,3014.70,291909312
NIFTY100 ESG,20220617,2995.90,3009.65,2962.75,2974.85,417350240
NIFTY100 ESG,20220620,2982.60,2996.70,2959.40,2989.80,292920384
NIFTY100 ESG,20220621,3011.70,3061.90,3006.75,3057.25,257465136
NIFTY100 ESG,20220622,3042.35,3044.80,3009.20,3015.60,254954064
NIFTY100 ESG,20220623,3025.40,3064.25,3019.60,3059.35,294832640
NIFTY100 ESG,20220624,3080.25,3094.40,3073.25,3088.85,242707776
NIFTY100 ESG,20220627,3130.60,3133.70,3111.85,3114.70,237652384
NIFTY100 ESG,20220628,3102.90,3119.20,3081.15,3113.60,266473600
NIFTY100 ESG,20220629,3083.20,3105.40,3079.55,3092.15,302548672
NIFTY100 ESG,20220630,3089.15,3106.80,3069.25,3077.70,329873824
NIFTY100 ESG,20220701,3064.85,3113.75,3052.00,3106.55,268392816
NIFTY100 ESG,20220704,3104.35,3125.05,3087.70,3122.05,217963776
NIFTY100 ESG,20220705,3136.75,3157.50,3111.40,3117.85,247854464
NIFTY100 ESG,20220706,3121.05,3174.25,3120.20,3169.65,287388576
NIFTY100 ESG,20220707,3196.65,3203.35,3182.70,3196.30,268217280
NIFTY100 ESG,20220708,3220.20,3220.45,3193.05,3208.35,266082912
NIFTY100 ESG,20220711,3191.50,3213.25,3182.30,3208.60,268180496
NIFTY100 ESG,20220712,3193.60,3203.25,3175.70,3182.30,244243056
NIFTY100 ESG,20220713,3197.80,3200.60,3166.50,3170.30,261839984
NIFTY100 ESG,20220714,3185.20,3186.40,3132.90,3155.30,243343216
NIFTY100 ESG,20220715,3167.10,3178.60,3155.30,3175.45,241838816
NIFTY100 ESG,20220718,3199.30,3227.65,3197.60,3225.30,247146800
NIFTY100 ESG,20220719,3210.50,3239.20,3210.25,3235.95,238741872
NIFTY100 ESG,20220720,3269.90,3276.80,3255.30,3261.15,291005184
NIFTY100 ESG,20220721,3262.25,3296.45,3250.85,3291.45,265052128
NIFTY100 ESG,20220722,3302.55,3307.05,3280.65,3297.10,223029824
NIFTY100 ESG,20220725,3292.45,3300.50,3275.70,3286.80,246618000
NIFTY100 ESG,20220726,3288.40,3288.75,3239.55,3243.70,232730496
NIFTY100 ESG,20220727,3242.75,3280.15,3233.75,3277.75,206084272
NIFTY100 ESG,20220728,3301.75,3348.35,3297.95,3344.10,421474080
NIFTY100 ESG,20220729,3375.15,3399.85,3370.45,3390.70,481392192
NIFTY100 ESG,20220801,3409.70,3422.85,3385.90,3420.75,410057792
NIFTY100 ESG,20220802,3416.20,3426.05,3394.95,3420.05,346788608
NIFTY100 ESG,20220803,3420.50,3427.80,3394.40,3424.15,349743712
NIFTY100 ESG,20220804,3442.65,3449.55,3387.65,3435.25,411563264
NIFTY100 ESG,20220805,3445.75,3456.30,3432.25,3436.70,543811008
NIFTY100 ESG,20220808,3441.00,3452.45,3430.25,3450.10,273861632
NIFTY100 ESG,20220810,3459.85,3459.85,3425.20,3442.05,356554208
NIFTY100 ESG,20220811,3476.20,3479.70,3466.00,3473.85,347707904
NIFTY100 ESG,20220812,3473.60,3474.30,3460.65,3466.85,308726496
NIFTY100 ESG,20220816,3485.85,3501.10,3480.10,3499.60,337368768
NIFTY100 ESG,20220817,3506.75,3539.00,3503.55,3534.90,314170912
NIFTY100 ESG,20220818,3529.65,3540.30,3520.35,3536.15,294685376
NIFTY100 ESG,20220819,3542.45,3550.95,3494.95,3502.45,319022400
NIFTY100 ESG,20220822,3488.10,3489.60,3439.35,3444.55,301373568
NIFTY100 ESG,20220823,3416.10,3459.90,3413.40,3451.25,299388352
NIFTY100 ESG,20220824,3445.90,3458.00,3429.55,3454.90,293330336
NIFTY100 ESG,20220825,3470.85,3479.55,3439.95,3445.50,267092032
NIFTY100 ESG,20220826,3467.95,3482.15,3449.00,3454.95,276603904
NIFTY100 ESG,20220829,3371.05,3413.95,3365.10,3405.10,276280800
NIFTY100 ESG,20220830,3428.30,3494.75,3426.40,3492.05,335007488
NIFTY100 ESG,20220901,3448.80,3486.75,3447.25,3469.45,344151552
NIFTY100 ESG,20220902,3486.15,3489.00,3457.50,3461.10,249008128
NIFTY100 ESG,20220905,3464.65,3474.55,3459.95,3468.20,236483712
NIFTY100 ESG,20220906,3477.25,3487.80,3453.10,3469.00,296333856
NIFTY100 ESG,20220907,3446.20,3474.95,3440.15,3472.20,397393536
NIFTY100 ESG,20220908,3497.60,3503.90,3482.55,3501.60,340271200
NIFTY100 ESG,20220909,3528.85,3528.85,3499.40,3512.00,290681184
NIFTY100 ESG,20220912,3526.00,3550.55,3525.15,3544.70,270628864
NIFTY100 ESG,20220913,3566.35,3570.20,3559.90,3565.40,296080064
NIFTY100 ESG,20220914,3499.65,3561.30,3499.65,3548.80,422730688
NIFTY100 ESG,20220915,3562.65,3567.65,3520.05,3524.75,338658176
NIFTY100 ESG,20220916,3513.40,3516.20,3430.10,3436.25,546580224
NIFTY100 ESG,20220919,3445.25,3468.25,3411.95,3456.95,334792096
NIFTY100 ESG,20220920,3485.80,3521.25,3482.35,3501.35,326822112
NIFTY100 ESG,20220921,3496.45,3509.95,3466.25,3471.20,318015936
NIFTY100 ESG,20220922,3453.65,3476.80,3439.30,3464.45,322164800
NIFTY100 ESG,20220923,3461.35,3470.90,3403.30,3408.75,412562752
NIFTY100 ESG,20220926,3382.40,3384.15,3330.90,3351.30,539386816
NIFTY100 ESG,20220927,3369.35,3384.65,3332.90,3354.70,412819072
NIFTY100 ESG,20220928,3330.95,3371.60,3322.60,3341.00,355667840
NIFTY100 ESG,20220929,3367.10,3374.95,3320.25,3327.00,383112992
NIFTY100 ESG,20220930,3323.45,3387.65,3302.75,3375.60,401091520
NIFTY100 ESG,20221003,3377.95,3378.55,3319.50,3329.05,286269984
NIFTY100 ESG,20221004,3383.75,3406.75,3378.40,3403.80,268520896
NIFTY100 ESG,20221006,3424.95,3435.30,3409.15,3413.50,300490144
NIFTY100 ESG,20221007,3412.65,3421.00,3392.95,3409.40,255103040
NIFTY100 ESG,20221010,3366.50,3401.20,3356.05,3397.15,262469440
NIFTY100 ESG,20221011,3405.60,3405.60,3330.50,3336.80,310352032
NIFTY100 ESG,20221012,3347.70,3369.15,3331.40,3364.85,288113856
NIFTY100 ESG,20221013,3360.15,3365.70,3330.45,3340.80,279744160
NIFTY100 ESG,20221014,3400.20,3400.60,3358.25,3360.95,243178160
NIFTY100 ESG,20221017,3355.15,3384.25,3346.45,3380.55,237971024
NIFTY100 ESG,20221018,3404.15,3415.10,3399.75,3410.15,237320000
NIFTY100 ESG,20221019,3424.95,3428.85,3401.20,3407.95,231003488
NIFTY100 ESG,20221020,3390.80,3430.45,3386.60,3426.50,268446752
NIFTY100 ESG,20221021,3436.40,3439.15,3405.70,3417.65,284750592
NIFTY100 ESG,20221024,3452.50,3453.55,3434.15,3438.70,48812608
NIFTY100 ESG,20221025,3449.35,3450.10,3424.55,3427.05,268452704
NIFTY100 ESG,20221027,3449.85,3452.45,3428.95,3445.55,349344416
NIFTY100 ESG,20221028,3449.95,3452.35,3432.30,3443.25,265338912
NIFTY100 ESG,20221031,3465.65,3488.60,3464.00,3486.20,284213664
NIFTY100 ESG,20221101,3502.35,3523.25,3497.90,3521.35,333234368
NIFTY100 ESG,20221102,3524.45,3524.65,3497.40,3503.75,259119376
NIFTY100 ESG,20221103,3482.45,3503.70,3478.35,3493.80,231886720
NIFTY100 ESG,20221104,3494.40,3499.40,3476.05,3494.45,282905472
NIFTY100 ESG,20221107,3510.25,3518.60,3480.60,3504.45,348596160
NIFTY100 ESG,20221109,3521.00,3521.25,3479.70,3488.70,329648864
NIFTY100 ESG,20221110,3470.80,3480.45,3445.55,3458.05,266818240
NIFTY100 ESG,20221111,3504.95,3522.40,3504.55,3512.20,395824000
NIFTY100 ESG,20221114,3520.45,3526.40,3514.00,3521.30,312666816
NIFTY100 ESG,20221115,3525.60,3537.00,3512.35,3533.05,248062336
NIFTY100 ESG,20221116,3532.55,3536.70,3512.20,3525.20,238604608
NIFTY100 ESG,20221117,3517.75,3521.30,3496.35,3501.60,204056112
NIFTY100 ESG,20221118,3509.70,3511.15,3473.35,3491.15,221655808
NIFTY100 ESG,20221121,3482.05,3484.95,3459.00,3462.60,229352448
NIFTY100 ESG,20221122,3465.80,3479.00,3457.05,3476.30,210971328
NIFTY100 ESG,20221123,3490.60,3491.80,3477.45,3481.15,195528944
NIFTY100 ESG,20221124,3494.15,3526.95,3489.00,3521.25,251151904
NIFTY100 ESG,20221125,3529.95,3532.25,3509.10,3529.15,248974000
NIFTY100 ESG,20221128,3519.70,3543.60,3518.20,3533.15,273823072
NIFTY100 ESG,20221129,3533.50,3555.45,3532.20,3543.00,272948896
NIFTY100 ESG,20221130,3546.30,3591.70,3543.90,3579.15,432317600
NIFTY100 ESG,20221201,3601.35,3604.00,3590.90,3599.45,365235424
NIFTY100 ESG,20221202,3593.45,3595.85,3567.80,3580.95,289231872
NIFTY100 ESG,20221205,3585.90,3587.75,3558.45,3576.65,312320896
NIFTY100 ESG,20221206,3562.30,3565.10,3551.40,3562.30,240627200
NIFTY100 ESG,20221207,3562.50,3565.95,3539.00,3545.30,252883840
NIFTY100 ESG,20221208,3547.60,3554.40,3541.10,3548.50,233602608
NIFTY100 ESG,20221209,3559.75,3559.85,3499.65,3518.20,267732016
NIFTY100 ESG,20221212,3504.50,3516.65,3483.20,3512.80,240676384
NIFTY100 ESG,20221213,3520.45,3532.25,3514.70,3529.45,217808768
NIFTY100 ESG,20221214,3541.30,3551.95,3539.70,3549.10,245934240
NIFTY100 ESG,20221215,3543.60,3549.50,3502.20,3508.00,218630640
NIFTY100 ESG,20221216,3488.55,3504.40,3470.95,3473.35,316594976
NIFTY100 ESG,20221219,3472.90,3504.30,3464.75,3502.10,175564592
NIFTY100 ESG,20221220,3491.05,3494.15,3460.45,3491.15,199295776
NIFTY100 ESG,20221221,3502.60,3513.55,3461.40,3467.90,224140656
NIFTY100 ESG,20221222,3482.50,3492.35,3439.40,3454.00,241987344
NIFTY100 ESG,20221223,3427.20,3436.15,3374.65,3380.80,283114368
NIFTY100 ESG,20221226,3384.20,3430.85,3371.15,3419.50,200129744
NIFTY100 ESG,20221227,3434.90,3446.45,3418.35,3443.80,225419744
NIFTY100 ESG,20221228,3436.80,3451.95,3431.30,3441.95,207467520
NIFTY100 ESG,20221229,3427.55,3456.30,3412.20,3448.75,278180064
NIFTY100 ESG,20221230,3467.55,3471.55,3433.10,3438.30,276588768
NIFTY100 ESG,20230102,3444.45,3448.15,3429.20,3442.60,327566528
NIFTY100 ESG,20230103,3441.85,3465.75,3439.10,3460.60,297948288
NIFTY100 ESG,20230104,3460.95,3462.40,3424.70,3428.80,346648192
NIFTY100 ESG,20230105,3440.55,3441.90,3402.80,3425.70,344047968
NIFTY100 ESG,20230106,3426.75,3429.10,3382.95,3391.60,329638208
NIFTY100 ESG,20230109,3411.70,3437.40,3409.20,3434.65,347435456
NIFTY100 ESG,20230110,3435.85,3436.65,3395.60,3411.40,381645664
NIFTY100 ESG,20230111,3414.05,3421.30,3395.10,3401.45,370087872
NIFTY100 ESG,20230112,3408.80,3413.45,3386.70,3404.20,374015936
NIFTY100 ESG,20230113,3407.65,3429.70,3388.50,3425.80,365772832
NIFTY100 ESG,20230116,3436.20,3442.75,3417.95,3428.85,283986336
NIFTY100 ESG,20230117,3433.45,3452.05,3426.70,3448.85,376049728
NIFTY100 ESG,20230118,3454.40,3461.15,3444.20,3459.15,415267808
NIFTY100 ESG,20230119,3448.60,3451.55,3435.70,3443.50,336341120
NIFTY100 ESG,20230120,3443.70,3445.95,3420.20,3422.90,355536512
NIFTY100 ESG,20230123,3437.15,3448.10,3430.20,3445.20,323479872
NIFTY100 ESG,20230124,3457.25,3457.25,3443.35,3449.30,363252224
NIFTY100 ESG,20230125,3442.40,3443.95,3395.80,3399.50,614219712
NIFTY100 ESG,20230127,3398.85,3401.75,3311.40,3334.85,753747456
NIFTY100 ESG,20230130,3317.70,3348.60,3290.40,3325.45,581194944
NIFTY100 ESG,20230131,3331.70,3333.55,3296.95,3323.55,587546368
NIFTY100 ESG,20230201,3348.25,3366.20,3253.70,3305.35,677502912
NIFTY100 ESG,20230202,3286.10,3311.90,3278.65,3303.65,481426464
NIFTY100 ESG,20230203,3314.75,3329.80,3290.20,3327.80,462323968
NIFTY100 ESG,20230206,3319.70,3320.80,3300.05,3317.95,388623072
NIFTY100 ESG,20230207,3319.50,3324.65,3298.75,3309.60,498817088
NIFTY100 ESG,20230208,3315.15,3342.70,3315.10,3337.40,645457920
NIFTY100 ESG,20230209,3335.80,3345.45,3322.80,3340.55,589599744
NIFTY100 ESG,20230210,3332.35,3336.30,3321.10,3334.15,510872576
NIFTY100 ESG,20230213,3331.75,3332.55,3300.45,3304.60,357587424
NIFTY100 ESG,20230214,3311.80,3319.45,3301.50,3313.35,349677952
NIFTY100 ESG,20230215,3305.25,3340.50,3301.10,3337.50,305179680
NIFTY100 ESG,20230216,3348.50,3360.75,3342.30,3347.20,334744832
NIFTY100 ESG,20230217,3334.00,3340.85,3315.70,3323.10,301835712
NIFTY100 ESG,20230220,3325.85,3335.30,3312.00,3315.50,365413376
NIFTY100 ESG,20230221,3326.05,3326.05,3300.10,3304.05,345126592
NIFTY100 ESG,20230222,3287.15,3288.50,3252.75,3258.70,326828608
NIFTY100 ESG,20230223,3263.15,3266.35,3237.55,3247.60,420078784
NIFTY100 ESG,20230224,3259.45,3264.30,3233.95,3241.05,346624480
NIFTY100 ESG,20230227,3231.50,3232.70,3196.15,3214.10,344660544
NIFTY100 ESG,20230228,3215.55,3228.70,3200.05,3206.35,538885632
NIFTY100 ESG,20230301,3212.10,3238.70,3212.05,3236.60,349239200
NIFTY100 ESG,20230302,3233.15,3236.05,3213.55,3215.65,371255008
NIFTY100 ESG,20230303,3237.10,3253.50,3231.75,3244.30,438996384
NIFTY100 ESG,20230306,3261.40,3280.00,3260.05,3267.40,437787744
NIFTY100 ESG,20230308,3257.05,3273.15,3243.70,3271.30,342059104
NIFTY100 ESG,20230309,3279.15,3280.00,3240.30,3243.45,340881120
NIFTY100 ESG,20230310,3221.45,3226.70,3203.30,3224.50,325183456
NIFTY100 ESG,20230313,3230.60,3248.10,3176.75,3183.55,360025920
NIFTY100 ESG,20230314,3184.60,3193.35,3147.75,3159.75,413452768
NIFTY100 ESG,20230315,3182.30,3188.50,3148.85,3152.55,337117248
NIFTY100 ESG,20230316,3154.70,3173.60,3132.25,3161.75,911930176
NIFTY100 ESG,20230317,3183.90,3191.85,3171.65,3183.45,641606528
NIFTY100 ESG,20230320,3175.30,3176.90,3134.90,3158.70,432503360
NIFTY100 ESG,20230321,3171.55,3177.50,3161.80,3173.40,371123392
NIFTY100 ESG,20230322,3187.65,3197.90,3182.35,3188.70,342556288
NIFTY100 ESG,20230323,3182.10,3197.45,3173.00,3180.55,326906240
NIFTY100 ESG,20230324,3184.20,3191.10,3155.20,3159.80,389961632
NIFTY100 ESG,20230327,3165.20,3174.15,3150.05,3154.45,358856800
NIFTY100 ESG,20230328,3159.85,3161.70,3129.90,3133.25,369784928
NIFTY100 ESG,20230329,3135.75,3166.95,3135.00,3159.25,482318016
NIFTY100 ESG,20230331,3182.35,3206.10,3179.50,3202.90,415115072
NIFTY100 ESG,20230403,3219.55,3219.60,3198.45,3217.45,331238400
NIFTY100 ESG,20230405,3218.60,3241.95,3215.80,3239.50,337410464
NIFTY100 ESG,20230406,3238.60,3251.30,3227.25,3246.45,329079840
NIFTY100 ESG,20230410,3254.85,3267.60,3250.35,3259.60,366663904
NIFTY100 ESG,20230411,3273.95,3282.40,3260.65,3271.00,380158976
NIFTY100 ESG,20230412,3279.75,3295.65,3271.00,3293.50,348048832
NIFTY100 ESG,20230413,3288.40,3290.65,3273.75,3286.85,376374528
NIFTY100 ESG,20230417,3274.60,3274.60,3235.05,3262.40,422036192
NIFTY100 ESG,20230418,3273.10,3276.45,3254.50,3266.75,348835456
NIFTY100 ESG,20230419,3267.45,3268.60,3244.80,3249.10,399280640
NIFTY100 ESG,20230420,3252.10,3259.50,3243.40,3248.80,293186688
NIFTY100 ESG,20230421,3253.00,3256.35,3232.95,3244.80,407377376
NIFTY100 ESG,20230424,3256.80,3264.30,3244.20,3262.60,359536032
NIFTY100 ESG,20230425,3265.70,3275.35,3259.30,3269.25,552421888
NIFTY100 ESG,20230426,3270.60,3281.50,3266.50,3279.60,356380736
NIFTY100 ESG,20230427,3280.75,3301.40,3276.65,3298.75,405009600
NIFTY100 ESG,20230428,3304.45,3335.50,3297.75,3331.40,616305344
NIFTY100 ESG,20230502,3342.25,3357.10,3338.00,3352.35,456652384
NIFTY100 ESG,20230503,3346.15,3348.65,3333.20,3340.20,365074880
NIFTY100 ESG,20230504,3341.30,3369.55,3337.00,3367.60,433596000
NIFTY100 ESG,20230505,3357.25,3374.65,3349.60,3351.90,419116128
NIFTY100 ESG,20230508,3360.50,3388.55,3358.35,3386.15,408890560
NIFTY100 ESG,20230509,3393.00,3401.80,3381.20,3389.25,439462080
NIFTY100 ESG,20230510,3398.30,3402.85,3379.90,3401.05,337600544
NIFTY100 ESG,20230511,3412.25,3413.85,3401.55,3407.85,361822368
NIFTY100 ESG,20230512,3406.90,3418.75,3394.10,3410.50,361430432
NIFTY100 ESG,20230515,3415.25,3439.70,3409.65,3427.35,343427648
NIFTY100 ESG,20230516,3433.55,3438.30,3409.70,3414.15,395658528
NIFTY100 ESG,20230517,3415.85,3418.10,3379.30,3390.80,340880672
NIFTY100 ESG,20230518,3409.05,3409.15,3373.45,3376.00,396516928
NIFTY100 ESG,20230519,3384.70,3391.65,3362.25,3388.90,403964416
NIFTY100 ESG,20230522,3391.05,3423.05,3386.35,3419.70,440133344
NIFTY100 ESG,20230523,3429.10,3439.80,3422.65,3425.80,363462976
NIFTY100 ESG,20230524,3420.30,3438.80,3416.95,3426.05,365391968
NIFTY100 ESG,20230525,3424.55,3441.00,3417.95,3437.70,463861024
NIFTY100 ESG,20230526,3443.55,3474.70,3440.25,3472.85,366435296
NIFTY100 ESG,20230529,3498.30,3501.70,3485.55,3489.90,356490304
NIFTY100 ESG,20230530,3491.85,3496.55,3480.75,3489.75,340602912
NIFTY100 ESG,20230531,3486.50,3498.25,3476.30,3491.15,1095944960
NIFTY100 ESG,20230601,3499.25,3507.90,3492.80,3496.75,398555360
NIFTY100 ESG,20230602,3507.65,3513.30,3495.65,3507.35,543750208
NIFTY100 ESG,20230605,3519.75,3524.90,3508.55,3510.50,407344768
NIFTY100 ESG,20230606,3509.60,3516.30,3498.25,3512.40,351873632
NIFTY100 ESG,20230607,3527.10,3543.25,3521.40,3541.30,408072640
NIFTY100 ESG,20230608,3543.40,3545.95,3511.35,3514.85,463389952
NIFTY100 ESG,20230609,3519.50,3523.95,3495.30,3497.45,370055008
NIFTY100 ESG,20230612,3505.25,3520.50,3498.15,3515.60,342376448
NIFTY100 ESG,20230613,3523.05,3538.70,3522.80,3536.60,395968160
NIFTY100 ESG,20230614,3543.15,3544.60,3527.30,3537.80,428802528
NIFTY100 ESG,20230615,3541.85,3550.80,3526.15,3529.25,430815744
NIFTY100 ESG,20230616,3535.20,3558.25,3532.35,3551.70,407988672
NIFTY100 ESG,20230619,3560.15,3563.55,3540.00,3546.00,354921184
