NIFTY100 Quality 30,20180716,2708.80,2712.55,2684.25,2688.40,73519608
NIFTY100 Quality 30,20180717,2691.65,2701.55,2684.40,2695.40,80273984
NIFTY100 Quality 30,20180718,2706.40,2712.95,2685.80,2693.55,71327024
NIFTY100 Quality 30,20180719,2698.20,2702.50,2684.80,2695.45,71172416
NIFTY100 Quality 30,20180720,2697.25,2711.45,2687.90,2697.15,75856304
NIFTY100 Quality 30,20180723,2707.20,2719.05,2699.90,2714.05,93966560
NIFTY100 Quality 30,20180724,2721.35,2731.15,2713.55,2728.30,78211320
NIFTY100 Quality 30,20180725,2733.85,2733.95,2713.65,2719.60,83798104
NIFTY100 Quality 30,20180726,2720.85,2733.25,2702.50,2709.50,145797472
NIFTY100 Quality 30,20180727,2724.20,2734.70,2722.30,2732.90,143543408
NIFTY100 Quality 30,20180730,2739.10,2739.40,2725.70,2732.70,83413584
NIFTY100 Quality 30,20180731,2734.50,2766.90,2725.50,2763.40,110387848
NIFTY100 Quality 30,20180801,2771.95,2777.20,2753.50,2764.35,96712656
NIFTY100 Quality 30,20180802,2762.10,2762.10,2739.90,2743.40,69409816
NIFTY100 Quality 30,20180803,2753.60,2765.00,2751.70,2762.90,76636304
NIFTY100 Quality 30,20180806,2770.45,2776.95,2759.30,2761.85,65850996
NIFTY100 Quality 30,20180807,2770.60,2779.70,2761.20,2777.50,69546232
NIFTY100 Quality 30,20180808,2783.55,2786.55,2774.75,2783.85,63288836
NIFTY100 Quality 30,20180809,2792.05,2792.25,2778.90,2783.80,61716488
NIFTY100 Quality 30,20180810,2787.30,2797.65,2782.85,2789.15,73701848
NIFTY100 Quality 30,20180813,2781.05,2789.90,2772.65,2774.50,72446504
NIFTY100 Quality 30,20180814,2779.85,2799.90,2778.60,2795.40,69145008
NIFTY100 Quality 30,20180816,2790.65,2810.05,2786.10,2794.60,75715248
NIFTY100 Quality 30,20180817,2806.75,2818.50,2804.35,2815.50,76547312
NIFTY100 Quality 30,20180820,2821.35,2825.00,2816.35,2818.85,77476944
NIFTY100 Quality 30,20180821,2826.95,2830.80,2822.25,2829.05,76288088
NIFTY100 Quality 30,20180823,2842.85,2851.35,2834.25,2849.25,75588336
NIFTY100 Quality 30,20180824,2847.00,2848.80,2826.25,2827.85,65500124
NIFTY100 Quality 30,20180827,2836.75,2850.90,2834.60,2848.50,72160568
NIFTY100 Quality 30,20180828,2855.90,2857.75,2841.95,2845.60,82536416
NIFTY100 Quality 30,20180829,2847.60,2848.50,2834.25,2836.30,81168872
NIFTY100 Quality 30,20180830,2839.30,2841.50,2829.55,2834.95,109388320
NIFTY100 Quality 30,20180831,2835.00,2853.05,2830.90,2841.70,160265056
NIFTY100 Quality 30,20180903,2858.65,2858.65,2808.70,2814.35,84978144
NIFTY100 Quality 30,20180904,2816.65,2817.75,2759.70,2767.10,105267768
NIFTY100 Quality 30,20180905,2762.10,2764.05,2731.35,2755.30,230798576
NIFTY100 Quality 30,20180906,2763.90,2764.60,2740.00,2754.05,118121272
NIFTY100 Quality 30,20180907,2763.00,2774.25,2747.05,2772.35,117901520
NIFTY100 Quality 30,20180910,2769.70,2771.05,2728.45,2731.40,106698688
NIFTY100 Quality 30,20180911,2739.15,2741.05,2681.80,2685.30,138369344
NIFTY100 Quality 30,20180912,2692.90,2713.25,2683.80,2708.20,123173824
NIFTY100 Quality 30,20180914,2724.15,2739.90,2722.40,2738.15,107180208
NIFTY100 Quality 30,20180917,2728.15,2728.15,2707.65,2713.45,70243112
NIFTY100 Quality 30,20180918,2716.90,2730.60,2696.60,2701.15,98282016
NIFTY100 Quality 30,20180919,2713.70,2714.80,2675.30,2682.80,79920672
NIFTY100 Quality 30,20180921,2682.10,2685.60,2556.25,2629.30,408426560
NIFTY100 Quality 30,20180924,2639.80,2641.00,2576.90,2583.60,189372576
NIFTY100 Quality 30,20180925,2582.90,2611.65,2564.70,2604.35,193388592
NIFTY100 Quality 30,20180926,2626.75,2626.75,2584.20,2590.30,177081936
NIFTY100 Quality 30,20180927,2598.65,2599.65,2569.25,2575.15,193750160
NIFTY100 Quality 30,20180928,2583.15,2585.85,2519.50,2542.75,244882880
NIFTY100 Quality 30,20181001,2544.75,2591.45,2528.30,2585.00,204091440
NIFTY100 Quality 30,20181003,2581.15,2581.35,2544.35,2550.90,175490880
NIFTY100 Quality 30,20181004,2521.65,2522.95,2474.60,2484.25,138404336
NIFTY100 Quality 30,20181005,2474.20,2482.65,2435.00,2448.45,127965224
NIFTY100 Quality 30,20181008,2446.60,2467.15,2421.50,2449.50,145267744
NIFTY100 Quality 30,20181009,2456.90,2463.40,2406.90,2419.40,132523264
NIFTY100 Quality 30,20181010,2427.50,2478.70,2422.45,2474.00,143891248
NIFTY100 Quality 30,20181011,2406.50,2454.55,2392.40,2433.25,183199872
NIFTY100 Quality 30,20181012,2459.10,2495.80,2456.95,2490.50,124610632
NIFTY100 Quality 30,20181015,2504.15,2504.55,2468.95,2494.75,90694872
NIFTY100 Quality 30,20181016,2504.40,2517.35,2498.35,2507.15,76808736
NIFTY100 Quality 30,20181017,2530.75,2539.35,2464.40,2467.40,120340672
NIFTY100 Quality 30,20181019,2455.05,2461.05,2428.30,2442.95,123299088
NIFTY100 Quality 30,20181022,2464.05,2464.95,2437.30,2441.85,102173296
NIFTY100 Quality 30,20181023,2417.75,2432.85,2401.70,2411.65,106838872
NIFTY100 Quality 30,20181024,2437.80,2444.90,2398.70,2426.45,114474496
NIFTY100 Quality 30,20181025,2406.00,2420.95,2399.75,2414.10,159593776
NIFTY100 Quality 30,20181026,2408.95,2414.25,2379.00,2396.95,186732352
NIFTY100 Quality 30,20181029,2406.20,2433.25,2392.65,2431.15,130374696
NIFTY100 Quality 30,20181030,2432.90,2449.35,2422.70,2434.55,122070376
NIFTY100 Quality 30,20181031,2440.10,2473.85,2413.00,2471.75,162903584
NIFTY100 Quality 30,20181101,2482.45,2482.50,2457.85,2466.85,161980304
NIFTY100 Quality 30,20181102,2485.40,2515.55,2483.80,2496.00,166035488
NIFTY100 Quality 30,20181105,2497.65,2500.20,2481.30,2492.20,77931136
NIFTY100 Quality 30,20181106,2499.60,2510.40,2479.45,2488.65,91721336
NIFTY100 Quality 30,20181107,2507.05,2509.75,2502.15,2506.05,10393412
NIFTY100 Quality 30,20181109,2513.60,2524.90,2500.55,2520.75,126458624
NIFTY100 Quality 30,20181112,2527.90,2536.55,2491.60,2496.65,96313808
NIFTY100 Quality 30,20181113,2492.10,2519.75,2486.35,2517.15,77314776
NIFTY100 Quality 30,20181114,2528.25,2537.25,2513.10,2525.90,81147360
NIFTY100 Quality 30,20181115,2526.40,2545.15,2523.10,2539.55,119397760
NIFTY100 Quality 30,20181116,2546.55,2556.10,2532.45,2546.65,157505936
NIFTY100 Quality 30,20181119,2559.55,2570.60,2552.15,2566.85,127877720
NIFTY100 Quality 30,20181120,2563.25,2563.80,2537.65,2541.05,128039432
NIFTY100 Quality 30,20181121,2546.40,2549.55,2528.60,2539.15,103346832
NIFTY100 Quality 30,20181122,2540.50,2550.05,2522.00,2525.00,94420272
NIFTY100 Quality 30,20181126,2531.55,2564.35,2515.35,2561.50,142795344
NIFTY100 Quality 30,20181127,2563.30,2571.10,2552.20,2569.30,133242832
NIFTY100 Quality 30,20181128,2573.20,2585.50,2560.70,2564.30,227733872
NIFTY100 Quality 30,20181129,2577.70,2586.25,2562.95,2582.45,429716544
NIFTY100 Quality 30,20181130,2590.20,2599.00,2573.40,2585.80,228701104
NIFTY100 Quality 30,20181203,2598.60,2606.85,2588.20,2603.25,188569568
NIFTY100 Quality 30,20181204,2603.90,2612.65,2599.35,2602.00,132574112
NIFTY100 Quality 30,20181205,2593.60,2593.85,2576.95,2585.65,123781224
NIFTY100 Quality 30,20181206,2571.45,2572.75,2536.40,2539.25,109181376
NIFTY100 Quality 30,20181207,2548.40,2561.00,2537.50,2558.95,122667048
NIFTY100 Quality 30,20181210,2518.60,2528.85,2509.75,2518.90,147541008
NIFTY100 Quality 30,20181211,2495.25,2563.10,2492.15,2553.60,175351760
NIFTY100 Quality 30,20181212,2562.00,2611.80,2556.85,2608.75,153355344
NIFTY100 Quality 30,20181213,2620.90,2637.35,2617.65,2625.35,205818864
NIFTY100 Quality 30,20181214,2619.50,2638.30,2611.65,2635.40,158658560
NIFTY100 Quality 30,20181217,2645.60,2645.65,2634.95,2643.90,104663080
NIFTY100 Quality 30,20181218,2637.30,2652.65,2628.35,2649.80,105549536
NIFTY100 Quality 30,20181219,2656.50,2673.85,2655.90,2670.90,125653224
NIFTY100 Quality 30,20181220,2654.65,2673.45,2651.40,2668.25,151032000
NIFTY100 Quality 30,20181221,2671.45,2671.70,2618.00,2621.75,157105776
NIFTY100 Quality 30,20181224,2626.45,2627.45,2585.45,2589.45,110792960
NIFTY100 Quality 30,20181226,2583.30,2598.75,2552.60,2590.20,126378120
NIFTY100 Quality 30,20181227,2611.10,2613.90,2600.55,2604.40,196219728
NIFTY100 Quality 30,20181228,2613.70,2623.30,2609.95,2617.60,95923672
NIFTY100 Quality 30,20181231,2629.50,2636.20,2619.85,2622.05,68839136
NIFTY100 Quality 30,20190101,2625.50,2626.95,2607.60,2623.50,54906600
NIFTY100 Quality 30,20190102,2614.00,2624.00,2586.40,2597.15,90842384
NIFTY100 Quality 30,20190103,2598.45,2612.90,2583.35,2585.25,81154880
NIFTY100 Quality 30,20190104,2590.75,2598.80,2569.95,2583.70,104904448
NIFTY100 Quality 30,20190107,2605.30,2610.30,2584.30,2589.00,102065440
NIFTY100 Quality 30,20190108,2595.55,2596.75,2582.45,2588.45,90050368
NIFTY100 Quality 30,20190109,2600.75,2603.00,2572.60,2594.10,132241736
NIFTY100 Quality 30,20190110,2598.05,2599.60,2589.85,2596.25,89875952
NIFTY100 Quality 30,20190111,2599.20,2601.40,2576.40,2585.25,100943608
NIFTY100 Quality 30,20190114,2591.40,2591.65,2568.00,2588.00,156325552
NIFTY100 Quality 30,20190115,2593.35,2622.40,2593.35,2620.25,150584176
NIFTY100 Quality 30,20190116,2622.60,2627.40,2611.60,2616.10,105921280
NIFTY100 Quality 30,20190117,2619.90,2623.25,2603.35,2614.85,113756304
NIFTY100 Quality 30,20190118,2616.35,2620.80,2599.20,2606.45,94509888
NIFTY100 Quality 30,20190121,2611.15,2619.35,2594.65,2599.70,89834624
NIFTY100 Quality 30,20190122,2597.15,2601.65,2577.35,2599.20,107161024
NIFTY100 Quality 30,20190123,2606.30,2606.65,2578.70,2583.25,130402768
NIFTY100 Quality 30,20190124,2586.95,2606.85,2574.95,2594.75,194555792
NIFTY100 Quality 30,20190125,2601.00,2618.40,2566.00,2572.80,241466672
NIFTY100 Quality 30,20190128,2576.65,2578.20,2530.60,2542.20,117614168
NIFTY100 Quality 30,20190129,2540.05,2556.60,2524.90,2546.85,136681328
NIFTY100 Quality 30,20190130,2561.50,2563.55,2535.45,2545.90,142213904
NIFTY100 Quality 30,20190131,2555.75,2574.95,2541.40,2571.85,199421536
NIFTY100 Quality 30,20190201,2579.70,2635.10,2578.60,2612.50,159923840
NIFTY100 Quality 30,20190204,2615.40,2618.35,2597.40,2607.65,113721008
NIFTY100 Quality 30,20190205,2608.55,2625.70,2606.85,2615.15,98678824
NIFTY100 Quality 30,20190206,2624.80,2647.60,2617.55,2643.05,95119632
NIFTY100 Quality 30,20190207,2647.90,2666.70,2644.60,2661.90,88893976
NIFTY100 Quality 30,20190208,2652.30,2666.30,2626.45,2631.20,77309880
NIFTY100 Quality 30,20190211,2632.00,2633.40,2605.70,2628.60,94109840
NIFTY100 Quality 30,20190212,2629.40,2629.65,2607.95,2611.25,81898960
NIFTY100 Quality 30,20190213,2619.05,2621.65,2581.95,2586.20,96223568
NIFTY100 Quality 30,20190214,2591.05,2609.45,2591.05,2602.75,339776896
NIFTY100 Quality 30,20190215,2611.20,2611.55,2563.45,2584.35,236988720
NIFTY100 Quality 30,20190218,2575.60,2579.40,2542.40,2559.50,173511088
NIFTY100 Quality 30,20190219,2559.10,2574.10,2539.20,2543.75,116635760
NIFTY100 Quality 30,20190220,2554.35,2569.70,2547.45,2566.65,107343216
NIFTY100 Quality 30,20190221,2570.25,2573.70,2554.80,2571.05,79600528
NIFTY100 Quality 30,20190222,2572.65,2587.00,2568.60,2583.40,107679440
NIFTY100 Quality 30,20190225,2590.10,2612.60,2585.20,2610.50,140504016
NIFTY100 Quality 30,20190226,2595.30,2619.85,2576.75,2607.25,171076560
NIFTY100 Quality 30,20190227,2617.05,2634.60,2590.50,2604.90,152525088
NIFTY100 Quality 30,20190228,2620.35,2620.35,2596.65,2602.95,203720064
NIFTY100 Quality 30,20190301,2614.15,2623.60,2609.10,2617.85,107715536
NIFTY100 Quality 30,20190305,2616.65,2651.95,2610.10,2649.60,110870160
NIFTY100 Quality 30,20190306,2657.95,2659.75,2642.45,2651.60,108716192
NIFTY100 Quality 30,20190307,2659.05,2659.05,2637.25,2640.30,93153688
NIFTY100 Quality 30,20190308,2636.45,2640.50,2628.35,2638.05,92059824
NIFTY100 Quality 30,20190311,2646.80,2677.35,2644.45,2675.30,118700592
NIFTY100 Quality 30,20190312,2688.40,2700.75,2683.70,2688.75,117478064
NIFTY100 Quality 30,20190313,2695.85,2708.20,2687.05,2706.15,171898784
NIFTY100 Quality 30,20190314,2718.05,2718.05,2697.45,2706.20,140456224
NIFTY100 Quality 30,20190315,2711.70,2719.45,2702.80,2707.10,160372192
NIFTY100 Quality 30,20190318,2717.50,2723.40,2696.35,2708.90,90341992
NIFTY100 Quality 30,20190319,2714.75,2718.35,2700.80,2715.55,100770976
NIFTY100 Quality 30,20190320,2721.70,2722.55,2702.60,2705.50,124791664
NIFTY100 Quality 30,20190322,2706.05,2718.35,2686.20,2694.15,117804464
NIFTY100 Quality 30,20190325,2682.30,2682.30,2666.50,2675.85,83638264
NIFTY100 Quality 30,20190326,2679.70,2705.85,2676.00,2701.75,84276056
NIFTY100 Quality 30,20190327,2712.20,2724.15,2703.65,2708.80,151743584
NIFTY100 Quality 30,20190328,2715.10,2740.80,2712.00,2736.55,164625040
NIFTY100 Quality 30,20190329,2749.05,2749.05,2733.25,2742.50,136335216
NIFTY100 Quality 30,20190401,2753.85,2759.60,2738.00,2742.40,110116160
NIFTY100 Quality 30,20190402,2752.00,2755.30,2741.05,2752.05,120764608
NIFTY100 Quality 30,20190403,2759.65,2768.05,2743.10,2746.85,112572032
NIFTY100 Quality 30,20190404,2752.60,2752.60,2727.80,2739.95,108653488
NIFTY100 Quality 30,20190405,2748.15,2754.05,2741.45,2749.25,81789952
NIFTY100 Quality 30,20190408,2756.25,2757.75,2724.10,2733.40,71605760
NIFTY100 Quality 30,20190409,2734.50,2751.35,2724.10,2748.30,99840768
NIFTY100 Quality 30,20190410,2747.70,2749.45,2724.60,2727.85,119161632
NIFTY100 Quality 30,20190411,2730.25,2735.35,2721.45,2732.60,90518936
NIFTY100 Quality 30,20190412,2736.90,2748.15,2731.85,2744.75,96663408
NIFTY100 Quality 30,20190415,2754.10,2762.95,2748.90,2759.65,110167240
NIFTY100 Quality 30,20190416,2769.40,2784.75,2767.45,2782.40,143519936
NIFTY100 Quality 30,20190418,2788.35,2790.55,2763.05,2765.65,97548488
NIFTY100 Quality 30,20190422,2762.05,2762.05,2730.55,2732.85,86182952
NIFTY100 Quality 30,20190423,2736.10,2744.50,2718.10,2720.25,98406280
NIFTY100 Quality 30,20190424,2725.00,2752.55,2722.75,2749.45,109627760
NIFTY100 Quality 30,20190425,2755.65,2759.20,2726.35,2729.00,180714480
NIFTY100 Quality 30,20190426,2736.25,2741.05,2722.55,2737.60,92316304
NIFTY100 Quality 30,20190430,2720.35,2720.35,2685.25,2699.25,289489696
NIFTY100 Quality 30,20190502,2690.65,2708.25,2680.45,2683.05,197645088
NIFTY100 Quality 30,20190503,2680.10,2684.70,2663.05,2666.65,122875432
NIFTY100 Quality 30,20190506,2645.75,2652.50,2627.90,2631.45,106667256
NIFTY100 Quality 30,20190507,2647.55,2652.45,2620.40,2623.20,115735888
NIFTY100 Quality 30,20190508,2621.00,2622.35,2597.10,2599.95,108530624
NIFTY100 Quality 30,20190509,2593.00,2615.30,2590.85,2608.70,155270672
NIFTY100 Quality 30,20190510,2603.75,2608.45,2584.30,2588.30,126246488
NIFTY100 Quality 30,20190513,2585.00,2593.90,2558.75,2564.55,139593056
NIFTY100 Quality 30,20190514,2561.10,2577.65,2540.30,2563.80,138252704
NIFTY100 Quality 30,20190515,2569.65,2576.15,2551.25,2555.05,163476144
NIFTY100 Quality 30,20190516,2561.20,2574.65,2551.55,2568.00,134152584
NIFTY100 Quality 30,20190517,2573.65,2617.80,2573.15,2613.40,193841392
NIFTY100 Quality 30,20190520,2662.05,2689.35,2636.25,2685.90,167553952
NIFTY100 Quality 30,20190521,2693.70,2694.05,2653.70,2659.15,126467712
NIFTY100 Quality 30,20190522,2661.30,2673.50,2645.15,2668.10,142414672
NIFTY100 Quality 30,20190523,2699.10,2714.15,2646.75,2655.10,235843200
NIFTY100 Quality 30,20190524,2671.20,2692.70,2651.60,2688.55,152356608
NIFTY100 Quality 30,20190527,2694.40,2701.95,2684.45,2695.75,139430288
NIFTY100 Quality 30,20190528,2705.25,2710.10,2694.35,2699.95,191760496
NIFTY100 Quality 30,20190529,2699.70,2706.45,2688.75,2695.80,111260280
NIFTY100 Quality 30,20190530,2700.40,2712.00,2697.80,2703.45,169455824
NIFTY100 Quality 30,20190531,2718.60,2737.50,2703.05,2710.95,179993328
NIFTY100 Quality 30,20190603,2717.95,2768.20,2716.05,2764.95,123061920
NIFTY100 Quality 30,20190604,2757.85,2762.35,2739.30,2743.50,114831624
NIFTY100 Quality 30,20190606,2750.70,2750.70,2717.85,2720.80,149351584
NIFTY100 Quality 30,20190607,2725.20,2727.65,2696.70,2718.90,123852944
NIFTY100 Quality 30,20190610,2736.75,2751.50,2725.90,2734.30,137184448
NIFTY100 Quality 30,20190611,2743.50,2755.10,2736.05,2747.85,136337600
NIFTY100 Quality 30,20190612,2745.90,2746.10,2723.00,2732.00,106756576
NIFTY100 Quality 30,20190613,2721.30,2723.95,2695.90,2712.30,252196144
NIFTY100 Quality 30,20190614,2710.80,2714.05,2677.55,2682.90,209175440
NIFTY100 Quality 30,20190617,2686.25,2688.40,2654.35,2657.75,142100320
NIFTY100 Quality 30,20190618,2658.15,2666.95,2647.10,2658.25,183666192
NIFTY100 Quality 30,20190619,2670.00,2678.15,2640.15,2651.15,181211056
NIFTY100 Quality 30,20190620,2638.95,2688.70,2630.65,2685.30,216255824
NIFTY100 Quality 30,20190621,2684.55,2685.10,2654.45,2659.85,210645152
NIFTY100 Quality 30,20190624,2666.55,2670.60,2652.20,2659.80,132664408
NIFTY100 Quality 30,20190625,2656.10,2670.90,2646.20,2667.90,110124832
NIFTY100 Quality 30,20190626,2661.25,2675.20,2658.10,2669.00,121842928
NIFTY100 Quality 30,20190627,2672.05,2685.05,2668.00,2671.35,154317216
NIFTY100 Quality 30,20190628,2677.55,2678.95,2657.60,2660.30,63327544
NIFTY100 Quality 30,20190701,2671.40,2680.65,2668.75,2670.40,50333136
NIFTY100 Quality 30,20190702,2673.25,2687.70,2661.40,2684.70,55139160
NIFTY100 Quality 30,20190703,2691.25,2693.55,2681.60,2687.85,83041968
NIFTY100 Quality 30,20190704,2688.35,2697.90,2688.20,2694.05,77129648
NIFTY100 Quality 30,20190705,2698.65,2705.65,2664.30,2670.00,104645672
NIFTY100 Quality 30,20190708,2661.10,2661.10,2603.20,2608.65,77752536
NIFTY100 Quality 30,20190709,2602.00,2602.05,2571.25,2591.45,98939744
NIFTY100 Quality 30,20190710,2587.65,2601.80,2569.60,2573.25,71255544
NIFTY100 Quality 30,20190711,2585.75,2594.95,2568.10,2593.15,69170560
NIFTY100 Quality 30,20190712,2594.55,2604.85,2583.90,2587.55,71879048
NIFTY100 Quality 30,20190715,2601.95,2602.60,2580.35,2592.05,85567248
NIFTY100 Quality 30,20190716,2590.90,2608.30,2582.60,2606.50,68950592
NIFTY100 Quality 30,20190717,2606.05,2622.10,2601.90,2620.45,64412316
NIFTY100 Quality 30,20190718,2617.20,2617.55,2593.10,2595.90,68939064
NIFTY100 Quality 30,20190719,2603.70,2606.90,2545.50,2549.55,88368384
NIFTY100 Quality 30,20190722,2546.75,2552.55,2527.05,2544.35,73174720
NIFTY100 Quality 30,20190723,2549.60,2558.45,2540.70,2546.60,75716808
NIFTY100 Quality 30,20190724,2544.25,2552.00,2513.15,2522.10,74941096
NIFTY100 Quality 30,20190725,2526.05,2540.50,2519.75,2522.25,108162424
NIFTY100 Quality 30,20190726,2519.70,2550.50,2511.55,2545.35,65393588
NIFTY100 Quality 30,20190729,2532.90,2537.10,2507.95,2512.45,82569712
NIFTY100 Quality 30,20190730,2513.20,2526.00,2481.00,2484.45,105459344
NIFTY100 Quality 30,20190731,2479.65,2513.80,2460.90,2509.25,102288736
NIFTY100 Quality 30,20190801,2494.50,2505.10,2470.55,2490.95,85184544
NIFTY100 Quality 30,20190802,2478.90,2516.40,2462.15,2501.65,93222400
NIFTY100 Quality 30,20190805,2484.20,2498.90,2467.55,2490.95,92985656
NIFTY100 Quality 30,20190806,2483.90,2532.50,2483.65,2525.10,101584192
NIFTY100 Quality 30,20190807,2525.00,2533.50,2504.25,2508.60,104803056
NIFTY100 Quality 30,20190808,2521.10,2560.15,2514.35,2555.50,106144800
NIFTY100 Quality 30,20190809,2562.50,2589.75,2560.10,2579.30,105712424
NIFTY100 Quality 30,20190813,2581.45,2581.55,2529.50,2532.95,109438440
NIFTY100 Quality 30,20190814,2544.75,2552.95,2525.70,2542.25,101174584
NIFTY100 Quality 30,20190816,2535.45,2555.70,2511.70,2553.55,99502840
NIFTY100 Quality 30,20190819,2564.05,2574.35,2545.10,2548.80,73336000
NIFTY100 Quality 30,20190820,2555.55,2559.50,2537.70,2550.55,92105296
NIFTY100 Quality 30,20190821,2550.25,2554.60,2528.00,2530.85,85917072
NIFTY100 Quality 30,20190822,2527.00,2529.45,2506.00,2509.00,93766704
NIFTY100 Quality 30,20190823,2506.55,2530.30,2495.20,2519.55,109285280
NIFTY100 Quality 30,20190826,2555.00,2556.85,2496.50,2553.05,96639808
NIFTY100 Quality 30,20190827,2562.15,2580.65,2551.95,2564.20,116040656
NIFTY100 Quality 30,20190828,2561.45,2570.05,2545.35,2557.80,83798928
NIFTY100 Quality 30,20190829,2546.25,2567.55,2539.85,2556.05,114002424
NIFTY100 Quality 30,20190830,2565.60,2586.10,2545.45,2581.80,100474360
NIFTY100 Quality 30,20190903,2571.30,2577.20,2538.15,2544.05,79682008
NIFTY100 Quality 30,20190904,2546.65,2554.60,2514.15,2531.70,76214624
NIFTY100 Quality 30,20190905,2538.85,2553.70,2536.85,2544.65,93058112
NIFTY100 Quality 30,20190906,2553.20,2566.20,2544.40,2564.80,101052912
NIFTY100 Quality 30,20190909,2560.55,2575.80,2549.80,2574.50,60517984
NIFTY100 Quality 30,20190911,2579.05,2589.10,2576.55,2583.85,77996832
NIFTY100 Quality 30,20190912,2587.40,2594.50,2568.50,2570.70,70687424
NIFTY100 Quality 30,20190913,2575.35,2591.05,2563.35,2588.60,76262216
NIFTY100 Quality 30,20190916,2577.60,2597.80,2573.35,2595.40,64883844
NIFTY100 Quality 30,20190917,2597.05,2597.20,2554.20,2557.10,76770016
NIFTY100 Quality 30,20190918,2568.45,2570.10,2547.40,2559.40,71587296
NIFTY100 Quality 30,20190919,2560.85,2560.85,2527.15,2534.80,77081000
NIFTY100 Quality 30,20190920,2543.60,2697.05,2531.40,2682.35,249994416
NIFTY100 Quality 30,20190923,2731.95,2784.50,2731.50,2756.70,177578992
NIFTY100 Quality 30,20190924,2760.40,2767.55,2739.00,2757.75,108514584
NIFTY100 Quality 30,20190925,2752.30,2752.40,2714.20,2720.05,101336800
NIFTY100 Quality 30,20190926,2722.95,2748.55,2721.70,2745.75,149541600
NIFTY100 Quality 30,20190927,2743.90,2748.55,2729.10,2732.00,93558584
NIFTY100 Quality 30,20190930,2729.00,2730.10,2693.55,2711.60,178294240
NIFTY100 Quality 30,20191001,2719.70,2728.55,2667.10,2688.10,174465440
NIFTY100 Quality 30,20191003,2686.05,2690.05,2662.55,2669.80,116627496
NIFTY100 Quality 30,20191004,2682.00,2685.90,2633.30,2637.00,108587120
NIFTY100 Quality 30,20191007,2637.60,2639.70,2613.25,2618.70,121759432
NIFTY100 Quality 30,20191009,2620.25,2642.40,2603.50,2640.85,117389248
NIFTY100 Quality 30,20191010,2635.65,2637.50,2614.70,2618.80,163158096
NIFTY100 Quality 30,20191011,2619.80,2642.60,2609.85,2637.80,208991856
NIFTY100 Quality 30,20191014,2640.05,2660.05,2633.90,2648.55,125350432
NIFTY100 Quality 30,20191015,2655.00,2684.85,2650.30,2676.05,118696192
NIFTY100 Quality 30,20191016,2682.90,2684.45,2668.05,2677.60,122969496
NIFTY100 Quality 30,20191017,2677.85,2717.05,2672.65,2714.70,159422608
NIFTY100 Quality 30,20191018,2714.15,2741.10,2710.70,2736.70,148968416
NIFTY100 Quality 30,20191022,2731.35,2744.55,2706.50,2709.90,244104464
NIFTY100 Quality 30,20191023,2711.70,2736.80,2703.50,2728.05,183215568
NIFTY100 Quality 30,20191024,2744.85,2749.70,2718.45,2725.65,143742608
NIFTY100 Quality 30,20191025,2739.00,2739.35,2704.20,2717.45,139827616
NIFTY100 Quality 30,20191029,2725.20,2767.15,2715.25,2764.45,148295152
NIFTY100 Quality 30,20191030,2784.05,2784.05,2756.85,2770.90,159334032
NIFTY100 Quality 30,20191031,2778.65,2791.75,2777.15,2783.50,151425344
NIFTY100 Quality 30,20191101,2789.85,2799.05,2775.30,2781.45,137255760
NIFTY100 Quality 30,20191104,2786.40,2795.30,2770.15,2777.45,131631720
NIFTY100 Quality 30,20191105,2782.65,2783.40,2760.20,2776.55,130903544
NIFTY100 Quality 30,20191106,2771.60,2781.45,2755.80,2769.00,152315856
NIFTY100 Quality 30,20191107,2782.10,2789.75,2767.90,2786.80,174788736
NIFTY100 Quality 30,20191108,2785.70,2789.40,2757.50,2760.50,149121472
NIFTY100 Quality 30,20191111,2755.60,2763.55,2743.85,2749.15,112192824
NIFTY100 Quality 30,20191113,2756.85,2765.40,2729.65,2734.65,127103408
NIFTY100 Quality 30,20191114,2736.65,2738.80,2723.05,2730.60,122721920
NIFTY100 Quality 30,20191115,2739.50,2744.50,2713.25,2716.35,102266312
NIFTY100 Quality 30,20191118,2718.65,2722.30,2699.15,2702.00,94482680
NIFTY100 Quality 30,20191119,2710.40,2711.00,2690.60,2695.00,87121376
NIFTY100 Quality 30,20191120,2701.65,2713.00,2693.10,2711.05,87506512
NIFTY100 Quality 30,20191121,2716.60,2717.50,2695.90,2698.45,121776176
NIFTY100 Quality 30,20191122,2697.25,2697.80,2668.35,2677.50,133005616
NIFTY100 Quality 30,20191125,2680.70,2716.45,2680.10,2713.15,111910584
NIFTY100 Quality 30,20191126,2722.00,2732.20,2694.40,2697.60,221820992
NIFTY100 Quality 30,20191127,2705.50,2723.65,2703.65,2721.45,84038312
NIFTY100 Quality 30,20191128,2727.15,2734.70,2718.90,2732.20,223465376
NIFTY100 Quality 30,20191129,2735.10,2737.45,2702.45,2712.40,233367984
NIFTY100 Quality 30,20191202,2717.10,2718.05,2686.80,2696.95,158768336
NIFTY100 Quality 30,20191203,2700.10,2702.20,2683.00,2688.40,107206688
NIFTY100 Quality 30,20191204,2684.45,2697.75,2679.45,2694.80,100449032
NIFTY100 Quality 30,20191205,2697.55,2701.75,2685.80,2689.65,83610368
NIFTY100 Quality 30,20191206,2696.15,2699.00,2662.10,2666.80,93466000
NIFTY100 Quality 30,20191209,2675.60,2676.05,2656.40,2659.20,95882264
NIFTY100 Quality 30,20191210,2663.70,2663.80,2637.70,2640.20,111751480
NIFTY100 Quality 30,20191211,2645.50,2654.00,2638.15,2651.50,110436624
NIFTY100 Quality 30,20191212,2659.60,2670.95,2651.95,2661.70,113587728
NIFTY100 Quality 30,20191213,2671.10,2687.75,2670.50,2685.40,136643088
NIFTY100 Quality 30,20191216,2692.50,2696.60,2670.90,2673.20,112743648
NIFTY100 Quality 30,20191217,2683.15,2694.85,2679.00,2691.25,100898720
NIFTY100 Quality 30,20191218,2697.45,2711.95,2690.75,2708.55,110164704
NIFTY100 Quality 30,20191219,2711.35,2723.10,2707.60,2716.60,85219416
NIFTY100 Quality 30,20191220,2717.95,2729.50,2714.75,2724.70,117253792
NIFTY100 Quality 30,20191223,2723.25,2736.45,2719.75,2729.85,88416424
NIFTY100 Quality 30,20191224,2732.25,2735.90,2718.75,2721.85,84078632
NIFTY100 Quality 30,20191226,2724.50,2726.95,2710.15,2712.60,102982264
NIFTY100 Quality 30,20191227,2720.95,2738.05,2714.70,2734.70,87019416
NIFTY100 Quality 30,20191230,2739.50,2751.50,2737.05,2746.75,72454224
NIFTY100 Quality 30,20191231,2745.25,2746.35,2727.70,2730.05,84322712
NIFTY100 Quality 30,20200101,2736.30,2739.25,2729.55,2731.20,49207592
NIFTY100 Quality 30,20200102,2736.75,2738.80,2730.00,2732.75,75760656
NIFTY100 Quality 30,20200103,2729.60,2732.20,2719.30,2725.25,99543808
NIFTY100 Quality 30,20200106,2716.70,2718.05,2675.10,2678.05,92527240
NIFTY100 Quality 30,20200107,2690.00,2704.60,2679.65,2684.15,89680264
NIFTY100 Quality 30,20200108,2660.95,2682.60,2658.40,2676.95,83952304
NIFTY100 Quality 30,20200109,2700.40,2708.15,2692.55,2705.70,103155064
NIFTY100 Quality 30,20200110,2716.65,2729.70,2713.85,2723.45,90494976
NIFTY100 Quality 30,20200113,2735.90,2749.75,2733.65,2748.10,108326512
NIFTY100 Quality 30,20200114,2751.40,2774.40,2747.15,2772.20,93189384
NIFTY100 Quality 30,20200115,2771.65,2782.50,2762.15,2779.65,88824960
NIFTY100 Quality 30,20200116,2781.70,2790.20,2774.25,2786.20,74270024
NIFTY100 Quality 30,20200117,2784.15,2794.10,2778.95,2786.60,73419584
NIFTY100 Quality 30,20200120,2795.20,2796.90,2761.25,2763.05,86944728
NIFTY100 Quality 30,20200121,2757.55,2759.00,2741.20,2743.20,75326176
NIFTY100 Quality 30,20200122,2751.30,2751.65,2730.05,2732.95,104529624
NIFTY100 Quality 30,20200123,2733.25,2748.60,2729.30,2746.95,105981128
NIFTY100 Quality 30,20200124,2749.85,2779.60,2747.75,2774.05,90379824
NIFTY100 Quality 30,20200127,2767.20,2776.75,2755.05,2758.10,77912712
NIFTY100 Quality 30,20200128,2764.15,2764.15,2735.55,2740.50,87869648
NIFTY100 Quality 30,20200129,2755.20,2770.05,2752.50,2767.05,95981376
NIFTY100 Quality 30,20200130,2772.05,2772.05,2726.40,2731.05,107197536
NIFTY100 Quality 30,20200131,2742.35,2742.95,2703.25,2708.15,136395648
NIFTY100 Quality 30,20200203,2660.35,2711.40,2659.75,2698.75,193091008
NIFTY100 Quality 30,20200204,2714.70,2748.80,2712.95,2743.80,153326672
NIFTY100 Quality 30,20200205,2752.85,2755.55,2736.35,2748.50,116310296
NIFTY100 Quality 30,20200206,2755.85,2764.95,2742.50,2754.55,193400176
NIFTY100 Quality 30,20200207,2764.95,2765.95,2753.20,2761.60,128256808
NIFTY100 Quality 30,20200210,2764.25,2764.70,2735.70,2742.90,91237560
NIFTY100 Quality 30,20200211,2759.90,2767.45,2748.85,2751.25,146781840
NIFTY100 Quality 30,20200212,2756.70,2781.00,2755.85,2771.85,136756320
NIFTY100 Quality 30,20200213,2773.70,2774.40,2757.00,2766.15,88948192
NIFTY100 Quality 30,20200214,2765.95,2776.10,2733.10,2738.90,100348712
NIFTY100 Quality 30,20200217,2743.25,2746.30,2721.95,2723.80,90473808
NIFTY100 Quality 30,20200218,2721.55,2721.55,2693.90,2715.55,120756288
NIFTY100 Quality 30,20200219,2737.45,2753.95,2731.00,2752.15,128303688
NIFTY100 Quality 30,20200220,2754.05,2763.20,2743.15,2745.20,170727504
NIFTY100 Quality 30,20200224,2731.95,2732.70,2689.75,2693.60,136563920
NIFTY100 Quality 30,20200225,2706.10,2715.85,2686.25,2689.35,120973648
NIFTY100 Quality 30,20200226,2680.90,2687.30,2655.60,2663.90,122355592
NIFTY100 Quality 30,20200227,2663.80,2664.75,2635.70,2660.15,121100024
NIFTY100 Quality 30,20200228,2609.60,2613.05,2563.45,2569.10,183359424
NIFTY100 Quality 30,20200302,2608.65,2629.20,2548.20,2566.50,169066304
NIFTY100 Quality 30,20200303,2583.10,2616.00,2568.65,2606.45,147232272
NIFTY100 Quality 30,20200304,2618.65,2625.60,2567.55,2606.40,160736848
NIFTY100 Quality 30,20200305,2620.55,2646.55,2619.55,2625.40,138300688
NIFTY100 Quality 30,20200306,2555.20,2591.00,2538.30,2580.95,156158608
NIFTY100 Quality 30,20200309,2531.70,2537.00,2450.05,2475.35,175937408
NIFTY100 Quality 30,20200311,2453.85,2493.65,2448.15,2473.70,212188000
NIFTY100 Quality 30,20200312,2393.85,2396.05,2273.65,2297.65,270366336
NIFTY100 Quality 30,20200313,2179.55,2375.75,2034.65,2315.00,283888672
NIFTY100 Quality 30,20200316,2254.55,2257.20,2160.70,2175.40,190662224
NIFTY100 Quality 30,20200317,2186.95,2244.00,2153.90,2172.55,213008144
NIFTY100 Quality 30,20200318,2201.85,2211.35,2052.30,2062.45,293490784
NIFTY100 Quality 30,20200319,1975.25,2063.80,1916.25,1991.85,345208032
NIFTY100 Quality 30,20200320,2005.45,2144.40,1988.50,2112.85,390495296
NIFTY100 Quality 30,20200323,1939.95,1979.00,1868.10,1877.50,218603312
NIFTY100 Quality 30,20200324,1918.85,1979.75,1874.60,1938.40,245880032
NIFTY100 Quality 30,20200325,1912.10,2012.25,1907.60,2001.85,233904784
NIFTY100 Quality 30,20200326,2032.75,2102.75,2005.85,2086.10,276017152
NIFTY100 Quality 30,20200327,2150.50,2170.10,2045.15,2070.95,240119056
NIFTY100 Quality 30,20200330,2020.55,2070.05,2007.85,2033.30,175837616
NIFTY100 Quality 30,20200331,2083.10,2119.55,2044.50,2107.05,205672416
NIFTY100 Quality 30,20200401,2105.15,2106.30,2034.10,2043.55,164017808
NIFTY100 Quality 30,20200403,2057.40,2057.80,1994.15,1998.05,216668000
NIFTY100 Quality 30,20200407,2067.25,2171.35,2057.85,2166.05,231898400
NIFTY100 Quality 30,20200408,2142.75,2247.20,2137.55,2171.05,248166864
NIFTY100 Quality 30,20200409,2222.25,2238.50,2200.40,2233.70,211888336
NIFTY100 Quality 30,20200413,2227.20,2229.05,2181.60,2203.45,170850528
NIFTY100 Quality 30,20200415,2237.30,2280.25,2222.85,2241.65,259073632
NIFTY100 Quality 30,20200416,2222.00,2258.10,2202.65,2242.70,237852480
NIFTY100 Quality 30,20200417,2305.60,2306.75,2239.90,2258.85,256806912
NIFTY100 Quality 30,20200420,2283.15,2284.25,2242.00,2247.00,211832112
NIFTY100 Quality 30,20200421,2200.50,2227.35,2193.75,2213.50,211868768
NIFTY100 Quality 30,20200422,2208.60,2270.85,2201.00,2267.35,206441520
NIFTY100 Quality 30,20200423,2271.75,2303.55,2265.35,2277.80,193751312
NIFTY100 Quality 30,20200424,2261.30,2277.90,2244.45,2248.35,160822352
NIFTY100 Quality 30,20200427,2267.65,2291.35,2265.05,2286.10,148905040
NIFTY100 Quality 30,20200428,2306.45,2309.00,2265.10,2276.25,187004400
NIFTY100 Quality 30,20200429,2286.45,2294.70,2277.45,2287.90,241413488
NIFTY100 Quality 30,20200430,2329.95,2359.20,2316.45,2350.15,220598720
NIFTY100 Quality 30,20200504,2281.05,2282.45,2223.30,2225.85,182268496
NIFTY100 Quality 30,20200505,2254.30,2261.15,2192.50,2195.20,170544144
NIFTY100 Quality 30,20200506,2198.25,2213.20,2161.45,2196.85,213573312
NIFTY100 Quality 30,20200507,2189.65,2191.55,2161.15,2164.00,359622624
NIFTY100 Quality 30,20200508,2201.60,2201.60,2179.30,2181.85,178859296
NIFTY100 Quality 30,20200511,2201.70,2218.65,2197.05,2199.75,146666752
NIFTY100 Quality 30,20200512,2187.25,2205.45,2163.10,2200.15,193045216
NIFTY100 Quality 30,20200513,2274.90,2274.95,2215.85,2220.75,204658688
NIFTY100 Quality 30,20200514,2193.40,2218.00,2187.10,2199.70,205184400
NIFTY100 Quality 30,20200515,2209.60,2209.65,2179.40,2193.70,142766576
NIFTY100 Quality 30,20200518,2196.35,2197.20,2138.00,2140.90,200608880
NIFTY100 Quality 30,20200519,2158.65,2168.90,2142.60,2149.30,168976432
NIFTY100 Quality 30,20200520,2149.40,2184.85,2145.95,2178.40,175865040
NIFTY100 Quality 30,20200521,2185.85,2212.45,2178.65,2206.95,200497024
NIFTY100 Quality 30,20200522,2198.90,2214.95,2183.25,2203.75,197303696
NIFTY100 Quality 30,20200526,2218.60,2231.40,2204.35,2210.40,177191648
NIFTY100 Quality 30,20200527,2218.15,2241.45,2190.00,2239.10,189606192
NIFTY100 Quality 30,20200528,2246.50,2289.90,2234.75,2284.20,215557968
NIFTY100 Quality 30,20200529,2268.50,2342.30,2261.40,2335.80,258566992
NIFTY100 Quality 30,20200601,2358.95,2397.45,2355.85,2381.90,215789392
NIFTY100 Quality 30,20200602,2392.15,2404.30,2378.05,2391.85,182706144
NIFTY100 Quality 30,20200603,2419.40,2434.70,2401.75,2407.35,189109360
NIFTY100 Quality 30,20200604,2409.60,2427.60,2381.35,2400.80,197438896
NIFTY100 Quality 30,20200605,2416.30,2419.55,2393.80,2407.90,156828000
NIFTY100 Quality 30,20200608,2440.55,2440.55,2412.40,2417.90,230189280
NIFTY100 Quality 30,20200609,2424.45,2447.50,2400.85,2406.55,263649920
NIFTY100 Quality 30,20200610,2411.00,2418.85,2393.30,2402.85,225089840
NIFTY100 Quality 30,20200611,2400.95,2411.80,2359.50,2363.00,219125984
NIFTY100 Quality 30,20200612,2286.35,2376.45,2286.20,2372.25,219611552
NIFTY100 Quality 30,20200615,2369.85,2376.00,2329.60,2338.20,181956240
NIFTY100 Quality 30,20200616,2375.45,2379.40,2322.65,2347.00,201596544
NIFTY100 Quality 30,20200617,2341.15,2362.90,2336.70,2347.25,174777104
NIFTY100 Quality 30,20200618,2344.50,2373.40,2341.05,2367.45,179229776
NIFTY100 Quality 30,20200619,2376.05,2392.00,2365.70,2388.05,313455808
NIFTY100 Quality 30,20200622,2404.35,2431.00,2398.25,2422.45,243961744
NIFTY100 Quality 30,20200623,2434.90,2465.35,2431.05,2461.30,240285568
NIFTY100 Quality 30,20200624,2476.35,2499.50,2451.10,2456.95,269640096
NIFTY100 Quality 30,20200625,2441.75,2473.50,2435.10,2457.90,349599072
NIFTY100 Quality 30,20200626,2478.65,2486.50,2463.75,2472.15,223635968
NIFTY100 Quality 30,20200629,2464.60,2467.85,2443.40,2456.10,218120208
NIFTY100 Quality 30,20200630,2473.90,2478.75,2457.35,2460.25,152913568
NIFTY100 Quality 30,20200701,2466.65,2470.40,2456.65,2467.20,144967696
NIFTY100 Quality 30,20200702,2481.20,2500.85,2476.85,2498.25,165085296
NIFTY100 Quality 30,20200703,2508.65,2520.15,2502.55,2516.45,133149200
NIFTY100 Quality 30,20200706,2536.05,2546.90,2530.00,2540.95,152487344
NIFTY100 Quality 30,20200707,2551.30,2572.30,2535.55,2568.60,201847440
NIFTY100 Quality 30,20200708,2574.25,2580.15,2535.90,2542.45,209059328
NIFTY100 Quality 30,20200709,2551.35,2557.05,2537.85,2546.85,145660016
NIFTY100 Quality 30,20200710,2538.60,2552.20,2531.85,2541.80,136881056
NIFTY100 Quality 30,20200713,2557.50,2568.55,2551.25,2561.65,132871760
NIFTY100 Quality 30,20200714,2554.90,2556.75,2520.50,2526.15,130499392
NIFTY100 Quality 30,20200715,2541.85,2569.60,2538.55,2544.55,163879488
NIFTY100 Quality 30,20200716,2568.15,2575.55,2540.45,2571.20,241774784
NIFTY100 Quality 30,20200717,2577.60,2602.75,2575.95,2597.45,170963232
NIFTY100 Quality 30,20200720,2619.90,2642.05,2609.90,2637.70,177624384
NIFTY100 Quality 30,20200721,2654.40,2659.55,2625.60,2627.60,172545440
NIFTY100 Quality 30,20200722,2636.65,2637.45,2593.35,2607.60,164705680
NIFTY100 Quality 30,20200723,2610.65,2626.10,2603.65,2622.10,128981064
NIFTY100 Quality 30,20200724,2606.95,2621.60,2589.00,2618.55,197512560
NIFTY100 Quality 30,20200727,2622.10,2626.55,2596.35,2614.75,149381184
NIFTY100 Quality 30,20200728,2621.45,2651.45,2621.20,2648.45,165729952
NIFTY100 Quality 30,20200729,2646.00,2661.40,2632.70,2640.95,152315392
NIFTY100 Quality 30,20200730,2652.90,2663.95,2622.70,2627.55,126262312
NIFTY100 Quality 30,20200731,2638.70,2651.95,2625.30,2635.70,123067112
NIFTY100 Quality 30,20200803,2640.80,2644.90,2609.60,2612.45,109344528
NIFTY100 Quality 30,20200804,2628.95,2633.20,2616.25,2622.85,144023888
NIFTY100 Quality 30,20200805,2634.40,2645.85,2617.95,2627.55,153425840
NIFTY100 Quality 30,20200806,2643.05,2659.70,2635.75,2656.40,132763344
NIFTY100 Quality 30,20200807,2654.15,2679.00,2647.60,2672.55,134022160
NIFTY100 Quality 30,20200810,2680.35,2687.05,2662.70,2666.55,125623912
NIFTY100 Quality 30,20200811,2676.30,2692.55,2663.30,2665.60,155818560
NIFTY100 Quality 30,20200812,2662.95,2676.20,2654.15,2673.90,132984464
NIFTY100 Quality 30,20200813,2682.80,2689.90,2670.30,2675.55,127080136
NIFTY100 Quality 30,20200814,2684.70,2684.90,2639.15,2646.20,133561352
NIFTY100 Quality 30,20200817,2665.35,2688.85,2643.45,2684.55,113057864
NIFTY100 Quality 30,20200818,2689.50,2712.10,2688.85,2706.90,111759112
NIFTY100 Quality 30,20200819,2717.60,2720.80,2698.95,2701.25,100866080
NIFTY100 Quality 30,20200820,2687.90,2706.55,2679.45,2698.25,106637024
NIFTY100 Quality 30,20200821,2719.60,2729.55,2711.25,2722.30,108771552
NIFTY100 Quality 30,20200824,2731.15,2744.70,2730.10,2733.70,119570352
NIFTY100 Quality 30,20200825,2744.25,2747.40,2724.15,2738.60,120045992
NIFTY100 Quality 30,20200826,2752.00,2753.50,2738.00,2748.45,139640224
NIFTY100 Quality 30,20200827,2761.05,2761.60,2741.45,2746.35,169526464
NIFTY100 Quality 30,20200828,2755.75,2757.35,2738.20,2740.80,176600176
NIFTY100 Quality 30,20200831,2758.95,2763.25,2659.80,2669.75,287308544
NIFTY100 Quality 30,20200901,2684.65,2700.60,2665.75,2691.20,176416384
NIFTY100 Quality 30,20200902,2698.30,2713.75,2684.20,2703.30,117989784
NIFTY100 Quality 30,20200903,2713.00,2732.35,2708.30,2726.45,118439360
NIFTY100 Quality 30,20200904,2690.70,2717.75,2683.90,2690.30,139111408
NIFTY100 Quality 30,20200907,2697.25,2703.65,2666.75,2696.85,116525736
NIFTY100 Quality 30,20200908,2701.15,2720.30,2688.20,2693.10,122288256
NIFTY100 Quality 30,20200909,2673.85,2691.50,2669.75,2687.20,121818800
NIFTY100 Quality 30,20200910,2702.75,2706.95,2681.20,2704.40,106935792
NIFTY100 Quality 30,20200911,2701.90,2720.55,2701.40,2717.85,119681736
NIFTY100 Quality 30,20200914,2737.30,2757.70,2728.45,2742.70,172070800
NIFTY100 Quality 30,20200915,2749.75,2754.70,2736.55,2748.40,144070544
NIFTY100 Quality 30,20200916,2755.15,2766.65,2749.60,2763.70,149964368
NIFTY100 Quality 30,20200917,2754.00,2769.00,2750.10,2753.95,146481360
NIFTY100 Quality 30,20200918,2766.90,2767.05,2740.00,2748.70,153294400
NIFTY100 Quality 30,20200921,2752.45,2758.85,2677.75,2686.25,157137232
NIFTY100 Quality 30,20200922,2694.05,2696.25,2635.45,2667.50,151792416
NIFTY100 Quality 30,20200923,2682.75,2694.90,2648.20,2670.50,181096448
NIFTY100 Quality 30,20200924,2650.55,2650.60,2600.10,2605.25,160911936
NIFTY100 Quality 30,20200925,2629.65,2677.05,2624.30,2671.45,164399360
NIFTY100 Quality 30,20200928,2690.90,2722.40,2678.70,2719.00,127150192
NIFTY100 Quality 30,20200929,2734.30,2744.80,2703.70,2707.30,139357232
NIFTY100 Quality 30,20200930,2711.45,2736.00,2702.50,2725.80,128818848
NIFTY100 Quality 30,20201001,2751.75,2768.75,2748.10,2763.50,155575584
NIFTY100 Quality 30,20201005,2783.20,2791.30,2769.10,2785.75,173089904
NIFTY100 Quality 30,20201006,2807.80,2808.95,2790.20,2801.90,146547792
NIFTY100 Quality 30,20201007,2802.55,2822.10,2795.00,2818.10,138905280
NIFTY100 Quality 30,20201008,2842.90,2852.05,2826.80,2837.95,186859136
NIFTY100 Quality 30,20201009,2840.70,2847.80,2827.80,2839.50,148531552
NIFTY100 Quality 30,20201012,2854.65,2857.05,2827.65,2839.15,158629616
NIFTY100 Quality 30,20201013,2840.80,2859.30,2830.55,2838.30,150183120
NIFTY100 Quality 30,20201014,2838.75,2839.20,2817.00,2833.65,164135152
NIFTY100 Quality 30,20201015,2846.20,2846.65,2779.75,2785.90,187874976
NIFTY100 Quality 30,20201016,2795.75,2812.35,2773.25,2797.20,149281968
NIFTY100 Quality 30,20201019,2817.65,2819.15,2802.95,2815.05,140163872
NIFTY100 Quality 30,20201020,2812.05,2834.30,2806.15,2829.15,138297056
NIFTY100 Quality 30,20201021,2840.70,2847.15,2786.00,2813.10,169814176
NIFTY100 Quality 30,20201022,2803.50,2812.60,2786.75,2801.40,146563440
NIFTY100 Quality 30,20201023,2814.65,2824.45,2808.95,2819.00,112120800
NIFTY100 Quality 30,20201026,2825.25,2827.00,2771.20,2781.55,120691800
NIFTY100 Quality 30,20201027,2788.70,2826.55,2780.25,2822.50,159350384
NIFTY100 Quality 30,20201028,2829.50,2832.25,2786.55,2795.65,123166960
NIFTY100 Quality 30,20201029,2777.90,2795.80,2768.20,2789.45,133017392
NIFTY100 Quality 30,20201030,2790.40,2808.55,2755.90,2772.75,125075640
NIFTY100 Quality 30,20201102,2785.25,2789.85,2757.80,2776.40,131187736
NIFTY100 Quality 30,20201103,2791.00,2815.70,2789.55,2796.40,143138576
NIFTY100 Quality 30,20201104,2799.50,2837.60,2797.65,2823.20,146137664
NIFTY100 Quality 30,20201105,2854.00,2880.90,2850.65,2876.75,142237696
NIFTY100 Quality 30,20201106,2881.45,2893.20,2869.30,2889.80,181272800
NIFTY100 Quality 30,20201109,2917.95,2926.10,2900.65,2923.40,155184448
NIFTY100 Quality 30,20201110,2930.80,2930.80,2894.65,2912.25,240800288
NIFTY100 Quality 30,20201111,2923.50,2943.45,2901.95,2940.25,244317344
NIFTY100 Quality 30,20201112,2940.40,2949.55,2926.50,2942.80,200741024
NIFTY100 Quality 30,20201113,2940.15,2957.95,2935.00,2953.85,150646176
NIFTY100 Quality 30,20201117,2986.50,2986.50,2957.45,2975.65,139019744
NIFTY100 Quality 30,20201118,2973.05,2974.15,2951.75,2971.80,145246144
NIFTY100 Quality 30,20201119,2961.05,2997.10,2944.55,2950.95,202249408
NIFTY100 Quality 30,20201120,2964.90,2991.10,2960.80,2986.90,176434640
NIFTY100 Quality 30,20201123,3003.70,3026.60,2994.00,3023.10,162970000
NIFTY100 Quality 30,20201124,3033.85,3054.95,3031.85,3049.00,171437728
NIFTY100 Quality 30,20201125,3058.80,3061.00,2992.00,2999.45,160304928
NIFTY100 Quality 30,20201126,3005.10,3028.15,2979.20,3020.05,136655872
NIFTY100 Quality 30,20201127,3034.30,3050.05,3013.30,3036.30,260744256
NIFTY100 Quality 30,20201201,3063.85,3064.30,3040.20,3060.35,117728448
NIFTY100 Quality 30,20201202,3064.90,3084.85,3048.75,3082.95,137810672
NIFTY100 Quality 30,20201203,3106.75,3111.15,3090.15,3108.15,165716816
NIFTY100 Quality 30,20201204,3115.40,3133.05,3110.20,3130.25,129299976
NIFTY100 Quality 30,20201207,3127.85,3148.65,3127.35,3145.75,129375704
NIFTY100 Quality 30,20201208,3151.65,3162.30,3123.35,3141.55,140073872
NIFTY100 Quality 30,20201209,3158.05,3167.35,3152.95,3164.95,132389000
NIFTY100 Quality 30,20201210,3161.50,3184.20,3149.20,3178.55,159588512
NIFTY100 Quality 30,20201211,3184.10,3196.80,3161.55,3183.10,167600480
NIFTY100 Quality 30,20201214,3198.05,3200.95,3177.65,3194.15,127820976
NIFTY100 Quality 30,20201215,3189.45,3205.45,3177.05,3201.90,124313400
NIFTY100 Quality 30,20201216,3220.20,3233.20,3216.20,3230.35,108398600
NIFTY100 Quality 30,20201217,3230.55,3247.25,3223.30,3237.65,112772080
NIFTY100 Quality 30,20201218,3247.25,3258.50,3230.60,3250.85,149605792
NIFTY100 Quality 30,20201221,3247.05,3253.95,3102.95,3153.90,161179088
NIFTY100 Quality 30,20201222,3160.75,3212.90,3111.35,3203.05,166719488
NIFTY100 Quality 30,20201223,3210.25,3239.65,3204.75,3236.35,123213984
NIFTY100 Quality 30,20201224,3254.80,3259.40,3221.95,3245.40,101104976
NIFTY100 Quality 30,20201228,3260.85,3271.20,3255.60,3268.65,81603656
NIFTY100 Quality 30,20201229,3278.60,3291.45,3268.85,3282.85,133745432
NIFTY100 Quality 30,20201230,3294.90,3306.15,3274.85,3301.15,110420128
NIFTY100 Quality 30,20201231,3298.85,3304.10,3288.20,3301.25,104772368
NIFTY100 Quality 30,20210101,3304.95,3320.95,3303.60,3315.70,67790064
NIFTY100 Quality 30,20210104,3334.50,3352.00,3311.05,3349.15,113317296
NIFTY100 Quality 30,20210105,3340.90,3375.60,3329.30,3369.45,120658416
NIFTY100 Quality 30,20210106,3377.95,3381.50,3322.75,3350.55,160258432
NIFTY100 Quality 30,20210107,3371.65,3372.15,3332.60,3336.30,130825368
NIFTY100 Quality 30,20210108,3363.25,3406.50,3359.60,3401.55,185119104
NIFTY100 Quality 30,20210111,3431.40,3453.50,3417.50,3450.20,176890800
NIFTY100 Quality 30,20210112,3450.40,3459.50,3434.00,3446.85,152906512
NIFTY100 Quality 30,20210113,3460.80,3462.55,3405.60,3435.65,171668160
NIFTY100 Quality 30,20210114,3435.75,3447.20,3410.20,3441.55,178223776
NIFTY100 Quality 30,20210115,3441.45,3446.25,3376.55,3388.85,172812192
NIFTY100 Quality 30,20210118,3388.20,3390.35,3339.75,3355.80,185445296
NIFTY100 Quality 30,20210119,3376.15,3406.40,3369.80,3400.70,106930312
NIFTY100 Quality 30,20210120,3406.55,3434.15,3402.65,3425.35,124812944
NIFTY100 Quality 30,20210121,3445.50,3460.00,3407.40,3419.65,149100880
NIFTY100 Quality 30,20210122,3423.35,3452.20,3397.60,3402.50,135658592
NIFTY100 Quality 30,20210125,3431.65,3436.90,3365.80,3382.60,130370032
NIFTY100 Quality 30,20210127,3389.10,3389.10,3333.45,3343.75,157849776
NIFTY100 Quality 30,20210128,3315.90,3342.05,3305.20,3315.90,140789392
NIFTY100 Quality 30,20210129,3341.10,3342.85,3236.00,3245.40,171739024
NIFTY100 Quality 30,20210201,3269.05,3346.85,3238.15,3335.00,190293264
NIFTY100 Quality 30,20210202,3375.40,3406.65,3365.80,3386.10,173534048
NIFTY100 Quality 30,20210203,3404.10,3425.40,3371.85,3407.20,185826672
NIFTY100 Quality 30,20210204,3409.60,3440.45,3402.00,3436.05,218450784
NIFTY100 Quality 30,20210205,3450.40,3460.65,3403.35,3416.80,234750736
NIFTY100 Quality 30,20210208,3442.50,3454.15,3432.45,3445.25,132650944
NIFTY100 Quality 30,20210209,3455.40,3478.00,3434.75,3442.95,169979792
NIFTY100 Quality 30,20210210,3452.10,3463.15,3418.00,3444.70,139942320
NIFTY100 Quality 30,20210211,3437.60,3460.95,3434.60,3456.35,129958232
NIFTY100 Quality 30,20210212,3461.80,3468.85,3420.85,3434.10,212687856
NIFTY100 Quality 30,20210215,3452.40,3458.70,3431.35,3435.45,102649616
NIFTY100 Quality 30,20210216,3446.85,3453.70,3408.20,3428.05,114745064
NIFTY100 Quality 30,20210217,3423.30,3428.00,3393.15,3402.05,101589776
NIFTY100 Quality 30,20210218,3412.30,3424.65,3391.05,3397.85,140443552
NIFTY100 Quality 30,20210219,3395.70,3397.20,3345.85,3366.85,153430656
NIFTY100 Quality 30,20210222,3371.00,3375.15,3287.05,3298.35,160313184
NIFTY100 Quality 30,20210223,3308.75,3317.55,3276.00,3292.90,123288200
NIFTY100 Quality 30,20210224,3307.40,3336.85,3300.30,3333.20,104336744
NIFTY100 Quality 30,20210225,3352.05,3362.00,3344.35,3351.80,203667072
NIFTY100 Quality 30,20210226,3318.40,3336.10,3245.50,3258.50,259525792
NIFTY100 Quality 30,20210301,3287.25,3313.10,3279.15,3306.10,100285824
NIFTY100 Quality 30,20210302,3326.55,3370.75,3323.25,3363.65,116940080
NIFTY100 Quality 30,20210303,3389.05,3399.65,3365.50,3395.75,104247472
NIFTY100 Quality 30,20210304,3365.85,3412.45,3360.75,3386.15,131279328
NIFTY100 Quality 30,20210305,3368.60,3387.20,3349.85,3358.45,116344112
NIFTY100 Quality 30,20210308,3370.60,3376.80,3347.65,3351.70,107049904
NIFTY100 Quality 30,20210309,3367.50,3376.30,3329.50,3366.25,96947640
NIFTY100 Quality 30,20210310,3388.20,3397.30,3379.85,3393.65,96283312
NIFTY100 Quality 30,20210312,3410.35,3414.35,3355.30,3361.40,117325384
NIFTY100 Quality 30,20210315,3362.75,3363.60,3318.15,3348.20,117576488
NIFTY100 Quality 30,20210316,3359.90,3376.05,3357.25,3366.65,129313840
NIFTY100 Quality 30,20210317,3372.25,3373.85,3320.60,3326.65,158829376
NIFTY100 Quality 30,20210318,3353.20,3354.15,3267.65,3289.45,180505136
NIFTY100 Quality 30,20210319,3272.30,3330.50,3235.55,3325.35,263035424
NIFTY100 Quality 30,20210322,3327.00,3350.80,3313.35,3345.30,121091024
NIFTY100 Quality 30,20210323,3351.70,3369.30,3342.50,3355.20,117556520
NIFTY100 Quality 30,20210324,3337.10,3356.85,3312.10,3315.95,98184304
NIFTY100 Quality 30,20210325,3314.10,3316.75,3239.50,3247.75,130381512
NIFTY100 Quality 30,20210326,3277.05,3311.45,3268.30,3298.70,96528352
NIFTY100 Quality 30,20210330,3321.65,3378.20,3319.50,3372.45,129869392
NIFTY100 Quality 30,20210331,3371.90,3373.40,3353.05,3357.25,117874672
NIFTY100 Quality 30,20210401,3377.00,3389.65,3361.90,3378.60,101580088
NIFTY100 Quality 30,20210405,3375.05,3377.25,3300.90,3332.00,116043592
NIFTY100 Quality 30,20210406,3351.60,3366.50,3325.65,3352.00,89441464
NIFTY100 Quality 30,20210407,3353.85,3392.20,3348.30,3384.45,84054560
NIFTY100 Quality 30,20210408,3395.15,3423.50,3393.10,3406.40,84539096
NIFTY100 Quality 30,20210409,3410.50,3421.20,3399.70,3409.50,98273208
NIFTY100 Quality 30,20210412,3371.10,3373.55,3284.25,3300.40,138734320
NIFTY100 Quality 30,20210413,3308.65,3324.35,3280.85,3310.40,109194000
NIFTY100 Quality 30,20210415,3311.30,3314.20,3265.00,3305.70,127710144
NIFTY100 Quality 30,20210416,3316.20,3338.10,3312.10,3325.90,87397736
NIFTY100 Quality 30,20210419,3271.65,3279.35,3237.15,3270.35,94284336
NIFTY100 Quality 30,20210420,3303.05,3305.00,3240.60,3261.75,105197024
NIFTY100 Quality 30,20210422,3254.00,3263.35,3234.55,3259.70,111302416
NIFTY100 Quality 30,20210423,3248.35,3268.35,3232.20,3246.35,92757440
NIFTY100 Quality 30,20210426,3255.40,3266.45,3242.50,3250.95,103322824
NIFTY100 Quality 30,20210427,3257.40,3275.00,3254.95,3272.35,76496880
NIFTY100 Quality 30,20210428,3286.30,3314.40,3282.80,3310.65,88304200
NIFTY100 Quality 30,20210429,3335.35,3338.55,3294.25,3299.20,93224584
NIFTY100 Quality 30,20210430,3277.70,3299.20,3259.10,3266.80,135916688
NIFTY100 Quality 30,20210503,3248.55,3286.05,3238.60,3280.20,121348960
NIFTY100 Quality 30,20210504,3295.40,3300.15,3259.55,3267.10,94327232
NIFTY100 Quality 30,20210505,3288.75,3289.75,3264.35,3285.55,70599296
NIFTY100 Quality 30,20210506,3299.30,3321.00,3294.50,3316.40,80884280
NIFTY100 Quality 30,20210507,3333.90,3339.15,3315.35,3318.85,87599992
NIFTY100 Quality 30,20210510,3334.90,3340.90,3327.10,3338.10,113749616
NIFTY100 Quality 30,20210511,3316.25,3346.45,3309.55,3344.35,144130032
NIFTY100 Quality 30,20210512,3347.75,3350.25,3324.05,3333.25,139442272
NIFTY100 Quality 30,20210514,3346.75,3350.00,3324.15,3342.75,156233584
NIFTY100 Quality 30,20210517,3356.55,3380.50,3347.00,3378.05,122702656
NIFTY100 Quality 30,20210518,3406.10,3426.55,3402.90,3423.80,117548216
NIFTY100 Quality 30,20210519,3417.65,3436.25,3412.25,3430.05,101793792
NIFTY100 Quality 30,20210520,3432.00,3438.75,3406.60,3410.30,96853080
NIFTY100 Quality 30,20210521,3425.80,3440.70,3418.20,3434.75,102847320
NIFTY100 Quality 30,20210524,3440.20,3449.35,3431.25,3441.55,121309208
NIFTY100 Quality 30,20210525,3463.80,3475.25,3453.95,3465.55,115972656
NIFTY100 Quality 30,20210526,3478.80,3492.25,3466.60,3487.95,86862976
NIFTY100 Quality 30,20210527,3493.25,3504.35,3473.20,3494.20,189320832
NIFTY100 Quality 30,20210528,3507.65,3516.35,3492.45,3495.45,92558056
NIFTY100 Quality 30,20210531,3497.85,3527.65,3492.00,3521.95,148379600
NIFTY100 Quality 30,20210601,3529.25,3535.25,3512.95,3519.50,96819616
NIFTY100 Quality 30,20210602,3505.75,3527.10,3498.95,3523.25,179215808
NIFTY100 Quality 30,20210603,3537.20,3558.90,3534.15,3555.60,133598288
NIFTY100 Quality 30,20210604,3558.70,3564.25,3538.55,3547.35,112498032
NIFTY100 Quality 30,20210607,3556.65,3564.65,3544.50,3561.20,112614640
NIFTY100 Quality 30,20210608,3568.85,3581.65,3562.95,3576.65,88335016
NIFTY100 Quality 30,20210609,3582.10,3595.10,3549.55,3564.55,107011664
NIFTY100 Quality 30,20210610,3573.95,3592.05,3563.30,3588.30,97529608
NIFTY100 Quality 30,20210611,3600.75,3609.45,3595.80,3604.55,137672240
NIFTY100 Quality 30,20210614,3606.50,3610.10,3563.35,3606.10,97370248
NIFTY100 Quality 30,20210615,3616.90,3633.15,3614.70,3626.05,95417656
NIFTY100 Quality 30,20210616,3624.70,3629.30,3607.20,3615.45,80185312
NIFTY100 Quality 30,20210617,3595.20,3623.35,3591.70,3601.75,92492536
NIFTY100 Quality 30,20210618,3612.45,3619.65,3552.15,3596.65,125159664
NIFTY100 Quality 30,20210621,3565.65,3604.95,3561.50,3601.95,70907128
NIFTY100 Quality 30,20210622,3619.35,3629.65,3600.25,3604.15,84890448
NIFTY100 Quality 30,20210623,3620.95,3621.30,3592.30,3596.00,64918832
NIFTY100 Quality 30,20210624,3602.80,3627.60,3598.40,3624.70,84917864
NIFTY100 Quality 30,20210625,3631.65,3635.80,3621.15,3627.00,70905648
NIFTY100 Quality 30,20210628,3638.40,3638.90,3617.40,3621.30,64935064
NIFTY100 Quality 30,20210629,3623.35,3638.10,3614.40,3620.70,93167936
NIFTY100 Quality 30,20210630,3628.10,3639.25,3616.25,3619.85,73390096
NIFTY100 Quality 30,20210701,3627.50,3634.35,3619.70,3627.90,64221768
NIFTY100 Quality 30,20210702,3638.60,3639.90,3614.70,3625.40,81932456
NIFTY100 Quality 30,20210705,3642.20,3657.80,3635.05,3654.45,62234792
NIFTY100 Quality 30,20210706,3652.75,3661.75,3637.35,3641.55,69906888
NIFTY100 Quality 30,20210707,3645.75,3661.90,3633.30,3657.30,70572184
NIFTY100 Quality 30,20210708,3651.90,3666.65,3632.30,3641.55,80873128
NIFTY100 Quality 30,20210709,3634.65,3641.80,3625.35,3630.00,59892640
NIFTY100 Quality 30,20210712,3646.95,3650.70,3619.40,3625.60,52105872
NIFTY100 Quality 30,20210713,3644.20,3644.20,3620.15,3623.30,54402840
NIFTY100 Quality 30,20210714,3627.50,3634.80,3618.90,3632.10,65596952
NIFTY100 Quality 30,20210715,3639.60,3660.20,3636.15,3652.40,94415176
NIFTY100 Quality 30,20210716,3660.50,3661.35,3633.25,3638.20,83218912
NIFTY100 Quality 30,20210719,3617.65,3634.10,3606.55,3616.10,67306336
NIFTY100 Quality 30,20210720,3617.45,3624.40,3591.20,3618.35,94756392
NIFTY100 Quality 30,20210722,3633.75,3657.10,3633.00,3649.35,97036104
NIFTY100 Quality 30,20210723,3654.35,3663.65,3640.55,3648.80,90983608
NIFTY100 Quality 30,20210726,3647.80,3662.85,3643.90,3647.70,92395656
NIFTY100 Quality 30,20210727,3654.55,3659.80,3624.95,3636.15,80459456
NIFTY100 Quality 30,20210728,3645.10,3647.30,3603.20,3630.70,75912888
NIFTY100 Quality 30,20210729,3637.05,3644.25,3622.60,3626.05,68564192
NIFTY100 Quality 30,20210730,3640.20,3656.20,3630.15,3634.95,101908464
NIFTY100 Quality 30,20210802,3660.35,3661.25,3647.70,3655.50,62711376
NIFTY100 Quality 30,20210803,3664.50,3713.65,3661.45,3709.55,92504488
NIFTY100 Quality 30,20210804,3722.05,3728.10,3687.45,3692.00,78983960
NIFTY100 Quality 30,20210805,3700.45,3703.50,3676.00,3696.70,110155000
NIFTY100 Quality 30,20210806,3701.25,3705.45,3691.55,3694.85,93021608
NIFTY100 Quality 30,20210809,3714.30,3723.00,3684.85,3698.35,81891848
NIFTY100 Quality 30,20210810,3704.10,3710.10,3676.45,3692.35,82519176
NIFTY100 Quality 30,20210811,3701.25,3705.30,3654.70,3685.80,69045912
NIFTY100 Quality 30,20210812,3695.70,3706.45,3686.55,3700.95,89297136
NIFTY100 Quality 30,20210813,3706.95,3721.35,3699.65,3713.85,108192472
NIFTY100 Quality 30,20210816,3712.55,3718.50,3702.85,3711.30,57118628
NIFTY100 Quality 30,20210817,3713.50,3751.20,3711.40,3748.10,88277528
NIFTY100 Quality 30,20210818,3766.40,3769.80,3744.25,3751.25,78614608
NIFTY100 Quality 30,20210820,3708.80,3786.85,3707.30,3774.55,104116952
NIFTY100 Quality 30,20210823,3803.70,3806.80,3776.70,3784.55,91589720
NIFTY100 Quality 30,20210824,3797.90,3802.95,3773.60,3788.55,81772752
NIFTY100 Quality 30,20210825,3792.30,3812.65,3787.35,3791.55,66929868
NIFTY100 Quality 30,20210826,3790.75,3808.55,3784.95,3795.70,73334336
NIFTY100 Quality 30,20210827,3801.10,3807.55,3782.80,3804.55,61470656
NIFTY100 Quality 30,20210830,3817.50,3847.20,3816.60,3844.60,69792104
NIFTY100 Quality 30,20210831,3850.20,3904.40,3848.50,3897.80,121114712
NIFTY100 Quality 30,20210901,3911.20,3925.40,3901.15,3907.50,82193888
NIFTY100 Quality 30,20210902,3916.00,3952.20,3906.75,3949.30,78767616
NIFTY100 Quality 30,20210903,3955.10,3973.50,3949.70,3969.90,72675792
NIFTY100 Quality 30,20210906,3983.70,3984.30,3965.35,3975.55,58605940
NIFTY100 Quality 30,20210907,3987.25,3997.75,3969.05,3972.15,89605208
NIFTY100 Quality 30,20210908,3975.05,3977.25,3936.00,3960.65,65300412
NIFTY100 Quality 30,20210909,3952.65,3980.45,3949.60,3977.90,66171268
NIFTY100 Quality 30,20210913,3975.55,3998.90,3967.35,3995.70,96473304
NIFTY100 Quality 30,20210914,4009.95,4017.35,4002.65,4011.30,79932080
NIFTY100 Quality 30,20210915,4017.05,4042.95,4013.60,4039.50,93100976
NIFTY100 Quality 30,20210916,4049.55,4064.80,4043.95,4054.50,228884032
NIFTY100 Quality 30,20210917,4067.50,4088.70,4035.45,4042.80,166356896
NIFTY100 Quality 30,20210920,4023.30,4065.90,4009.10,4017.60,129514608
NIFTY100 Quality 30,20210921,4027.05,4064.40,4007.45,4061.50,119483408
NIFTY100 Quality 30,20210922,4071.95,4082.75,4060.75,4071.90,118117200
NIFTY100 Quality 30,20210923,4096.60,4103.90,4088.30,4099.50,94963752
NIFTY100 Quality 30,20210924,4115.95,4140.15,4100.05,4108.80,104564304
NIFTY100 Quality 30,20210927,4129.55,4129.75,4069.05,4077.40,81342144
NIFTY100 Quality 30,20210928,4089.00,4089.70,4024.80,4046.70,116635832
NIFTY100 Quality 30,20210929,4030.00,4059.70,4019.65,4039.85,175658416
NIFTY100 Quality 30,20210930,4045.55,4048.70,4014.50,4023.20,116339632
NIFTY100 Quality 30,20211001,4014.00,4015.55,3983.70,4011.55,84463400
NIFTY100 Quality 30,20211004,4027.25,4045.65,4018.00,4031.40,71528552
NIFTY100 Quality 30,20211005,4030.05,4067.65,4024.50,4064.10,93255904
NIFTY100 Quality 30,20211006,4080.40,4090.30,4020.10,4027.90,110528608
NIFTY100 Quality 30,20211007,4062.05,4100.45,4056.50,4084.40,73625864
NIFTY100 Quality 30,20211008,4102.35,4104.65,4083.15,4085.80,77930184
NIFTY100 Quality 30,20211011,4077.45,4113.00,4059.15,4090.05,110971840
NIFTY100 Quality 30,20211012,4088.75,4113.30,4076.05,4108.05,117098960
NIFTY100 Quality 30,20211013,4133.50,4133.50,4114.30,4128.10,115967904
NIFTY100 Quality 30,20211014,4159.30,4160.75,4124.90,4136.45,188459792
NIFTY100 Quality 30,20211018,4167.35,4169.15,4136.10,4142.00,162973472
NIFTY100 Quality 30,20211019,4173.90,4180.25,4105.00,4113.60,147633568
NIFTY100 Quality 30,20211020,4114.25,4120.10,4055.15,4072.70,122433616
NIFTY100 Quality 30,20211021,4093.40,4093.85,3979.30,4008.20,107980176
NIFTY100 Quality 30,20211022,4020.95,4038.80,3950.95,3973.55,105265744
NIFTY100 Quality 30,20211025,3975.55,3976.90,3888.75,3919.85,86028400
NIFTY100 Quality 30,20211026,3931.70,3969.45,3920.10,3958.95,93967200
NIFTY100 Quality 30,20211027,3975.55,3989.75,3959.15,3965.35,97300528
NIFTY100 Quality 30,20211028,3977.40,3978.50,3896.75,3908.30,136032688
NIFTY100 Quality 30,20211029,3906.75,3933.05,3872.30,3884.30,94489840
NIFTY100 Quality 30,20211101,3904.55,3955.50,3888.85,3950.85,83108944
NIFTY100 Quality 30,20211102,3958.25,3967.05,3934.60,3941.90,73881008
NIFTY100 Quality 30,20211103,3953.85,3960.95,3910.60,3933.25,69017560
NIFTY100 Quality 30,20211104,3965.35,3966.75,3957.45,3962.75,14327250
NIFTY100 Quality 30,20211108,3983.60,3994.10,3935.35,3989.40,115313216
NIFTY100 Quality 30,20211109,3993.00,4004.90,3966.80,3978.55,70793576
NIFTY100 Quality 30,20211110,3966.60,3979.45,3957.50,3970.60,78160256
NIFTY100 Quality 30,20211111,3967.50,3968.55,3931.90,3950.85,61509400
NIFTY100 Quality 30,20211112,3976.80,3992.30,3954.05,3987.35,64554012
NIFTY100 Quality 30,20211115,3995.55,4008.55,3988.50,3999.15,97817440
NIFTY100 Quality 30,20211116,4006.85,4022.70,3991.05,4004.70,65863656
NIFTY100 Quality 30,20211117,3999.55,4017.85,3994.05,3998.85,90930144
NIFTY100 Quality 30,20211118,3998.10,4005.50,3932.60,3948.05,76833944
NIFTY100 Quality 30,20211122,3957.70,3959.10,3848.55,3876.00,89821776
NIFTY100 Quality 30,20211123,3857.35,3900.65,3844.80,3891.25,79179936
NIFTY100 Quality 30,20211124,3906.10,3907.45,3844.35,3858.35,86075288
NIFTY100 Quality 30,20211125,3860.15,3869.60,3832.40,3863.40,86252040
NIFTY100 Quality 30,20211126,3835.65,3839.65,3777.85,3785.95,91277064
NIFTY100 Quality 30,20211129,3771.30,3801.95,3715.10,3784.55,90815800
NIFTY100 Quality 30,20211130,3785.85,3845.35,3780.50,3790.75,182076736
NIFTY100 Quality 30,20211201,3813.05,3835.00,3801.70,3820.65,88627664
NIFTY100 Quality 30,20211202,3832.25,3880.55,3822.45,3876.75,80514592
NIFTY100 Quality 30,20211203,3879.40,3885.70,3840.05,3843.25,76118592
NIFTY100 Quality 30,20211206,3848.90,3849.70,3762.90,3767.25,72125472
NIFTY100 Quality 30,20211207,3795.00,3827.70,3773.95,3814.35,53169204
NIFTY100 Quality 30,20211208,3830.30,3878.00,3830.25,3876.15,54250520
NIFTY100 Quality 30,20211209,3881.95,3893.95,3850.75,3890.95,82450152
NIFTY100 Quality 30,20211210,3888.75,3900.50,3876.60,3897.75,78837992
NIFTY100 Quality 30,20211213,3914.75,3923.10,3872.70,3876.30,70548592
NIFTY100 Quality 30,20211214,3869.15,3878.65,3849.55,3874.85,82939832
NIFTY100 Quality 30,20211215,3871.95,3875.20,3839.70,3847.45,71173456
NIFTY100 Quality 30,20211216,3870.80,3874.85,3842.85,3858.25,66611288
NIFTY100 Quality 30,20211217,3862.35,3865.40,3808.20,3813.10,107518672
NIFTY100 Quality 30,20211220,3787.60,3789.15,3697.05,3747.70,97993312
NIFTY100 Quality 30,20211221,3770.45,3825.15,3768.15,3798.30,68943672
NIFTY100 Quality 30,20211222,3818.95,3838.60,3811.40,3836.20,58820044
NIFTY100 Quality 30,20211223,3859.90,3873.15,3850.75,3870.05,60677168
NIFTY100 Quality 30,20211224,3891.15,3894.95,3856.30,3868.70,64676548
NIFTY100 Quality 30,20211227,3859.05,3884.25,3829.20,3879.65,49721392
NIFTY100 Quality 30,20211228,3894.75,3922.05,3892.50,3917.05,49653080
NIFTY100 Quality 30,20211229,3916.60,3928.85,3908.60,3918.70,46713676
NIFTY100 Quality 30,20211230,3916.50,3932.85,3908.00,3927.90,80151512
NIFTY100 Quality 30,20211231,3936.35,3975.80,3934.85,3967.65,42032680
NIFTY100 Quality 30,20220103,3974.90,4013.15,3974.10,4007.70,65923648
NIFTY100 Quality 30,20220104,4016.70,4033.80,3989.50,4028.10,57995008
NIFTY100 Quality 30,20220105,4029.05,4040.65,4014.20,4037.95,61188560
NIFTY100 Quality 30,20220106,4007.70,4018.20,3991.55,4015.65,62250768
NIFTY100 Quality 30,20220107,4026.10,4044.70,4017.90,4036.50,58811620
NIFTY100 Quality 30,20220110,4058.65,4062.65,4047.30,4058.20,67860920
NIFTY100 Quality 30,20220111,4055.70,4066.60,4048.20,4062.35,51914984
NIFTY100 Quality 30,20220112,4080.25,4082.35,4055.20,4063.90,61360724
NIFTY100 Quality 30,20220113,4074.25,4074.40,4050.20,4061.05,96845360
NIFTY100 Quality 30,20220114,4048.95,4055.75,4027.20,4049.40,65059040
NIFTY100 Quality 30,20220117,4042.45,4060.45,4029.15,4050.90,76262144
NIFTY100 Quality 30,20220118,4060.15,4063.85,3987.50,3992.70,69053584
NIFTY100 Quality 30,20220119,3996.15,3997.60,3951.50,3955.60,80535536
NIFTY100 Quality 30,20220120,3962.45,3965.30,3899.50,3916.35,88458808
NIFTY100 Quality 30,20220121,3896.40,3906.25,3860.55,3888.00,89280800
NIFTY100 Quality 30,20220124,3883.40,3884.40,3744.55,3776.35,86367288
NIFTY100 Quality 30,20220125,3749.85,3812.20,3697.90,3807.50,85893136
NIFTY100 Quality 30,20220127,3774.15,3778.15,3703.60,3739.55,109231624
NIFTY100 Quality 30,20220128,3748.90,3803.30,3738.40,3743.10,89334120
NIFTY100 Quality 30,20220131,3783.10,3811.35,3780.75,3798.00,70787120
NIFTY100 Quality 30,20220201,3835.50,3857.10,3791.95,3851.40,95409792
NIFTY100 Quality 30,20220202,3869.80,3898.70,3863.95,3893.20,93705648
NIFTY100 Quality 30,20220203,3892.75,3897.00,3863.60,3871.75,72661792
NIFTY100 Quality 30,20220204,3879.90,3880.40,3849.25,3871.45,100381344
NIFTY100 Quality 30,20220207,3867.25,3879.25,3784.70,3807.40,68158568
NIFTY100 Quality 30,20220208,3819.15,3828.65,3782.70,3813.25,68942664
NIFTY100 Quality 30,20220209,3831.30,3869.90,3826.60,3867.20,84873664
NIFTY100 Quality 30,20220210,3879.00,3885.35,3845.00,3881.70,77480136
NIFTY100 Quality 30,20220211,3852.00,3852.00,3809.55,3825.70,76900400
NIFTY100 Quality 30,20220214,3755.85,3777.55,3729.95,3739.30,83258728
NIFTY100 Quality 30,20220215,3756.05,3846.10,3746.55,3841.85,73883912
NIFTY100 Quality 30,20220216,3860.15,3869.20,3825.40,3840.80,56986984
NIFTY100 Quality 30,20220217,3855.80,3866.20,3823.90,3833.30,52237696
NIFTY100 Quality 30,20220218,3814.30,3840.50,3807.40,3824.35,67004540
NIFTY100 Quality 30,20220221,3803.60,3823.75,3771.50,3800.30,65676216
NIFTY100 Quality 30,20220222,3726.60,3786.80,3725.45,3781.95,84988944
NIFTY100 Quality 30,20220223,3798.20,3809.95,3771.75,3779.10,50661352
NIFTY100 Quality 30,20220224,3670.45,3708.65,3607.40,3616.35,129409584
NIFTY100 Quality 30,20220225,3661.95,3710.60,3655.90,3699.35,90587464
NIFTY100 Quality 30,20220228,3672.10,3737.15,3622.75,3732.50,120538016
NIFTY100 Quality 30,20220302,3700.75,3705.60,3665.20,3687.70,156540352
NIFTY100 Quality 30,20220303,3716.65,3723.30,3653.20,3662.60,155566688
NIFTY100 Quality 30,20220304,3632.75,3645.50,3565.55,3602.35,171196208
NIFTY100 Quality 30,20220307,3532.30,3543.55,3492.00,3528.20,158427184
NIFTY100 Quality 30,20220308,3514.85,3583.45,3514.35,3580.45,152017600
NIFTY100 Quality 30,20220309,3601.00,3655.20,3578.35,3639.80,130421584
NIFTY100 Quality 30,20220310,3716.70,3716.70,3660.80,3689.90,127356296
NIFTY100 Quality 30,20220311,3684.20,3697.90,3666.50,3690.10,98029832
NIFTY100 Quality 30,20220314,3694.50,3724.85,3670.95,3720.65,100611848
NIFTY100 Quality 30,20220315,3727.30,3747.25,3679.20,3697.55,100127744
NIFTY100 Quality 30,20220316,3740.60,3774.00,3729.10,3770.95,76460288
NIFTY100 Quality 30,20220317,3811.95,3831.95,3805.50,3818.85,126177144
NIFTY100 Quality 30,20220321,3828.65,3835.80,3767.10,3772.35,100381440
NIFTY100 Quality 30,20220322,3770.05,3783.90,3720.45,3780.65,98808984
NIFTY100 Quality 30,20220323,3799.60,3804.55,3757.05,3766.30,113828928
NIFTY100 Quality 30,20220324,3749.50,3780.85,3746.35,3771.30,102019304
NIFTY100 Quality 30,20220325,3785.00,3785.85,3724.90,3743.45,81200232
NIFTY100 Quality 30,20220328,3748.20,3751.85,3704.80,3739.40,84290544
NIFTY100 Quality 30,20220329,3754.15,3760.70,3739.70,3745.45,71061896
NIFTY100 Quality 30,20220330,3778.40,3780.75,3762.45,3776.90,86621888
NIFTY100 Quality 30,20220331,3786.25,3799.30,3776.95,3785.30,82844464
NIFTY100 Quality 30,20220401,3785.50,3829.00,3775.00,3822.55,68264536
NIFTY100 Quality 30,20220404,3838.65,3885.15,3834.95,3882.10,108128872
NIFTY100 Quality 30,20220405,3892.80,3922.85,3884.20,3900.70,86769296
NIFTY100 Quality 30,20220406,3884.45,3889.90,3866.15,3874.60,113397296
NIFTY100 Quality 30,20220407,3864.95,3885.40,3852.30,3855.90,96380200
NIFTY100 Quality 30,20220408,3872.15,3897.65,3852.35,3888.45,118994240
NIFTY100 Quality 30,20220411,3888.70,3890.35,3856.35,3863.80,103404720
NIFTY100 Quality 30,20220412,3848.05,3848.60,3808.10,3820.35,89607208
NIFTY100 Quality 30,20220413,3827.75,3842.35,3804.50,3815.55,77465952
NIFTY100 Quality 30,20220418,3770.35,3787.95,3761.10,3782.40,122909080
NIFTY100 Quality 30,20220419,3800.65,3815.25,3673.65,3701.05,169318992
NIFTY100 Quality 30,20220420,3722.85,3751.30,3705.20,3741.80,125789992
NIFTY100 Quality 30,20220421,3756.50,3798.95,3751.70,3794.55,128254112
NIFTY100 Quality 30,20220422,3769.15,3800.60,3761.35,3775.70,91314624
NIFTY100 Quality 30,20220425,3734.30,3743.50,3706.35,3717.95,97867304
NIFTY100 Quality 30,20220426,3746.30,3782.25,3746.30,3779.15,84617504
NIFTY100 Quality 30,20220427,3751.10,3760.75,3730.65,3751.90,77566536
NIFTY100 Quality 30,20220428,3780.70,3809.75,3758.30,3795.20,100044736
NIFTY100 Quality 30,20220429,3803.90,3807.25,3735.95,3746.35,102441976
NIFTY100 Quality 30,20220502,3717.70,3731.45,3702.45,3729.40,80819544
NIFTY100 Quality 30,20220504,3732.25,3749.55,3634.55,3649.10,99924160
NIFTY100 Quality 30,20220505,3679.10,3696.85,3643.55,3649.45,74788352
NIFTY100 Quality 30,20220506,3593.05,3615.10,3578.35,3594.85,105448400
NIFTY100 Quality 30,20220509,3572.65,3592.70,3543.60,3574.25,86471624
NIFTY100 Quality 30,20220510,3573.40,3605.50,3563.95,3573.60,83587464
NIFTY100 Quality 30,20220511,3577.10,3585.65,3503.05,3548.40,89442000
NIFTY100 Quality 30,20220512,3522.40,3527.15,3476.25,3495.80,81921120
NIFTY100 Quality 30,20220513,3532.00,3581.00,3514.45,3524.00,78219032
NIFTY100 Quality 30,20220516,3543.85,3552.10,3512.15,3525.40,52600128
NIFTY100 Quality 30,20220517,3542.85,3609.60,3534.80,3605.40,96545096
NIFTY100 Quality 30,20220518,3613.75,3643.80,3609.40,3626.25,90125760
NIFTY100 Quality 30,20220519,3552.55,3573.85,3525.90,3531.35,153894320
NIFTY100 Quality 30,20220520,3575.15,3612.10,3568.70,3607.35,93496216
NIFTY100 Quality 30,20220523,3625.00,3663.05,3607.55,3613.60,77475216
NIFTY100 Quality 30,20220524,3620.45,3620.95,3557.40,3565.45,69299824
NIFTY100 Quality 30,20220525,3577.30,3577.90,3508.60,3517.25,73833528
NIFTY100 Quality 30,20220526,3531.50,3550.10,3481.75,3541.30,106810664
NIFTY100 Quality 30,20220527,3566.45,3578.70,3548.40,3576.65,82989264
NIFTY100 Quality 30,20220530,3608.75,3650.10,3602.40,3642.60,67898920
NIFTY100 Quality 30,20220531,3640.55,3668.15,3617.60,3651.90,151939488
NIFTY100 Quality 30,20220601,3660.75,3682.50,3602.95,3613.40,90907320
NIFTY100 Quality 30,20220602,3607.65,3628.90,3586.85,3624.70,75041736
NIFTY100 Quality 30,20220603,3648.55,3652.50,3592.15,3595.30,82044680
NIFTY100 Quality 30,20220606,3584.75,3592.70,3547.05,3580.20,71900768
NIFTY100 Quality 30,20220607,3550.25,3558.05,3521.40,3534.80,60520824
NIFTY100 Quality 30,20220608,3540.35,3547.50,3499.85,3526.35,62215656
NIFTY100 Quality 30,20220609,3510.55,3553.30,3490.20,3549.85,56748480
NIFTY100 Quality 30,20220610,3514.05,3534.85,3511.25,3527.20,55413856
NIFTY100 Quality 30,20220613,3471.55,3484.20,3453.35,3466.10,60794324
NIFTY100 Quality 30,20220614,3446.85,3486.00,3439.10,3456.35,61142552
NIFTY100 Quality 30,20220615,3465.15,3471.10,3451.00,3457.25,48456116
NIFTY100 Quality 30,20220616,3489.90,3491.20,3396.80,3403.65,73806568
NIFTY100 Quality 30,20220617,3385.35,3394.20,3340.70,3358.40,104817024
NIFTY100 Quality 30,20220620,3364.50,3408.45,3352.05,3399.10,82094224
NIFTY100 Quality 30,20220621,3419.20,3469.10,3412.40,3462.45,63950172
NIFTY100 Quality 30,20220622,3449.55,3458.65,3420.75,3428.65,55770964
NIFTY100 Quality 30,20220623,3439.35,3489.70,3435.35,3485.85,63857944
NIFTY100 Quality 30,20220624,3506.80,3522.20,3496.00,3515.75,57444984
NIFTY100 Quality 30,20220627,3555.25,3561.45,3541.70,3546.95,53245060
NIFTY100 Quality 30,20220628,3531.85,3549.60,3505.35,3543.60,58833796
NIFTY100 Quality 30,20220629,3511.60,3531.80,3502.55,3515.65,73131048
NIFTY100 Quality 30,20220630,3509.55,3526.85,3479.25,3490.50,81231136
NIFTY100 Quality 30,20220701,3476.95,3552.50,3466.35,3545.45,94414288
NIFTY100 Quality 30,20220704,3547.20,3579.35,3528.70,3576.65,85732312
NIFTY100 Quality 30,20220705,3591.85,3601.75,3558.65,3564.65,70448528
NIFTY100 Quality 30,20220706,3571.70,3648.20,3571.20,3642.90,86064808
NIFTY100 Quality 30,20220707,3671.05,3688.00,3654.50,3660.30,72062608
NIFTY100 Quality 30,20220708,3679.30,3679.85,3652.35,3666.85,62302888
NIFTY100 Quality 30,20220711,3650.30,3662.70,3635.75,3658.00,67389952
NIFTY100 Quality 30,20220712,3642.55,3649.35,3616.20,3620.75,59734752
NIFTY100 Quality 30,20220713,3637.35,3647.35,3623.20,3629.25,73764792
NIFTY100 Quality 30,20220714,3642.75,3647.50,3588.95,3611.95,67180072
NIFTY100 Quality 30,20220715,3624.15,3646.55,3613.30,3643.65,71350336
NIFTY100 Quality 30,20220718,3666.85,3681.90,3665.45,3678.25,69941440
NIFTY100 Quality 30,20220719,3662.15,3685.10,3658.30,3682.35,60403260
NIFTY100 Quality 30,20220720,3712.85,3733.50,3703.40,3721.20,83084672
NIFTY100 Quality 30,20220721,3719.60,3767.15,3711.10,3761.55,87730880
NIFTY100 Quality 30,20220722,3771.65,3781.10,3746.25,3768.55,62422488
NIFTY100 Quality 30,20220725,3764.15,3769.75,3743.60,3754.65,60658324
NIFTY100 Quality 30,20220726,3754.60,3755.15,3691.65,3695.90,72259568
NIFTY100 Quality 30,20220727,3692.65,3743.40,3688.25,3739.85,55924308
NIFTY100 Quality 30,20220728,3764.65,3813.60,3759.25,3809.45,72281696
NIFTY100 Quality 30,20220729,3839.25,3866.65,3832.60,3860.35,87541264
NIFTY100 Quality 30,20220801,3878.75,3883.10,3852.55,3880.30,61096360
NIFTY100 Quality 30,20220802,3879.20,3898.65,3864.05,3892.50,97940832
NIFTY100 Quality 30,20220803,3891.15,3901.55,3862.60,3897.00,74962256
NIFTY100 Quality 30,20220804,3916.05,3928.10,3869.40,3923.80,76038208
NIFTY100 Quality 30,20220805,3935.50,3946.00,3921.30,3932.30,87730736
NIFTY100 Quality 30,20220808,3936.25,3945.35,3922.15,3940.95,59955740
NIFTY100 Quality 30,20220810,3950.55,3951.60,3911.50,3923.85,65643904
NIFTY100 Quality 30,20220811,3965.55,3970.00,3939.80,3947.80,81560616
NIFTY100 Quality 30,20220812,3947.30,3948.00,3919.45,3926.35,50268660
NIFTY100 Quality 30,20220816,3945.70,3963.45,3936.85,3955.65,67566584
NIFTY100 Quality 30,20220817,3962.70,3999.40,3960.25,3995.65,64619988
NIFTY100 Quality 30,20220818,3992.60,3999.30,3977.05,3990.20,55165608
NIFTY100 Quality 30,20220819,3996.30,4004.00,3946.15,3955.65,62013280
NIFTY100 Quality 30,20220822,3938.10,3940.40,3892.95,3898.45,61010304
NIFTY100 Quality 30,20220823,3867.35,3909.40,3862.50,3897.50,64410820
NIFTY100 Quality 30,20220824,3891.35,3906.95,3871.05,3896.65,56498644
NIFTY100 Quality 30,20220825,3911.60,3919.05,3875.90,3881.70,60076688
NIFTY100 Quality 30,20220826,3905.70,3919.05,3881.15,3887.15,53104768
NIFTY100 Quality 30,20220829,3804.40,3870.30,3799.35,3861.55,78503048
NIFTY100 Quality 30,20220830,3882.05,3954.45,3880.35,3951.00,87126360
NIFTY100 Quality 30,20220901,3901.50,3943.40,3901.40,3922.80,81367488
NIFTY100 Quality 30,20220902,3941.50,3944.65,3911.45,3915.30,66577656
NIFTY100 Quality 30,20220905,3917.00,3926.80,3904.45,3911.85,59095152
NIFTY100 Quality 30,20220906,3919.45,3929.15,3885.75,3895.75,54669160
NIFTY100 Quality 30,20220907,3877.25,3908.55,3876.10,3903.50,55332368
NIFTY100 Quality 30,20220908,3930.85,3935.00,3905.05,3921.10,54673000
NIFTY100 Quality 30,20220909,3949.50,3949.50,3923.25,3942.90,56458108
NIFTY100 Quality 30,20220912,3957.70,3978.25,3954.90,3965.55,66040144
NIFTY100 Quality 30,20220913,3979.90,3987.95,3975.05,3978.60,56539568
NIFTY100 Quality 30,20220914,3913.35,3967.00,3913.25,3951.50,84791712
NIFTY100 Quality 30,20220915,3965.50,3971.65,3921.75,3926.65,63121008
NIFTY100 Quality 30,20220916,3916.35,3919.25,3819.00,3826.80,104749592
NIFTY100 Quality 30,20220919,3833.20,3862.75,3794.50,3852.70,58003300
NIFTY100 Quality 30,20220920,3880.40,3922.50,3877.25,3893.20,56150980
NIFTY100 Quality 30,20220921,3890.35,3915.05,3884.15,3893.00,72925864
NIFTY100 Quality 30,20220922,3880.75,3923.15,3870.10,3908.90,84019456
NIFTY100 Quality 30,20220923,3908.00,3915.00,3865.45,3872.40,76510632
NIFTY100 Quality 30,20220926,3847.30,3857.10,3812.40,3821.75,79956744
NIFTY100 Quality 30,20220927,3841.30,3866.10,3816.15,3840.95,68564632
NIFTY100 Quality 30,20220928,3816.75,3863.40,3805.50,3843.75,68868688
NIFTY100 Quality 30,20220929,3867.45,3870.55,3807.85,3820.70,78919376
NIFTY100 Quality 30,20220930,3820.35,3856.30,3783.45,3846.60,76108672
NIFTY100 Quality 30,20221003,3853.15,3855.50,3785.30,3792.10,58693632
NIFTY100 Quality 30,20221004,3848.60,3872.15,3837.60,3869.40,63459768
NIFTY100 Quality 30,20221006,3891.10,3902.30,3869.95,3875.25,82864368
NIFTY100 Quality 30,20221007,3875.85,3888.10,3850.00,3866.60,68859400
NIFTY100 Quality 30,20221010,3813.70,3857.90,3808.40,3854.45,63861256
NIFTY100 Quality 30,20221011,3864.00,3865.05,3771.90,3778.35,92879128
NIFTY100 Quality 30,20221012,3791.75,3818.70,3776.15,3813.45,60308484
NIFTY100 Quality 30,20221013,3807.75,3816.90,3783.70,3792.95,96258672
NIFTY100 Quality 30,20221014,3852.10,3853.80,3812.65,3817.60,73916880
NIFTY100 Quality 30,20221017,3814.45,3842.50,3805.50,3833.70,51733448
NIFTY100 Quality 30,20221018,3859.60,3874.80,3857.65,3871.15,68401360
NIFTY100 Quality 30,20221019,3885.45,3885.55,3857.50,3865.05,64807452
NIFTY100 Quality 30,20221020,3848.80,3895.10,3847.00,3890.35,70515744
NIFTY100 Quality 30,20221021,3898.85,3900.00,3853.55,3867.55,67557384
NIFTY100 Quality 30,20221024,3901.70,3902.60,3884.15,3888.80,11357062
NIFTY100 Quality 30,20221025,3899.55,3899.95,3874.05,3879.95,60929092
NIFTY100 Quality 30,20221027,3900.25,3902.95,3857.90,3878.90,77451824
NIFTY100 Quality 30,20221028,3887.80,3895.45,3875.50,3891.60,60013284
NIFTY100 Quality 30,20221031,3917.25,3940.15,3915.90,3936.10,58940352
NIFTY100 Quality 30,20221101,3955.40,3981.10,3950.25,3978.80,73800856
NIFTY100 Quality 30,20221102,3981.45,3981.60,3945.60,3954.50,66498352
NIFTY100 Quality 30,20221103,3931.50,3955.90,3928.50,3947.40,50292028
NIFTY100 Quality 30,20221104,3948.15,3953.35,3929.95,3945.30,46310336
NIFTY100 Quality 30,20221107,3960.95,3978.00,3930.80,3951.40,66378248
NIFTY100 Quality 30,20221109,3973.20,3974.30,3929.10,3940.15,101113960
NIFTY100 Quality 30,20221110,3921.60,3933.90,3904.40,3920.35,77830448
NIFTY100 Quality 30,20221111,3971.95,3980.05,3951.60,3962.35,113848760
NIFTY100 Quality 30,20221114,3971.75,3982.25,3949.15,3958.80,82875312
NIFTY100 Quality 30,20221115,3968.05,3977.30,3947.80,3972.95,72813080
NIFTY100 Quality 30,20221116,3974.45,3977.65,3959.25,3973.70,60439160
NIFTY100 Quality 30,20221117,3966.70,3968.05,3943.65,3948.75,50492048
NIFTY100 Quality 30,20221118,3956.25,3957.50,3915.05,3934.00,48870104
NIFTY100 Quality 30,20221121,3923.95,3926.30,3904.90,3910.30,44307324
NIFTY100 Quality 30,20221122,3910.65,3928.10,3900.50,3925.95,45338216
NIFTY100 Quality 30,20221123,3940.25,3940.80,3925.10,3929.35,42807376
NIFTY100 Quality 30,20221124,3942.85,3978.15,3934.90,3969.90,57095576
NIFTY100 Quality 30,20221125,3978.00,3978.20,3946.75,3974.30,49148856
NIFTY100 Quality 30,20221128,3966.55,3993.20,3965.05,3981.20,56860256
NIFTY100 Quality 30,20221129,3980.65,4023.15,3980.40,4007.05,62118388
NIFTY100 Quality 30,20221130,4008.40,4044.55,4005.45,4031.35,110115888
NIFTY100 Quality 30,20221201,4052.95,4056.10,4037.25,4045.75,88852160
NIFTY100 Quality 30,20221202,4039.45,4042.25,4011.60,4024.45,57868572
NIFTY100 Quality 30,20221205,4026.30,4031.40,3999.65,4020.50,56346264
NIFTY100 Quality 30,20221206,4002.65,4011.70,3995.70,4009.20,48080908
NIFTY100 Quality 30,20221207,4011.55,4017.75,3995.35,4002.30,53923912
NIFTY100 Quality 30,20221208,4006.80,4017.05,3992.95,4000.85,43703428
NIFTY100 Quality 30,20221209,4012.30,4012.40,3950.15,3972.15,69476776
NIFTY100 Quality 30,20221212,3964.15,3972.85,3938.80,3968.80,66189144
NIFTY100 Quality 30,20221213,3978.65,3979.20,3961.70,3975.30,52380476
NIFTY100 Quality 30,20221214,3986.95,3995.60,3970.30,3977.70,49539152
NIFTY100 Quality 30,20221215,3970.50,3975.60,3925.75,3931.05,53355896
NIFTY100 Quality 30,20221216,3912.25,3922.70,3894.45,3897.20,73915240
NIFTY100 Quality 30,20221219,3896.45,3937.15,3887.75,3934.55,47597440
NIFTY100 Quality 30,20221220,3920.10,3925.35,3885.20,3921.60,48450376
NIFTY100 Quality 30,20221221,3933.50,3947.55,3894.70,3907.30,47338472
NIFTY100 Quality 30,20221222,3920.00,3930.70,3880.50,3893.10,44482468
NIFTY100 Quality 30,20221223,3863.15,3876.40,3820.50,3826.45,54706528
NIFTY100 Quality 30,20221226,3826.20,3867.20,3813.80,3857.55,40106352
NIFTY100 Quality 30,20221227,3872.35,3882.30,3856.05,3875.15,35562676
NIFTY100 Quality 30,20221228,3867.55,3890.30,3863.40,3882.85,39706468
NIFTY100 Quality 30,20221229,3865.70,3888.35,3852.45,3879.90,47502228
NIFTY100 Quality 30,20221230,3897.05,3899.30,3861.55,3867.10,37134224
NIFTY100 Quality 30,20230102,3873.80,3875.70,3848.35,3860.90,30482612
NIFTY100 Quality 30,20230103,3858.95,3876.80,3853.70,3870.55,36303240
NIFTY100 Quality 30,20230104,3870.20,3873.30,3837.55,3842.50,49931360
NIFTY100 Quality 30,20230105,3850.95,3866.85,3833.85,3855.95,66692064
NIFTY100 Quality 30,20230106,3857.40,3862.20,3814.55,3824.50,58435780
NIFTY100 Quality 30,20230109,3845.75,3873.80,3841.30,3864.00,60993624
NIFTY100 Quality 30,20230110,3862.15,3862.95,3825.90,3836.65,50386112
NIFTY100 Quality 30,20230111,3844.30,3848.30,3812.75,3815.30,50768868
NIFTY100 Quality 30,20230112,3822.90,3829.25,3800.50,3819.15,53574532
NIFTY100 Quality 30,20230113,3821.45,3847.00,3797.10,3835.90,68811856
NIFTY100 Quality 30,20230116,3846.40,3850.95,3831.50,3842.50,60745580
NIFTY100 Quality 30,20230117,3848.05,3873.10,3839.60,3870.60,60020968
NIFTY100 Quality 30,20230118,3877.35,3892.70,3872.50,3889.95,62959832
NIFTY100 Quality 30,20230119,3880.20,3885.05,3869.15,3876.40,56257024
NIFTY100 Quality 30,20230120,3865.80,3873.25,3844.45,3848.30,78487288
NIFTY100 Quality 30,20230123,3859.00,3885.10,3848.45,3882.70,49458220
NIFTY100 Quality 30,20230124,3893.80,3907.70,3888.80,3898.90,58697116
NIFTY100 Quality 30,20230125,3892.90,3894.95,3863.50,3869.75,48371416
NIFTY100 Quality 30,20230127,3879.85,3892.60,3818.55,3848.20,79638816
NIFTY100 Quality 30,20230130,3849.55,3869.20,3827.70,3863.80,65992080
NIFTY100 Quality 30,20230131,3872.90,3874.35,3828.00,3852.30,83403816
NIFTY100 Quality 30,20230201,3876.45,3903.45,3818.70,3866.20,134372928
NIFTY100 Quality 30,20230202,3862.35,3889.05,3857.75,3882.40,110573240
NIFTY100 Quality 30,20230203,3900.10,3900.25,3869.50,3895.35,79062880
NIFTY100 Quality 30,20230206,3888.45,3899.55,3867.50,3897.00,66138336
NIFTY100 Quality 30,20230207,3902.50,3905.10,3866.85,3877.25,58857552
NIFTY100 Quality 30,20230208,3884.25,3907.65,3878.80,3902.40,53812348
NIFTY100 Quality 30,20230209,3902.95,3917.95,3895.00,3910.75,50466472
NIFTY100 Quality 30,20230210,3902.85,3910.75,3886.30,3894.65,44210816
NIFTY100 Quality 30,20230213,3895.35,3896.35,3863.95,3872.90,40922776
NIFTY100 Quality 30,20230214,3886.50,3906.25,3880.55,3890.85,70096296
NIFTY100 Quality 30,20230215,3884.65,3923.80,3870.80,3920.00,56510768
NIFTY100 Quality 30,20230216,3932.50,3956.45,3927.60,3946.00,69816592
NIFTY100 Quality 30,20230217,3930.45,3937.85,3917.50,3925.25,48585496
NIFTY100 Quality 30,20230220,3931.35,3941.50,3915.80,3920.00,45143520
NIFTY100 Quality 30,20230221,3932.60,3932.60,3907.90,3912.55,43232584
NIFTY100 Quality 30,20230222,3897.90,3903.15,3869.25,3876.45,45564900
NIFTY100 Quality 30,20230223,3885.70,3887.65,3855.60,3868.00,66991060
NIFTY100 Quality 30,20230224,3881.80,3887.80,3853.15,3863.40,48663176
NIFTY100 Quality 30,20230227,3853.70,3854.50,3804.30,3824.85,43452132
NIFTY100 Quality 30,20230228,3830.30,3850.20,3812.75,3824.85,94405840
NIFTY100 Quality 30,20230301,3828.65,3858.40,3828.50,3856.50,45174304
NIFTY100 Quality 30,20230302,3852.65,3855.20,3829.75,3837.65,51860264
NIFTY100 Quality 30,20230303,3855.50,3863.55,3848.90,3853.40,47895100
NIFTY100 Quality 30,20230306,3869.60,3887.10,3867.85,3878.70,57932164
NIFTY100 Quality 30,20230308,3863.95,3885.50,3851.55,3883.00,53726288
NIFTY100 Quality 30,20230309,3885.50,3888.50,3846.20,3849.60,49409848
NIFTY100 Quality 30,20230310,3827.70,3842.50,3810.45,3839.80,46416308
NIFTY100 Quality 30,20230313,3846.40,3870.60,3797.70,3804.85,69447272
NIFTY100 Quality 30,20230314,3808.25,3811.70,3764.20,3775.85,68000896
NIFTY100 Quality 30,20230315,3802.45,3809.65,3763.45,3766.15,63506824
NIFTY100 Quality 30,20230316,3770.05,3798.45,3753.80,3788.00,65358616
NIFTY100 Quality 30,20230317,3813.65,3819.40,3794.95,3802.40,125180640
NIFTY100 Quality 30,20230320,3800.80,3801.10,3751.95,3780.75,70303352
NIFTY100 Quality 30,20230321,3792.55,3796.80,3771.50,3778.00,67624392
NIFTY100 Quality 30,20230322,3789.75,3796.85,3776.20,3784.10,47681012
NIFTY100 Quality 30,20230323,3768.95,3784.25,3752.40,3769.70,64294888
NIFTY100 Quality 30,20230324,3773.65,3782.45,3740.50,3746.40,66919652
NIFTY100 Quality 30,20230327,3748.65,3772.25,3737.20,3751.05,57128616
NIFTY100 Quality 30,20230328,3756.00,3762.05,3726.05,3729.35,66194056
NIFTY100 Quality 30,20230329,3735.50,3776.20,3733.55,3769.00,83116336
NIFTY100 Quality 30,20230331,3788.30,3818.55,3785.80,3816.15,70365664
NIFTY100 Quality 30,20230403,3834.50,3836.85,3806.55,3834.45,62501272
NIFTY100 Quality 30,20230405,3833.10,3868.00,3829.85,3865.80,74902088
NIFTY100 Quality 30,20230406,3864.00,3866.30,3847.40,3860.30,72450616
NIFTY100 Quality 30,20230410,3862.95,3872.05,3847.95,3862.25,49134064
NIFTY100 Quality 30,20230411,3869.70,3881.85,3852.30,3866.20,74991464
NIFTY100 Quality 30,20230412,3873.75,3900.55,3865.90,3897.50,64830712
NIFTY100 Quality 30,20230413,3889.95,3894.95,3874.95,3882.75,73066144
NIFTY100 Quality 30,20230417,3859.15,3864.95,3821.40,3862.75,128053608
NIFTY100 Quality 30,20230418,3872.05,3877.80,3856.90,3874.35,72827232
NIFTY100 Quality 30,20230419,3873.00,3876.55,3844.25,3849.70,69032608
NIFTY100 Quality 30,20230420,3851.55,3862.75,3838.35,3843.45,58082136
NIFTY100 Quality 30,20230421,3846.55,3863.00,3840.60,3860.15,64402776
NIFTY100 Quality 30,20230424,3870.70,3874.75,3850.15,3872.80,62982108
NIFTY100 Quality 30,20230425,3874.50,3883.80,3863.50,3877.75,69205472
NIFTY100 Quality 30,20230426,3879.70,3896.70,3875.10,3893.60,56038536
NIFTY100 Quality 30,20230427,3899.05,3913.10,3891.25,3909.80,76932768
NIFTY100 Quality 30,20230428,3911.75,3954.75,3903.05,3948.70,89352704
NIFTY100 Quality 30,20230502,3958.05,3978.50,3954.60,3969.65,69454800
NIFTY100 Quality 30,20230503,3964.35,3979.05,3952.20,3972.65,62042444
NIFTY100 Quality 30,20230504,3972.80,3993.90,3967.10,3990.70,74540144
NIFTY100 Quality 30,20230505,3983.50,3999.30,3973.35,3982.35,80694360
NIFTY100 Quality 30,20230508,3994.50,4016.55,3990.90,4013.90,73911312
NIFTY100 Quality 30,20230509,4022.80,4034.45,4009.25,4022.00,70054320
NIFTY100 Quality 30,20230510,4033.05,4040.15,4017.90,4038.10,65276868
NIFTY100 Quality 30,20230511,4058.05,4065.10,4048.15,4061.85,70882432
NIFTY100 Quality 30,20230512,4064.70,4086.30,4049.70,4070.70,61542840
NIFTY100 Quality 30,20230515,4075.30,4109.50,4067.15,4095.05,53669912
NIFTY100 Quality 30,20230516,4103.55,4116.60,4083.35,4086.80,57567320
NIFTY100 Quality 30,20230517,4087.05,4090.30,4056.25,4071.50,65637336
NIFTY100 Quality 30,20230518,4089.15,4091.40,4048.95,4052.50,77812016
NIFTY100 Quality 30,20230519,4064.10,4065.70,4035.90,4055.45,77927808
NIFTY100 Quality 30,20230522,4055.70,4095.30,4046.35,4092.05,66504112
NIFTY100 Quality 30,20230523,4096.10,4112.80,4088.00,4091.05,54350572
NIFTY100 Quality 30,20230524,4079.55,4104.25,4077.80,4095.40,56542896
NIFTY100 Quality 30,20230525,4096.95,4118.75,4092.40,4113.05,64906544
NIFTY100 Quality 30,20230526,4118.90,4163.45,4118.65,4161.60,59329848
NIFTY100 Quality 30,20230529,4186.00,4189.20,4163.70,4167.05,62279848
NIFTY100 Quality 30,20230530,4171.55,4183.15,4166.30,4178.40,71434160
NIFTY100 Quality 30,20230531,4179.95,4191.70,4167.85,4182.80,139714288
NIFTY100 Quality 30,20230601,4189.85,4209.90,4180.20,4196.25,96552376
NIFTY100 Quality 30,20230602,4207.65,4215.10,4194.50,4206.05,88507880
NIFTY100 Quality 30,20230605,4217.55,4224.85,4195.00,4197.90,62895304
NIFTY100 Quality 30,20230606,4195.60,4201.40,4176.50,4195.45,75195104
NIFTY100 Quality 30,20230607,4211.95,4237.35,4208.50,4234.25,73763488
NIFTY100 Quality 30,20230608,4239.45,4243.25,4202.55,4206.20,64586028
NIFTY100 Quality 30,20230609,4210.20,4219.15,4175.10,4177.30,58283432
NIFTY100 Quality 30,20230612,4181.45,4209.80,4176.65,4203.55,50189672
NIFTY100 Quality 30,20230613,4214.10,4245.80,4212.45,4232.85,72220160
NIFTY100 Quality 30,20230614,4240.20,4241.85,4224.70,4236.85,56795608
NIFTY100 Quality 30,20230615,4243.20,4263.95,4235.55,4240.40,74456240
NIFTY100 Quality 30,20230616,4246.65,4260.60,4236.75,4253.95,89688688
NIFTY100 Quality 30,20230619,4262.25,4270.05,4242.85,4245.65,53503364
