Nifty Full Smallcap 100,20170102,3003.17,3003.17,3003.17,3003.17,133169808
Nifty Full Smallcap 100,20170103,3044.22,3044.22,3044.22,3044.22,149521408
Nifty Full Smallcap 100,20170104,3060.92,3060.92,3060.92,3060.92,252632384
Nifty Full Smallcap 100,20170105,3090.90,3090.90,3090.90,3090.90,248276704
Nifty Full Smallcap 100,20170106,3080.96,3080.96,3080.96,3080.96,166317376
Nifty Full Smallcap 100,20170109,3099.25,3099.25,3099.25,3099.25,163002752
Nifty Full Smallcap 100,20170110,3127.97,3127.97,3127.97,3127.97,151815344
Nifty Full Smallcap 100,20170111,3165.80,3165.80,3165.80,3165.80,149238384
Nifty Full Smallcap 100,20170112,3160.02,3160.02,3160.02,3160.02,118874640
Nifty Full Smallcap 100,20170113,3165.77,3165.77,3165.77,3165.77,123859816
Nifty Full Smallcap 100,20170116,3190.19,3190.19,3190.19,3190.19,134646320
Nifty Full Smallcap 100,20170117,3194.16,3194.16,3194.16,3194.16,109790208
Nifty Full Smallcap 100,20170118,3215.09,3215.09,3215.09,3215.09,138461536
Nifty Full Smallcap 100,20170119,3217.88,3217.88,3217.88,3217.88,124503744
Nifty Full Smallcap 100,20170120,3158.95,3158.95,3158.95,3158.95,136014928
Nifty Full Smallcap 100,20170123,3180.56,3180.56,3180.56,3180.56,114085080
Nifty Full Smallcap 100,20170124,3199.09,3199.09,3199.09,3199.09,129242896
Nifty Full Smallcap 100,20170125,3234.61,3234.61,3234.61,3234.61,219511008
Nifty Full Smallcap 100,20170127,3264.44,3264.44,3264.44,3264.44,205001488
Nifty Full Smallcap 100,20170130,3261.46,3261.46,3261.46,3261.46,157670272
Nifty Full Smallcap 100,20170131,3219.95,3219.95,3219.95,3219.95,224438768
Nifty Full Smallcap 100,20170201,3292.52,3292.52,3292.52,3292.52,320771296
Nifty Full Smallcap 100,20170202,3336.27,3336.27,3336.27,3336.27,328479264
Nifty Full Smallcap 100,20170203,3388.63,3388.63,3388.63,3388.63,265486896
Nifty Full Smallcap 100,20170206,3420.50,3420.50,3420.50,3420.50,298640096
Nifty Full Smallcap 100,20170207,3414.38,3414.38,3414.38,3414.38,250239248
Nifty Full Smallcap 100,20170208,3434.73,3434.73,3434.73,3434.73,240187552
Nifty Full Smallcap 100,20170209,3443.96,3443.96,3443.96,3443.96,250012320
Nifty Full Smallcap 100,20170210,3448.01,3448.01,3448.01,3448.01,183333296
Nifty Full Smallcap 100,20170213,3407.89,3407.89,3407.89,3407.89,192430336
Nifty Full Smallcap 100,20170214,3381.59,3381.59,3381.59,3381.59,130582000
Nifty Full Smallcap 100,20170215,3320.74,3320.74,3320.74,3320.74,193108672
Nifty Full Smallcap 100,20170216,3365.41,3365.41,3365.41,3365.41,252011200
Nifty Full Smallcap 100,20170217,3394.77,3394.77,3394.77,3394.77,260185968
Nifty Full Smallcap 100,20170220,3430.61,3430.61,3430.61,3430.61,271405344
Nifty Full Smallcap 100,20170221,3451.23,3451.23,3451.23,3451.23,216054800
Nifty Full Smallcap 100,20170222,3434.06,3434.06,3434.06,3434.06,233676320
Nifty Full Smallcap 100,20170223,3441.26,3441.26,3441.26,3441.26,297330176
Nifty Full Smallcap 100,20170227,3450.96,3450.96,3450.96,3450.96,290925024
Nifty Full Smallcap 100,20170228,3490.45,3490.45,3490.45,3490.45,285277984
Nifty Full Smallcap 100,20170301,3509.47,3509.47,3509.47,3509.47,262857856
Nifty Full Smallcap 100,20170302,3451.48,3451.48,3451.48,3451.48,222756544
Nifty Full Smallcap 100,20170303,3466.98,3466.98,3466.98,3466.98,179818720
Nifty Full Smallcap 100,20170306,3490.70,3490.70,3490.70,3490.70,175304672
Nifty Full Smallcap 100,20170307,3492.81,3492.81,3492.81,3492.81,175690080
Nifty Full Smallcap 100,20170308,3472.21,3472.21,3472.21,3472.21,186512400
Nifty Full Smallcap 100,20170309,3472.53,3472.53,3472.53,3472.53,136574976
Nifty Full Smallcap 100,20170310,3465.69,3465.69,3465.69,3465.69,153780656
Nifty Full Smallcap 100,20170314,3516.55,3516.55,3516.55,3516.55,247719120
Nifty Full Smallcap 100,20170315,3550.11,3550.11,3550.11,3550.11,240714464
Nifty Full Smallcap 100,20170316,3581.57,3581.57,3581.57,3581.57,174910224
Nifty Full Smallcap 100,20170317,3574.06,3574.06,3574.06,3574.06,205569792
Nifty Full Smallcap 100,20170320,3580.30,3580.30,3580.30,3580.30,197670976
Nifty Full Smallcap 100,20170321,3577.77,3577.77,3577.77,3577.77,199768912
Nifty Full Smallcap 100,20170322,3543.92,3543.92,3543.92,3543.92,186366192
Nifty Full Smallcap 100,20170323,3587.28,3587.28,3587.28,3587.28,154608512
Nifty Full Smallcap 100,20170324,3601.74,3601.74,3601.74,3601.74,247167776
Nifty Full Smallcap 100,20170327,3591.63,3591.63,3591.63,3591.63,169138320
Nifty Full Smallcap 100,20170328,3613.98,3613.98,3613.98,3613.98,163880144
Nifty Full Smallcap 100,20170329,3633.14,3633.14,3633.14,3633.14,210335712
Nifty Full Smallcap 100,20170330,3658.93,3658.93,3658.93,3658.93,308501536
Nifty Full Smallcap 100,20170331,3694.73,3694.73,3694.73,3694.73,270919008
Nifty Full Smallcap 100,20170403,3735.86,3735.86,3735.86,3735.86,201294032
Nifty Full Smallcap 100,20170405,3772.12,3772.12,3772.12,3772.12,247447888
Nifty Full Smallcap 100,20170406,3764.06,3764.06,3764.06,3764.06,206839360
Nifty Full Smallcap 100,20170407,3726.95,3726.95,3726.95,3726.95,212692384
Nifty Full Smallcap 100,20170410,3755.54,3755.54,3755.54,3755.54,164114592
Nifty Full Smallcap 100,20170411,3812.26,3812.26,3812.26,3812.26,251140624
Nifty Full Smallcap 100,20170412,3797.50,3797.50,3797.50,3797.50,237520448
Nifty Full Smallcap 100,20170413,3804.00,3804.00,3804.00,3804.00,176229408
Nifty Full Smallcap 100,20170417,3830.31,3830.31,3830.31,3830.31,400118432
Nifty Full Smallcap 100,20170418,3791.31,3791.31,3791.31,3791.31,334204608
Nifty Full Smallcap 100,20170419,3832.53,3832.53,3832.53,3832.53,268648512
Nifty Full Smallcap 100,20170420,3897.33,3897.33,3897.33,3897.33,288150272
Nifty Full Smallcap 100,20170421,3918.80,3918.80,3918.80,3918.80,275891136
Nifty Full Smallcap 100,20170424,3956.27,3956.27,3956.27,3956.27,337786272
Nifty Full Smallcap 100,20170425,3983.71,3983.71,3983.71,3983.71,234626016
Nifty Full Smallcap 100,20170426,3944.11,3944.11,3944.11,3944.11,291244768
Nifty Full Smallcap 100,20170427,3950.57,3950.57,3950.57,3950.57,213924832
Nifty Full Smallcap 100,20170428,3972.14,3972.14,3972.14,3972.14,320818848
Nifty Full Smallcap 100,20170502,3995.41,3995.41,3995.41,3995.41,270691264
Nifty Full Smallcap 100,20170503,4006.45,4006.45,4006.45,4006.45,251778128
Nifty Full Smallcap 100,20170504,4023.58,4023.58,4023.58,4023.58,217227216
Nifty Full Smallcap 100,20170505,3977.71,3977.71,3977.71,3977.71,283212704
Nifty Full Smallcap 100,20170508,4020.67,4020.67,4020.67,4020.67,224493536
Nifty Full Smallcap 100,20170509,4042.24,4042.24,4042.24,4042.24,304267680
Nifty Full Smallcap 100,20170510,4086.09,4086.09,4086.09,4086.09,227135840
Nifty Full Smallcap 100,20170511,4077.40,4077.40,4077.40,4077.40,205246464
Nifty Full Smallcap 100,20170512,4042.56,4042.56,4042.56,4042.56,202479664
Nifty Full Smallcap 100,20170515,4064.36,4064.36,4064.36,4064.36,260072272
Nifty Full Smallcap 100,20170516,4102.51,4102.51,4102.51,4102.51,247825808
Nifty Full Smallcap 100,20170517,4097.34,4097.34,4097.34,4097.34,218867440
Nifty Full Smallcap 100,20170518,4002.97,4002.97,4002.97,4002.97,333187456
Nifty Full Smallcap 100,20170519,3967.94,3967.94,3967.94,3967.94,224727968
Nifty Full Smallcap 100,20170522,3896.93,3896.93,3896.93,3896.93,203729120
Nifty Full Smallcap 100,20170523,3806.25,3806.25,3806.25,3806.25,266045456
Nifty Full Smallcap 100,20170524,3721.09,3721.09,3721.09,3721.09,269570880
Nifty Full Smallcap 100,20170525,3825.01,3825.01,3825.01,3825.01,340845504
Nifty Full Smallcap 100,20170526,3906.01,3906.01,3906.01,3906.01,324476160
Nifty Full Smallcap 100,20170529,3823.50,3823.50,3823.50,3823.50,236710768
Nifty Full Smallcap 100,20170530,3844.18,3844.18,3844.18,3844.18,234009872
Nifty Full Smallcap 100,20170531,3897.74,3897.74,3897.74,3897.74,315946816
Nifty Full Smallcap 100,20170601,3944.68,3944.68,3944.68,3944.68,214775344
Nifty Full Smallcap 100,20170602,3965.70,3965.70,3965.70,3965.70,236944384
Nifty Full Smallcap 100,20170605,3986.36,3986.36,3986.36,3986.36,163916240
Nifty Full Smallcap 100,20170606,3947.60,3947.60,3947.60,3947.60,177641744
Nifty Full Smallcap 100,20170607,3979.66,3979.66,3979.66,3979.66,163210208
Nifty Full Smallcap 100,20170608,3988.44,3988.44,3988.44,3988.44,159671648
Nifty Full Smallcap 100,20170609,4014.19,4014.19,4014.19,4014.19,197727584
Nifty Full Smallcap 100,20170612,3990.87,3990.87,3990.87,3990.87,166013680
Nifty Full Smallcap 100,20170613,4004.70,4004.70,4004.70,4004.70,219515728
Nifty Full Smallcap 100,20170614,4026.81,4026.81,4026.81,4026.81,233154192
Nifty Full Smallcap 100,20170615,4041.96,4041.96,4041.96,4041.96,324101440
Nifty Full Smallcap 100,20170616,4066.59,4066.59,4066.59,4066.59,283512736
Nifty Full Smallcap 100,20170619,4062.73,4062.73,4062.73,4062.73,184455984
Nifty Full Smallcap 100,20170620,4064.26,4064.26,4064.26,4064.26,171907904
Nifty Full Smallcap 100,20170621,4073.29,4073.29,4073.29,4073.29,225182880
Nifty Full Smallcap 100,20170622,4034.40,4034.40,4034.40,4034.40,439806080
Nifty Full Smallcap 100,20170623,3973.16,3973.16,3973.16,3973.16,462336576
Nifty Full Smallcap 100,20170627,3899.50,3899.50,3899.50,3899.50,471289024
Nifty Full Smallcap 100,20170628,3907.41,3907.41,3907.41,3907.41,313483456
Nifty Full Smallcap 100,20170629,3952.61,3952.61,3952.61,3952.61,421212544
Nifty Full Smallcap 100,20170630,3956.42,3956.42,3956.42,3956.42,372836064
Nifty Full Smallcap 100,20170703,4010.16,4010.16,4010.16,4010.16,267584320
Nifty Full Smallcap 100,20170704,3996.78,3996.78,3996.78,3996.78,298719904
Nifty Full Smallcap 100,20170705,4052.32,4052.32,4052.32,4052.32,312647136
Nifty Full Smallcap 100,20170706,4066.94,4066.94,4066.94,4066.94,278319424
Nifty Full Smallcap 100,20170707,4071.19,4071.19,4071.19,4071.19,253537440
Nifty Full Smallcap 100,20170710,4098.71,4098.71,4098.71,4098.71,58091176
Nifty Full Smallcap 100,20170711,4060.59,4060.59,4060.59,4060.59,203982880
Nifty Full Smallcap 100,20170712,4099.82,4099.82,4099.82,4099.82,245713632
Nifty Full Smallcap 100,20170713,4116.65,4116.65,4116.65,4116.65,221479888
Nifty Full Smallcap 100,20170714,4102.76,4102.76,4102.76,4102.76,175830448
Nifty Full Smallcap 100,20170717,4109.79,4109.79,4109.79,4109.79,256112528
Nifty Full Smallcap 100,20170718,4077.77,4077.77,4077.77,4077.77,219432832
Nifty Full Smallcap 100,20170719,4123.83,4123.83,4123.83,4123.83,361963968
Nifty Full Smallcap 100,20170720,4118.98,4118.98,4118.98,4118.98,247511888
Nifty Full Smallcap 100,20170721,4120.41,4120.41,4120.41,4120.41,446058016
Nifty Full Smallcap 100,20170724,4130.84,4130.84,4130.84,4130.84,520597760
Nifty Full Smallcap 100,20170725,4130.33,4130.33,4130.33,4130.33,264290928
Nifty Full Smallcap 100,20170726,4153.00,4153.00,4153.00,4153.00,572222592
Nifty Full Smallcap 100,20170727,4125.77,4125.77,4125.77,4125.77,434329920
Nifty Full Smallcap 100,20170728,4135.05,4135.05,4135.05,4135.05,309860800
Nifty Full Smallcap 100,20170731,4140.79,4140.79,4140.79,4140.79,225891024
Nifty Full Smallcap 100,20170801,4141.12,4141.12,4141.12,4141.12,211912752
Nifty Full Smallcap 100,20170802,4129.25,4129.25,4129.25,4129.25,341765856
Nifty Full Smallcap 100,20170803,4078.03,4078.03,4078.03,4078.03,360810432
Nifty Full Smallcap 100,20170804,4079.89,4079.89,4079.89,4079.89,297074944
Nifty Full Smallcap 100,20170807,4122.51,4122.51,4122.51,4122.51,329426784
Nifty Full Smallcap 100,20170808,4040.82,4040.82,4040.82,4040.82,380132992
Nifty Full Smallcap 100,20170809,3969.57,3969.57,3969.57,3969.57,487058560
Nifty Full Smallcap 100,20170810,3792.07,3792.07,3792.07,3792.07,373349056
Nifty Full Smallcap 100,20170811,3792.48,3792.48,3792.48,3792.48,454932192
Nifty Full Smallcap 100,20170814,3894.75,3894.75,3894.75,3894.75,299258304
Nifty Full Smallcap 100,20170816,3956.06,3956.06,3956.06,3956.06,288203744
Nifty Full Smallcap 100,20170817,3986.07,3986.07,3986.07,3986.07,226655936
Nifty Full Smallcap 100,20170818,3960.76,3960.76,3960.76,3960.76,193210528
Nifty Full Smallcap 100,20170821,3890.44,3890.44,3890.44,3890.44,180289136
Nifty Full Smallcap 100,20170822,3861.33,3861.33,3861.33,3861.33,229107376
Nifty Full Smallcap 100,20170823,3933.74,3933.74,3933.74,3933.74,236649664
Nifty Full Smallcap 100,20170824,3952.34,3952.34,3952.34,3952.34,254637584
Nifty Full Smallcap 100,20170828,4005.44,4005.44,4005.44,4005.44,201880496
Nifty Full Smallcap 100,20170829,3945.23,3945.23,3945.23,3945.23,257194096
Nifty Full Smallcap 100,20170830,4015.03,4015.03,4015.03,4015.03,324507840
Nifty Full Smallcap 100,20170831,4057.00,4057.00,4057.00,4057.00,327346752
Nifty Full Smallcap 100,20170901,4097.42,4097.42,4097.42,4097.42,299244896
Nifty Full Smallcap 100,20170904,4058.59,4058.59,4058.59,4058.59,266321808
Nifty Full Smallcap 100,20170905,4107.93,4107.93,4107.93,4107.93,280799808
Nifty Full Smallcap 100,20170906,4126.03,4126.03,4126.03,4126.03,263714768
Nifty Full Smallcap 100,20170907,4153.10,4153.10,4153.10,4153.10,283358528
Nifty Full Smallcap 100,20170908,4135.28,4135.28,4135.28,4135.28,265710784
Nifty Full Smallcap 100,20170911,4153.13,4153.13,4153.13,4153.13,267085824
Nifty Full Smallcap 100,20170912,4189.22,4189.22,4189.22,4189.22,285783808
Nifty Full Smallcap 100,20170913,4153.99,4153.99,4153.99,4153.99,258589712
Nifty Full Smallcap 100,20170914,4171.93,4171.93,4171.93,4171.93,217498752
Nifty Full Smallcap 100,20170915,4168.14,4168.14,4168.14,4168.14,298822176
Nifty Full Smallcap 100,20170918,4197.02,4197.02,4197.02,4197.02,350113632
Nifty Full Smallcap 100,20170919,4222.80,4222.80,4222.80,4222.80,489494304
Nifty Full Smallcap 100,20170920,4223.00,4223.00,4223.00,4223.00,352823552
Nifty Full Smallcap 100,20170921,4187.43,4187.43,4187.43,4187.43,316936224
Nifty Full Smallcap 100,20170922,4035.82,4035.82,4035.82,4035.82,283009440
Nifty Full Smallcap 100,20170925,3937.27,3937.27,3937.27,3937.27,361473856
Nifty Full Smallcap 100,20170926,3975.23,3975.23,3975.23,3975.23,313597120
Nifty Full Smallcap 100,20170927,3875.78,3875.78,3875.78,3875.78,272397888
Nifty Full Smallcap 100,20170928,3910.93,3910.93,3910.93,3910.93,327904704
Nifty Full Smallcap 100,20170929,3966.99,3966.99,3966.99,3966.99,304022592
Nifty Full Smallcap 100,20171003,3988.65,3988.65,3988.65,3988.65,202788304
Nifty Full Smallcap 100,20171004,4021.57,4021.57,4021.57,4021.57,268014640
Nifty Full Smallcap 100,20171005,4064.45,4064.45,4064.45,4064.45,257024928
Nifty Full Smallcap 100,20171006,4114.56,4114.56,4114.56,4114.56,304573728
Nifty Full Smallcap 100,20171009,4141.35,4141.35,4141.35,4141.35,383396096
Nifty Full Smallcap 100,20171010,4172.68,4172.68,4172.68,4172.68,331461600
Nifty Full Smallcap 100,20171011,4112.38,4112.38,4112.38,4112.38,356632064
Nifty Full Smallcap 100,20171012,4168.19,4168.19,4168.19,4168.19,268997184
Nifty Full Smallcap 100,20171013,4194.44,4194.44,4194.44,4194.44,340440960
Nifty Full Smallcap 100,20171016,4192.40,4192.40,4192.40,4192.40,239689056
Nifty Full Smallcap 100,20171017,4229.66,4229.66,4229.66,4229.66,213026352
Nifty Full Smallcap 100,20171018,4229.71,4229.71,4229.71,4229.71,203781216
Nifty Full Smallcap 100,20171019,4221.98,4221.98,4221.98,4221.98,63439984
Nifty Full Smallcap 100,20171023,4244.10,4244.10,4244.10,4244.10,200225088
Nifty Full Smallcap 100,20171024,4279.37,4279.37,4279.37,4279.37,297373856
Nifty Full Smallcap 100,20171025,4296.03,4296.03,4296.03,4296.03,490333920
Nifty Full Smallcap 100,20171026,4317.23,4317.23,4317.23,4317.23,445486176
Nifty Full Smallcap 100,20171027,4323.24,4323.24,4323.24,4323.24,267224896
Nifty Full Smallcap 100,20171030,4368.93,4368.93,4368.93,4368.93,223371776
Nifty Full Smallcap 100,20171031,4386.10,4386.10,4386.10,4386.10,228857616
Nifty Full Smallcap 100,20171101,4420.33,4420.33,4420.33,4420.33,325416576
Nifty Full Smallcap 100,20171102,4432.08,4432.08,4432.08,4432.08,323890400
Nifty Full Smallcap 100,20171103,4463.35,4463.35,4463.35,4463.35,331039008
Nifty Full Smallcap 100,20171106,4471.60,4471.60,4471.60,4471.60,297666848
Nifty Full Smallcap 100,20171107,4401.12,4401.12,4401.12,4401.12,336180480
Nifty Full Smallcap 100,20171108,4352.09,4352.09,4352.09,4352.09,285437856
Nifty Full Smallcap 100,20171109,4373.37,4373.37,4373.37,4373.37,271443936
Nifty Full Smallcap 100,20171110,4372.00,4372.00,4372.00,4372.00,322037824
Nifty Full Smallcap 100,20171113,4338.72,4338.72,4338.72,4338.72,430175456
Nifty Full Smallcap 100,20171114,4319.17,4319.17,4319.17,4319.17,317882176
Nifty Full Smallcap 100,20171115,4238.02,4238.02,4238.02,4238.02,256577280
Nifty Full Smallcap 100,20171116,4280.61,4280.61,4280.61,4280.61,255511872
Nifty Full Smallcap 100,20171117,4311.65,4311.65,4311.65,4311.65,246113504
Nifty Full Smallcap 100,20171120,4345.67,4345.67,4345.67,4345.67,238652144
Nifty Full Smallcap 100,20171121,4349.33,4349.33,4349.33,4349.33,194899200
Nifty Full Smallcap 100,20171122,4357.72,4357.72,4357.72,4357.72,305480256
Nifty Full Smallcap 100,20171123,4383.77,4383.77,4383.77,4383.77,247611248
Nifty Full Smallcap 100,20171124,4393.90,4393.90,4393.90,4393.90,208158928
Nifty Full Smallcap 100,20171127,4422.64,4422.64,4422.64,4422.64,191044064
Nifty Full Smallcap 100,20171128,4427.49,4427.49,4427.49,4427.49,243367104
Nifty Full Smallcap 100,20171129,4418.43,4418.43,4418.43,4418.43,218802112
Nifty Full Smallcap 100,20171130,4418.80,4418.80,4418.80,4418.80,325874912
Nifty Full Smallcap 100,20171201,4338.82,4338.82,4338.82,4338.82,208930608
Nifty Full Smallcap 100,20171204,4304.88,4304.88,4304.88,4304.88,171241728
Nifty Full Smallcap 100,20171205,4296.80,4296.80,4296.80,4296.80,162516912
Nifty Full Smallcap 100,20171206,4269.32,4269.32,4269.32,4269.32,181929424
Nifty Full Smallcap 100,20171207,4337.73,4337.73,4337.73,4337.73,182511328
Nifty Full Smallcap 100,20171208,4390.05,4390.05,4390.05,4390.05,332955040
Nifty Full Smallcap 100,20171211,4387.21,4387.21,4387.21,4387.21,179675872
Nifty Full Smallcap 100,20171212,4340.84,4340.84,4340.84,4340.84,180408624
Nifty Full Smallcap 100,20171213,4294.88,4294.88,4294.88,4294.88,194763648
Nifty Full Smallcap 100,20171214,4288.64,4288.64,4288.64,4288.64,177153904
Nifty Full Smallcap 100,20171215,4355.74,4355.74,4355.74,4355.74,202212624
Nifty Full Smallcap 100,20171218,4363.42,4363.42,4363.42,4363.42,230752672
Nifty Full Smallcap 100,20171219,4450.63,4450.63,4450.63,4450.63,202215824
Nifty Full Smallcap 100,20171220,4494.61,4494.61,4494.61,4494.61,295229248
Nifty Full Smallcap 100,20171221,4552.07,4552.07,4552.07,4552.07,366808640
Nifty Full Smallcap 100,20171222,4570.34,4570.34,4570.34,4570.34,280705024
Nifty Full Smallcap 100,20171226,4611.18,4611.18,4611.18,4611.18,280139840
Nifty Full Smallcap 100,20171227,4592.01,4592.01,4592.01,4592.01,321922688
Nifty Full Smallcap 100,20171228,4600.69,4600.69,4600.69,4600.69,418423392
Nifty Full Smallcap 100,20171229,4622.49,4622.49,4622.49,4622.49,697875456
Nifty Full Smallcap 100,20180101,4637.91,4637.91,4637.91,4637.91,432445952
Nifty Full Smallcap 100,20180102,4598.19,4598.19,4598.19,4598.19,442962464
Nifty Full Smallcap 100,20180103,4641.23,4641.23,4641.23,4641.23,352835968
Nifty Full Smallcap 100,20180104,4692.22,4692.22,4692.22,4692.22,335642464
Nifty Full Smallcap 100,20180105,4743.55,4743.55,4743.55,4743.55,342491776
Nifty Full Smallcap 100,20180108,4801.41,4801.41,4801.41,4801.41,352234368
Nifty Full Smallcap 100,20180109,4803.86,4803.86,4803.86,4803.86,405166336
Nifty Full Smallcap 100,20180110,4801.41,4801.41,4801.41,4801.41,334716352
Nifty Full Smallcap 100,20180111,4833.30,4833.30,4833.30,4833.30,308456320
Nifty Full Smallcap 100,20180112,4831.72,4831.72,4831.72,4831.72,409927136
Nifty Full Smallcap 100,20180115,4838.99,4838.99,4838.99,4838.99,307279488
Nifty Full Smallcap 100,20180116,4706.12,4706.12,4706.12,4706.12,340632192
Nifty Full Smallcap 100,20180117,4747.12,4747.12,4747.12,4747.12,349228960
Nifty Full Smallcap 100,20180118,4630.05,4630.05,4630.05,4630.05,374094208
Nifty Full Smallcap 100,20180119,4678.33,4678.33,4678.33,4678.33,299006048
Nifty Full Smallcap 100,20180122,4710.84,4710.84,4710.84,4710.84,404991008
Nifty Full Smallcap 100,20180123,4738.48,4738.48,4738.48,4738.48,268598720
Nifty Full Smallcap 100,20180124,4695.66,4695.66,4695.66,4695.66,256578544
Nifty Full Smallcap 100,20180125,4657.87,4657.87,4657.87,4657.87,277481952
Nifty Full Smallcap 100,20180129,4589.16,4589.16,4589.16,4589.16,212832256
Nifty Full Smallcap 100,20180130,4528.54,4528.54,4528.54,4528.54,206097168
Nifty Full Smallcap 100,20180131,4480.16,4480.16,4480.16,4480.16,221328368
Nifty Full Smallcap 100,20180201,4485.44,4485.44,4485.44,4485.44,302204544
Nifty Full Smallcap 100,20180202,4227.30,4227.30,4227.30,4227.30,403010560
Nifty Full Smallcap 100,20180205,4231.27,4231.27,4231.27,4231.27,316747680
Nifty Full Smallcap 100,20180206,4137.52,4137.52,4137.52,4137.52,343171968
Nifty Full Smallcap 100,20180207,4226.31,4226.31,4226.31,4226.31,249057584
Nifty Full Smallcap 100,20180208,4321.38,4321.38,4321.38,4321.38,265962576
Nifty Full Smallcap 100,20180209,4347.32,4347.32,4347.32,4347.32,249812944
Nifty Full Smallcap 100,20180212,4434.14,4434.14,4434.14,4434.14,248484400
Nifty Full Smallcap 100,20180214,4429.14,4429.14,4429.14,4429.14,251378832
Nifty Full Smallcap 100,20180215,4377.21,4377.21,4377.21,4377.21,214285024
Nifty Full Smallcap 100,20180216,4324.60,4324.60,4324.60,4324.60,188767504
Nifty Full Smallcap 100,20180219,4280.36,4280.36,4280.36,4280.36,210231344
Nifty Full Smallcap 100,20180220,4277.80,4277.80,4277.80,4277.80,168801968
Nifty Full Smallcap 100,20180221,4269.70,4269.70,4269.70,4269.70,175696912
Nifty Full Smallcap 100,20180222,4247.53,4247.53,4247.53,4247.53,229406960
Nifty Full Smallcap 100,20180223,4327.20,4327.20,4327.20,4327.20,333652832
Nifty Full Smallcap 100,20180226,4382.23,4382.23,4382.23,4382.23,303328960
Nifty Full Smallcap 100,20180227,4346.99,4346.99,4346.99,4346.99,210935872
Nifty Full Smallcap 100,20180228,4345.37,4345.37,4345.37,4345.37,195418144
Nifty Full Smallcap 100,20180301,4320.83,4320.83,4320.83,4320.83,182579952
Nifty Full Smallcap 100,20180305,4274.95,4274.95,4274.95,4274.95,200601776
Nifty Full Smallcap 100,20180306,4202.69,4202.69,4202.69,4202.69,210271552
Nifty Full Smallcap 100,20180307,4099.63,4099.63,4099.63,4099.63,313415232
Nifty Full Smallcap 100,20180308,4128.85,4128.85,4128.85,4128.85,301369920
Nifty Full Smallcap 100,20180309,4112.89,4112.89,4112.89,4112.89,220807680
Nifty Full Smallcap 100,20180312,4142.57,4142.57,4142.57,4142.57,279619808
Nifty Full Smallcap 100,20180313,4209.71,4209.71,4209.71,4209.71,343395232
Nifty Full Smallcap 100,20180314,4205.35,4205.35,4205.35,4205.35,287307264
Nifty Full Smallcap 100,20180315,4249.17,4249.17,4249.17,4249.17,428872768
Nifty Full Smallcap 100,20180316,4178.53,4178.53,4178.53,4178.53,503461184
Nifty Full Smallcap 100,20180319,4081.48,4081.48,4081.48,4081.48,298555552
Nifty Full Smallcap 100,20180320,4091.66,4091.66,4091.66,4091.66,346162496
Nifty Full Smallcap 100,20180321,4108.05,4108.05,4108.05,4108.05,290831360
Nifty Full Smallcap 100,20180322,4052.01,4052.01,4052.01,4052.01,320641088
Nifty Full Smallcap 100,20180323,3977.96,3977.96,3977.96,3977.96,341347904
Nifty Full Smallcap 100,20180326,4014.93,4014.93,4014.93,4014.93,334892448
Nifty Full Smallcap 100,20180327,4072.22,4072.22,4072.22,4072.22,284063872
Nifty Full Smallcap 100,20180328,4000.01,4000.01,4000.01,4000.01,357640640
