Nifty CPSE,20170102,2355.15,2359.70,2345.05,2355.85,19873888
Nifty CPSE,20170103,2363.10,2409.25,2359.00,2404.10,23940216
Nifty CPSE,20170104,2410.20,2432.00,2398.65,2402.35,26467976
Nifty CPSE,20170105,2413.00,2452.20,2411.70,2446.75,26169420
Nifty CPSE,20170106,2450.90,2476.50,2441.20,2444.80,28855338
Nifty CPSE,20170109,2453.30,2455.00,2416.50,2419.85,20973848
Nifty CPSE,20170110,2434.10,2457.75,2432.30,2435.05,37430792
Nifty CPSE,20170111,2446.80,2477.80,2446.40,2473.25,36936024
Nifty CPSE,20170112,2478.80,2493.85,2476.00,2487.35,35555100
Nifty CPSE,20170113,2506.15,2508.20,2487.90,2497.10,32357434
Nifty CPSE,20170116,2506.75,2508.60,2486.60,2489.40,26402008
Nifty CPSE,20170117,2496.95,2504.60,2453.45,2461.70,26548804
Nifty CPSE,20170118,2462.85,2469.00,2439.15,2455.30,36124952
Nifty CPSE,20170119,2458.35,2488.55,2452.35,2484.80,40941760
Nifty CPSE,20170120,2485.60,2492.00,2441.20,2449.15,33945008
Nifty CPSE,20170123,2451.65,2490.05,2450.95,2482.60,23840518
Nifty CPSE,20170124,2491.60,2519.35,2483.55,2516.50,23337548
Nifty CPSE,20170125,2522.65,2580.00,2517.95,2566.75,58427344
Nifty CPSE,20170127,2573.50,2604.70,2570.75,2582.00,38952420
Nifty CPSE,20170130,2581.90,2593.95,2546.00,2557.35,21801144
Nifty CPSE,20170131,2576.70,2585.65,2497.30,2508.50,127082784
Nifty CPSE,20170201,2519.80,2549.00,2509.85,2545.65,47241656
Nifty CPSE,20170202,2544.15,2569.05,2539.45,2562.15,33727472
Nifty CPSE,20170203,2568.50,2587.95,2566.65,2584.90,28023388
Nifty CPSE,20170206,2598.90,2608.85,2587.05,2595.50,25750274
Nifty CPSE,20170207,2600.25,2608.40,2525.25,2540.60,44864332
Nifty CPSE,20170208,2547.00,2581.95,2546.00,2576.85,37994076
Nifty CPSE,20170209,2574.05,2584.50,2559.90,2573.80,38257984
Nifty CPSE,20170210,2581.60,2582.05,2556.80,2564.50,28883676
Nifty CPSE,20170213,2559.15,2559.90,2520.50,2543.60,32205536
Nifty CPSE,20170214,2546.75,2549.15,2524.45,2546.95,34777332
Nifty CPSE,20170215,2550.75,2562.75,2511.80,2521.70,31380236
Nifty CPSE,20170216,2524.65,2543.10,2511.40,2539.05,24580632
Nifty CPSE,20170217,2557.80,2558.40,2533.60,2553.30,31629220
Nifty CPSE,20170220,2559.85,2582.40,2556.45,2578.85,37814088
Nifty CPSE,20170221,2587.60,2600.95,2581.50,2598.75,29542632
Nifty CPSE,20170222,2610.30,2620.30,2598.75,2604.30,44914664
Nifty CPSE,20170223,2609.70,2613.10,2582.50,2590.20,82304648
Nifty CPSE,20170227,2583.25,2605.25,2577.30,2587.40,43826416
Nifty CPSE,20170228,2597.65,2600.25,2566.55,2573.15,42853040
Nifty CPSE,20170301,2589.65,2592.60,2562.00,2565.40,40589932
Nifty CPSE,20170302,2573.30,2586.60,2545.30,2550.70,38919472
Nifty CPSE,20170303,2550.20,2568.65,2541.85,2562.15,27278956
Nifty CPSE,20170306,2578.30,2589.20,2572.75,2583.35,32572832
Nifty CPSE,20170307,2591.65,2596.20,2580.95,2588.85,38647412
Nifty CPSE,20170308,2594.65,2595.45,2548.60,2552.60,45893592
Nifty CPSE,20170309,2538.65,2543.75,2527.60,2530.70,44968940
Nifty CPSE,20170310,2539.85,2541.15,2521.15,2535.40,33388464
Nifty CPSE,20170314,2549.05,2550.30,2510.65,2513.65,51048592
Nifty CPSE,20170315,2517.40,2521.40,2502.70,2504.40,38723804
Nifty CPSE,20170316,2527.30,2532.30,2516.30,2529.95,47270032
Nifty CPSE,20170317,2540.75,2543.00,2517.85,2523.45,56089044
Nifty CPSE,20170320,2524.35,2536.25,2517.15,2530.10,49547388
Nifty CPSE,20170321,2534.60,2540.60,2518.55,2531.65,40801644
Nifty CPSE,20170322,2515.35,2526.00,2508.60,2516.95,49359660
Nifty CPSE,20170323,2533.75,2546.55,2531.50,2542.25,47576728
Nifty CPSE,20170324,2544.90,2553.90,2540.25,2546.50,52103836
Nifty CPSE,20170327,2539.00,2544.10,2515.25,2519.50,34154988
Nifty CPSE,20170328,2527.35,2528.80,2497.05,2507.90,46782376
Nifty CPSE,20170329,2520.75,2525.50,2508.85,2523.55,46882784
Nifty CPSE,20170330,2523.80,2533.55,2500.80,2513.55,103058048
Nifty CPSE,20170331,2522.45,2547.85,2519.90,2539.60,50299768
Nifty CPSE,20170403,2544.45,2549.90,2537.45,2546.35,34559532
Nifty CPSE,20170405,2553.05,2557.10,2542.25,2554.00,47024988
Nifty CPSE,20170406,2552.75,2576.20,2545.65,2572.00,54367272
Nifty CPSE,20170407,2569.90,2595.20,2566.45,2584.85,52913356
Nifty CPSE,20170410,2603.30,2615.50,2593.05,2609.30,35747904
Nifty CPSE,20170411,2616.80,2671.80,2613.80,2657.85,106166144
Nifty CPSE,20170412,2663.40,2673.50,2625.75,2645.50,65256500
Nifty CPSE,20170413,2643.55,2670.45,2641.80,2660.40,46233760
Nifty CPSE,20170417,2668.60,2684.55,2635.95,2651.40,71017664
Nifty CPSE,20170418,2656.40,2677.05,2629.95,2635.75,50776576
Nifty CPSE,20170419,2632.15,2662.15,2627.70,2654.75,51929924
Nifty CPSE,20170420,2671.50,2684.40,2628.15,2640.55,60556320
Nifty CPSE,20170421,2658.85,2669.15,2634.95,2645.00,35883936
Nifty CPSE,20170424,2655.60,2664.65,2642.90,2662.40,34889280
Nifty CPSE,20170425,2673.65,2688.00,2666.30,2684.85,36515512
Nifty CPSE,20170426,2693.45,2696.05,2653.05,2668.45,30030176
Nifty CPSE,20170427,2674.20,2687.35,2664.70,2674.95,40602476
Nifty CPSE,20170428,2685.05,2712.00,2670.25,2709.10,38331284
Nifty CPSE,20170502,2718.80,2750.80,2716.35,2746.55,46313236
Nifty CPSE,20170503,2763.25,2768.45,2727.75,2733.85,29029448
Nifty CPSE,20170504,2743.50,2745.20,2722.95,2731.70,24198226
Nifty CPSE,20170505,2737.80,2740.30,2690.85,2695.25,41862412
Nifty CPSE,20170508,2706.20,2716.05,2697.55,2704.00,25632228
Nifty CPSE,20170509,2716.15,2735.20,2703.95,2729.10,37996656
Nifty CPSE,20170510,2736.50,2738.55,2720.25,2733.10,20820340
Nifty CPSE,20170511,2746.90,2746.90,2668.65,2676.25,43917768
Nifty CPSE,20170512,2685.25,2694.55,2668.75,2688.05,27614664
Nifty CPSE,20170515,2706.65,2718.95,2700.50,2714.35,23915412
Nifty CPSE,20170516,2724.50,2729.55,2711.00,2715.55,36490264
Nifty CPSE,20170517,2713.70,2728.50,2705.40,2709.10,30800108
Nifty CPSE,20170518,2697.95,2706.25,2668.95,2675.15,29356708
Nifty CPSE,20170519,2684.10,2703.50,2654.90,2659.30,30388948
Nifty CPSE,20170522,2676.80,2679.05,2613.65,2617.35,27322818
Nifty CPSE,20170523,2616.15,2617.30,2560.20,2589.70,46380032
Nifty CPSE,20170524,2594.85,2620.50,2566.55,2572.10,37720096
Nifty CPSE,20170525,2586.55,2595.00,2571.45,2589.15,64438940
Nifty CPSE,20170526,2582.70,2601.30,2569.70,2596.65,46109252
Nifty CPSE,20170529,2598.70,2605.20,2554.20,2563.10,38781792
Nifty CPSE,20170530,2535.15,2595.35,2525.00,2585.60,128359704
Nifty CPSE,20170531,2594.70,2600.55,2564.10,2575.10,213640448
Nifty CPSE,20170601,2576.90,2576.90,2529.20,2541.15,46761684
Nifty CPSE,20170602,2554.00,2559.90,2533.05,2538.30,45424740
Nifty CPSE,20170605,2543.55,2552.25,2533.55,2538.40,30645828
Nifty CPSE,20170606,2545.20,2545.20,2516.40,2524.50,35126080
Nifty CPSE,20170607,2536.15,2541.05,2527.40,2536.80,39239688
Nifty CPSE,20170608,2538.80,2540.45,2501.40,2504.85,34297120
Nifty CPSE,20170609,2508.35,2509.70,2483.75,2493.65,31851208
Nifty CPSE,20170612,2497.45,2508.80,2485.50,2497.20,33545412
Nifty CPSE,20170613,2501.35,2505.70,2485.20,2488.60,34298792
Nifty CPSE,20170614,2487.55,2492.10,2477.05,2483.60,41767724
Nifty CPSE,20170615,2488.70,2490.15,2448.45,2454.20,39246240
Nifty CPSE,20170616,2457.40,2471.10,2453.65,2458.85,47450316
Nifty CPSE,20170619,2469.50,2471.35,2442.85,2458.90,22984672
Nifty CPSE,20170620,2468.50,2480.70,2458.60,2475.40,26050788
Nifty CPSE,20170621,2474.40,2475.45,2437.50,2440.65,30745756
Nifty CPSE,20170622,2436.70,2441.15,2383.55,2386.65,37345160
Nifty CPSE,20170623,2394.00,2394.80,2335.30,2341.85,42840680
Nifty CPSE,20170627,2347.75,2350.00,2301.90,2342.75,41859036
Nifty CPSE,20170628,2344.90,2373.25,2331.90,2334.80,37067640
Nifty CPSE,20170629,2348.60,2357.95,2329.80,2333.00,46122680
Nifty CPSE,20170630,2328.65,2336.45,2318.60,2332.30,25954878
Nifty CPSE,20170703,2340.15,2359.65,2320.05,2357.00,23389232
Nifty CPSE,20170704,2362.40,2380.10,2347.50,2349.85,23613700
Nifty CPSE,20170705,2357.40,2374.85,2345.45,2371.10,21297116
Nifty CPSE,20170706,2373.65,2389.30,2362.90,2375.45,32746408
Nifty CPSE,20170707,2373.45,2382.20,2363.50,2370.50,27420932
Nifty CPSE,20170710,2385.55,2419.65,2331.95,2410.65,7634358
Nifty CPSE,20170711,2417.40,2421.65,2386.30,2389.10,31464056
Nifty CPSE,20170712,2398.60,2431.05,2397.05,2412.65,37337776
Nifty CPSE,20170713,2426.50,2427.40,2381.70,2389.90,32963794
Nifty CPSE,20170714,2396.50,2396.75,2359.80,2381.65,46461140
Nifty CPSE,20170717,2389.65,2396.05,2377.75,2386.15,38751612
Nifty CPSE,20170718,2387.50,2392.35,2376.10,2383.15,32841588
Nifty CPSE,20170719,2388.45,2403.90,2379.20,2400.80,30897536
Nifty CPSE,20170720,2399.15,2426.35,2398.25,2417.30,46886624
Nifty CPSE,20170721,2421.30,2438.40,2412.25,2428.65,43136884
Nifty CPSE,20170724,2434.45,2435.75,2412.80,2418.15,37066836
Nifty CPSE,20170725,2423.15,2425.70,2394.60,2398.35,30075748
Nifty CPSE,20170726,2402.25,2418.30,2398.10,2404.05,37171912
Nifty CPSE,20170727,2415.80,2416.40,2379.45,2384.60,45668592
Nifty CPSE,20170728,2378.45,2389.95,2372.85,2385.55,28362008
Nifty CPSE,20170731,2392.05,2408.80,2390.15,2397.50,33756596
Nifty CPSE,20170801,2418.45,2421.25,2396.35,2399.45,44380488
Nifty CPSE,20170802,2406.50,2406.50,2377.30,2386.25,29231152
Nifty CPSE,20170803,2389.20,2419.15,2382.70,2399.05,57175156
Nifty CPSE,20170804,2411.35,2469.25,2403.05,2458.10,48809560
Nifty CPSE,20170807,2464.95,2502.65,2457.75,2497.10,39190052
Nifty CPSE,20170808,2495.60,2498.35,2444.60,2456.65,39037828
Nifty CPSE,20170809,2445.10,2471.85,2437.25,2446.85,30355324
Nifty CPSE,20170810,2433.25,2436.90,2368.65,2382.60,55649432
Nifty CPSE,20170811,2344.85,2387.20,2327.05,2365.70,45407312
Nifty CPSE,20170814,2378.85,2403.45,2374.55,2397.45,24604760
Nifty CPSE,20170816,2404.35,2410.20,2384.60,2402.45,34264620
Nifty CPSE,20170817,2411.35,2452.35,2405.55,2443.75,60143376
Nifty CPSE,20170818,2435.05,2463.50,2427.65,2441.80,37182944
Nifty CPSE,20170821,2456.20,2479.05,2370.25,2377.45,47837688
Nifty CPSE,20170822,2394.60,2413.65,2385.85,2400.70,39232772
Nifty CPSE,20170823,2418.30,2427.80,2413.35,2423.70,27146738
Nifty CPSE,20170824,2432.55,2441.75,2419.85,2433.90,35611840
Nifty CPSE,20170828,2444.60,2468.60,2442.15,2465.90,32416766
Nifty CPSE,20170829,2457.90,2463.15,2423.90,2428.40,33986792
Nifty CPSE,20170830,2449.20,2484.55,2444.40,2479.90,34284276
Nifty CPSE,20170831,2491.80,2502.40,2445.05,2466.15,71594392
Nifty CPSE,20170901,2477.50,2491.05,2472.90,2485.20,29807732
Nifty CPSE,20170904,2475.30,2490.30,2447.70,2468.45,36930804
Nifty CPSE,20170905,2478.35,2498.95,2467.00,2491.75,29813116
Nifty CPSE,20170906,2478.55,2513.10,2476.65,2501.25,30588870
Nifty CPSE,20170907,2520.10,2520.90,2493.05,2496.40,32506750
Nifty CPSE,20170908,2503.90,2517.20,2474.00,2488.10,32154280
Nifty CPSE,20170911,2502.25,2528.65,2501.25,2523.65,41489912
Nifty CPSE,20170912,2533.55,2546.15,2517.40,2544.45,40348100
Nifty CPSE,20170913,2549.00,2562.35,2500.05,2514.55,56381568
Nifty CPSE,20170914,2534.00,2546.10,2483.50,2499.45,61701280
Nifty CPSE,20170915,2501.30,2532.35,2498.80,2524.75,62558988
Nifty CPSE,20170918,2541.80,2549.40,2528.95,2531.55,28286200
Nifty CPSE,20170919,2536.60,2549.85,2526.80,2545.95,38125816
Nifty CPSE,20170920,2558.10,2559.90,2536.30,2541.05,36773508
Nifty CPSE,20170921,2540.70,2545.65,2492.10,2514.35,35743544
Nifty CPSE,20170922,2509.30,2509.30,2464.05,2474.50,45628656
Nifty CPSE,20170925,2474.20,2477.55,2432.60,2473.65,43823380
Nifty CPSE,20170926,2486.70,2510.65,2471.45,2498.85,60462752
Nifty CPSE,20170927,2507.35,2509.65,2460.65,2468.15,49394748
Nifty CPSE,20170928,2465.55,2509.30,2428.40,2492.10,69557384
Nifty CPSE,20170929,2522.20,2542.05,2511.20,2521.55,47507384
Nifty CPSE,20171003,2547.00,2549.85,2525.90,2542.15,36114288
Nifty CPSE,20171004,2558.80,2559.30,2544.50,2550.90,29354928
Nifty CPSE,20171005,2553.85,2553.85,2537.90,2543.40,23326342
Nifty CPSE,20171006,2549.15,2597.65,2548.60,2589.95,41170868
Nifty CPSE,20171009,2589.35,2597.65,2567.30,2573.15,31828538
Nifty CPSE,20171010,2573.50,2587.85,2570.80,2576.05,27493880
Nifty CPSE,20171011,2588.30,2599.75,2561.05,2569.70,47594036
Nifty CPSE,20171012,2581.75,2582.95,2565.25,2579.05,39400108
Nifty CPSE,20171013,2582.75,2592.35,2576.05,2587.80,33455838
Nifty CPSE,20171016,2594.05,2606.70,2590.20,2596.65,30763688
Nifty CPSE,20171017,2591.45,2607.40,2588.85,2596.65,30926736
Nifty CPSE,20171018,2599.20,2617.90,2588.80,2610.50,36567112
Nifty CPSE,20171019,2615.85,2615.85,2579.65,2585.90,4709941
Nifty CPSE,20171023,2593.35,2609.40,2584.90,2591.60,40620280
Nifty CPSE,20171024,2598.00,2629.10,2592.55,2619.30,32202344
Nifty CPSE,20171025,2639.95,2665.05,2630.15,2661.45,48395396
Nifty CPSE,20171026,2664.50,2715.85,2663.00,2709.10,102434008
Nifty CPSE,20171027,2724.05,2731.90,2701.55,2717.20,63057544
Nifty CPSE,20171030,2734.05,2751.55,2728.70,2737.90,47921356
Nifty CPSE,20171031,2741.20,2756.65,2726.35,2745.05,63683408
Nifty CPSE,20171101,2758.40,2762.45,2743.80,2751.50,37442848
Nifty CPSE,20171102,2755.55,2773.55,2747.90,2758.05,38590652
Nifty CPSE,20171103,2759.50,2766.85,2742.75,2752.40,55192988
Nifty CPSE,20171106,2752.15,2775.75,2747.75,2761.65,65754312
Nifty CPSE,20171107,2779.95,2796.25,2709.20,2715.10,74631216
Nifty CPSE,20171108,2721.65,2726.80,2694.20,2704.55,52756704
Nifty CPSE,20171109,2716.05,2725.80,2661.20,2683.60,35368816
Nifty CPSE,20171110,2678.90,2689.15,2661.95,2678.40,36002128
Nifty CPSE,20171113,2665.45,2668.90,2625.20,2636.50,38140388
Nifty CPSE,20171114,2640.60,2641.10,2603.70,2608.00,27018788
Nifty CPSE,20171115,2610.90,2613.20,2568.90,2579.15,45880784
Nifty CPSE,20171116,2603.90,2604.40,2577.25,2589.90,35204412
Nifty CPSE,20171117,2620.90,2629.80,2593.35,2598.95,39741968
Nifty CPSE,20171120,2600.85,2632.20,2595.35,2628.55,29076164
Nifty CPSE,20171121,2641.35,2641.35,2616.35,2628.50,33409156
Nifty CPSE,20171122,2638.65,2646.35,2615.55,2636.60,26320908
Nifty CPSE,20171123,2639.35,2653.55,2621.55,2636.70,28550964
Nifty CPSE,20171124,2644.70,2647.05,2634.85,2641.20,20119696
Nifty CPSE,20171127,2639.50,2647.25,2629.05,2642.75,22817130
Nifty CPSE,20171128,2641.40,2644.45,2616.85,2626.95,46950676
Nifty CPSE,20171129,2634.70,2656.70,2629.85,2637.75,34865520
Nifty CPSE,20171130,2626.40,2636.25,2610.15,2622.25,71418856
Nifty CPSE,20171201,2630.75,2636.55,2578.85,2586.85,28019132
Nifty CPSE,20171204,2596.05,2599.65,2575.80,2592.10,28375318
Nifty CPSE,20171205,2584.80,2587.20,2564.80,2578.00,23522192
Nifty CPSE,20171206,2570.65,2582.30,2553.80,2557.10,24704466
Nifty CPSE,20171207,2561.30,2599.30,2560.85,2595.15,30950232
Nifty CPSE,20171208,2610.30,2630.10,2603.55,2624.05,29918072
Nifty CPSE,20171211,2643.95,2643.95,2614.25,2622.50,22892964
Nifty CPSE,20171212,2631.10,2640.10,2611.00,2614.15,42257548
Nifty CPSE,20171213,2614.40,2639.85,2606.80,2619.85,39773800
Nifty CPSE,20171214,2632.55,2637.70,2599.10,2625.20,32116128
Nifty CPSE,20171215,2643.90,2655.60,2630.70,2641.65,37570960
Nifty CPSE,20171218,2639.00,2666.85,2572.80,2648.85,39946940
Nifty CPSE,20171219,2667.60,2679.55,2657.55,2671.70,45857808
Nifty CPSE,20171220,2702.40,2703.95,2684.40,2687.15,31869984
Nifty CPSE,20171221,2697.10,2704.35,2685.80,2690.05,25573342
Nifty CPSE,20171222,2694.60,2716.80,2690.05,2713.75,36693324
Nifty CPSE,20171226,2727.80,2737.40,2711.30,2719.65,40339704
Nifty CPSE,20171227,2726.60,2729.20,2686.50,2694.50,33285228
Nifty CPSE,20171228,2701.05,2709.50,2679.65,2685.90,58671232
Nifty CPSE,20171229,2695.70,2696.95,2677.35,2683.40,33244022
Nifty CPSE,20180101,2690.40,2699.60,2679.00,2682.65,28392252
Nifty CPSE,20180102,2706.55,2709.80,2679.70,2692.00,37163416
Nifty CPSE,20180103,2702.80,2703.00,2680.05,2684.40,34035608
Nifty CPSE,20180104,2698.15,2730.70,2697.05,2726.55,43009412
Nifty CPSE,20180105,2737.05,2739.70,2711.75,2720.35,27437372
Nifty CPSE,20180108,2725.10,2748.70,2724.95,2743.75,29134050
Nifty CPSE,20180109,2768.80,2780.30,2757.80,2771.50,49451192
Nifty CPSE,20180110,2778.80,2799.55,2767.75,2782.10,43768696
Nifty CPSE,20180111,2781.40,2783.60,2765.15,2775.95,28497168
Nifty CPSE,20180112,2787.30,2795.45,2761.25,2788.85,34325468
Nifty CPSE,20180115,2788.05,2793.75,2752.35,2757.90,24571634
Nifty CPSE,20180116,2762.35,2766.55,2696.55,2702.65,32001252
Nifty CPSE,20180117,2702.75,2715.50,2654.50,2706.95,36759536
Nifty CPSE,20180118,2711.25,2716.85,2644.80,2660.25,33868496
Nifty CPSE,20180119,2665.65,2687.75,2653.15,2680.95,29973576
Nifty CPSE,20180122,2705.85,2725.70,2683.40,2694.10,44169740
Nifty CPSE,20180123,2719.50,2755.60,2703.15,2748.25,47817192
Nifty CPSE,20180124,2756.50,2782.85,2746.20,2775.80,45980200
Nifty CPSE,20180125,2791.90,2799.40,2770.40,2779.40,73867160
Nifty CPSE,20180129,2783.05,2784.90,2746.40,2755.65,28718960
Nifty CPSE,20180130,2757.80,2780.05,2746.40,2777.25,50458144
Nifty CPSE,20180131,2769.05,2777.55,2738.90,2760.35,61225308
Nifty CPSE,20180201,2768.05,2788.35,2714.55,2720.50,55618464
Nifty CPSE,20180202,2699.30,2699.30,2635.40,2644.30,61641216
Nifty CPSE,20180205,2635.25,2656.75,2595.45,2635.90,57895372
Nifty CPSE,20180206,2553.80,2599.50,2541.55,2589.80,50312024
Nifty CPSE,20180207,2621.50,2650.70,2618.40,2647.75,63308872
Nifty CPSE,20180208,2636.00,2646.60,2624.45,2628.85,36117212
Nifty CPSE,20180209,2600.95,2622.00,2588.80,2609.25,30706542
Nifty CPSE,20180212,2648.60,2653.00,2623.15,2635.85,38654096
Nifty CPSE,20180214,2651.35,2653.70,2620.00,2631.20,36773600
Nifty CPSE,20180215,2636.85,2637.80,2615.95,2630.20,32938546
Nifty CPSE,20180216,2634.00,2644.15,2599.00,2604.20,24229560
Nifty CPSE,20180219,2609.75,2610.25,2561.45,2582.70,23853748
Nifty CPSE,20180220,2585.75,2602.65,2572.25,2592.00,29471456
Nifty CPSE,20180221,2598.90,2602.85,2566.25,2598.10,32121866
Nifty CPSE,20180222,2578.35,2588.60,2567.70,2576.85,60471592
Nifty CPSE,20180223,2582.40,2607.00,2572.55,2603.00,37709836
Nifty CPSE,20180226,2616.85,2653.05,2616.10,2638.25,38136828
Nifty CPSE,20180227,2646.75,2663.65,2600.35,2612.65,43266836
Nifty CPSE,20180228,2600.85,2619.05,2587.20,2610.40,30447176
Nifty CPSE,20180301,2611.05,2622.40,2599.40,2615.80,26317612
Nifty CPSE,20180305,2605.30,2606.65,2568.00,2574.40,31550608
Nifty CPSE,20180306,2585.35,2590.65,2554.95,2561.30,33745536
Nifty CPSE,20180307,2557.05,2558.70,2521.40,2534.20,33269612
Nifty CPSE,20180308,2546.75,2547.65,2499.35,2510.80,41793436
Nifty CPSE,20180309,2516.10,2534.85,2510.45,2515.45,30448208
Nifty CPSE,20180312,2533.15,2545.05,2498.90,2539.40,50101476
Nifty CPSE,20180313,2538.75,2563.20,2531.10,2558.55,54257972
Nifty CPSE,20180314,2544.65,2557.65,2523.75,2530.30,53795304
Nifty CPSE,20180315,2516.65,2527.05,2504.80,2514.30,56374596
Nifty CPSE,20180316,2490.15,2490.20,2438.60,2443.35,69647192
Nifty CPSE,20180319,2452.35,2452.35,2396.25,2410.90,57433352
Nifty CPSE,20180320,2400.35,2414.00,2382.05,2385.45,40676544
Nifty CPSE,20180321,2399.05,2414.65,2376.50,2388.40,39213372
Nifty CPSE,20180322,2399.85,2420.30,2381.00,2384.75,42816160
Nifty CPSE,20180323,2347.60,2380.10,2343.75,2375.20,56800192
Nifty CPSE,20180326,2381.05,2383.85,2338.45,2376.15,53360236
Nifty CPSE,20180327,2390.95,2410.45,2376.15,2407.05,52910724
Nifty CPSE,20180328,2395.80,2429.30,2381.55,2419.50,70469640
Nifty CPSE,20180402,2433.85,2439.50,2403.10,2410.30,33724184
Nifty CPSE,20180403,2404.45,2426.85,2401.25,2423.10,30377792
Nifty CPSE,20180404,2430.05,2431.25,2383.25,2391.45,35012880
Nifty CPSE,20180405,2409.60,2423.95,2408.95,2420.25,28352528
Nifty CPSE,20180406,2431.80,2434.50,2412.55,2424.40,24664354
Nifty CPSE,20180409,2429.20,2439.75,2420.80,2435.40,28667862
Nifty CPSE,20180410,2449.00,2452.75,2431.45,2449.85,26609764
Nifty CPSE,20180411,2455.35,2467.70,2415.80,2427.60,59641772
Nifty CPSE,20180412,2419.25,2430.20,2408.15,2425.30,51174576
Nifty CPSE,20180413,2432.95,2438.10,2409.80,2420.75,33107506
Nifty CPSE,20180416,2414.70,2419.95,2399.70,2417.40,30393314
Nifty CPSE,20180417,2421.90,2430.00,2409.45,2428.00,26144808
Nifty CPSE,20180418,2433.10,2435.70,2419.95,2423.80,22207110
Nifty CPSE,20180419,2421.65,2435.65,2402.90,2414.30,40302252
Nifty CPSE,20180420,2418.10,2425.50,2393.95,2419.45,35932032
Nifty CPSE,20180423,2428.90,2429.30,2414.60,2420.40,35176016
Nifty CPSE,20180424,2425.75,2442.00,2423.20,2436.60,27452324
Nifty CPSE,20180425,2433.05,2434.90,2399.05,2402.90,29160536
Nifty CPSE,20180426,2403.75,2407.50,2380.80,2398.10,46036944
Nifty CPSE,20180427,2403.65,2414.65,2392.20,2408.95,34709156
Nifty CPSE,20180430,2408.15,2414.30,2396.90,2400.20,23793254
Nifty CPSE,20180502,2410.10,2411.00,2375.45,2379.30,34883368
Nifty CPSE,20180503,2371.25,2393.80,2370.00,2382.10,30197184
Nifty CPSE,20180504,2385.40,2398.30,2369.30,2373.75,27315768
Nifty CPSE,20180507,2381.85,2410.00,2362.30,2405.70,35307652
Nifty CPSE,20180508,2407.85,2430.75,2392.30,2411.50,39426384
Nifty CPSE,20180509,2405.35,2417.15,2395.10,2410.90,32178372
Nifty CPSE,20180510,2417.50,2434.30,2411.90,2422.30,37769152
Nifty CPSE,20180511,2432.40,2444.40,2423.00,2432.35,34573520
Nifty CPSE,20180514,2438.30,2447.25,2412.80,2420.55,32842204
Nifty CPSE,20180515,2428.50,2443.55,2394.10,2396.95,58358008
Nifty CPSE,20180516,2392.45,2393.35,2343.15,2377.15,46226760
Nifty CPSE,20180517,2382.85,2409.75,2377.70,2399.10,43581028
Nifty CPSE,20180518,2397.65,2414.50,2354.15,2358.70,40882596
Nifty CPSE,20180521,2364.85,2375.60,2355.70,2362.65,26653612
Nifty CPSE,20180522,2369.55,2375.40,2352.30,2362.35,43433808
Nifty CPSE,20180523,2349.95,2358.45,2293.65,2299.80,40506132
Nifty CPSE,20180524,2309.85,2310.35,2230.10,2273.20,86089064
Nifty CPSE,20180525,2273.20,2334.40,2263.95,2325.10,82560800
Nifty CPSE,20180528,2350.55,2395.75,2350.40,2391.75,78343352
Nifty CPSE,20180529,2395.05,2410.30,2382.00,2398.55,61961268
Nifty CPSE,20180530,2383.25,2406.55,2380.00,2390.25,55846072
Nifty CPSE,20180531,2407.05,2436.30,2399.30,2426.40,163511264
Nifty CPSE,20180601,2414.70,2415.10,2374.00,2387.20,63514896
Nifty CPSE,20180604,2401.80,2408.85,2364.25,2369.60,44608832
Nifty CPSE,20180605,2368.30,2373.00,2339.80,2352.35,39104196
Nifty CPSE,20180606,2348.65,2372.35,2345.60,2367.60,34513256
Nifty CPSE,20180607,2369.60,2400.55,2368.80,2391.20,50048648
Nifty CPSE,20180608,2386.05,2404.40,2377.70,2399.00,31055770
Nifty CPSE,20180611,2399.35,2410.65,2383.85,2388.50,38257376
Nifty CPSE,20180612,2391.60,2400.60,2381.50,2386.10,30004012
Nifty CPSE,20180613,2388.35,2395.60,2372.10,2381.90,33767184
Nifty CPSE,20180614,2380.40,2380.75,2341.20,2353.55,31959776
Nifty CPSE,20180615,2351.60,2355.15,2308.25,2313.70,47383512
Nifty CPSE,20180618,2318.25,2330.35,2307.20,2311.60,36721100
Nifty CPSE,20180619,2308.90,2309.20,2290.45,2300.85,36955740
Nifty CPSE,20180620,2304.05,2307.90,2272.85,2284.10,38750992
Nifty CPSE,20180621,2294.95,2294.95,2253.05,2271.40,49682308
Nifty CPSE,20180622,2276.90,2278.25,2258.90,2266.95,41544028
Nifty CPSE,20180625,2270.05,2271.55,2233.30,2237.90,37895652
Nifty CPSE,20180626,2229.60,2261.60,2228.60,2249.55,46438956
Nifty CPSE,20180627,2245.65,2248.25,2173.60,2185.10,54958520
Nifty CPSE,20180628,2171.05,2200.55,2139.50,2147.35,76844584
Nifty CPSE,20180629,2158.75,2229.50,2158.75,2221.90,48948640
Nifty CPSE,20180702,2219.45,2224.00,2175.45,2187.05,51483100
Nifty CPSE,20180703,2186.95,2212.75,2180.85,2208.40,45925468
Nifty CPSE,20180704,2206.05,2210.35,2190.65,2205.80,35879664
Nifty CPSE,20180705,2200.00,2214.65,2187.30,2205.55,36384816
Nifty CPSE,20180706,2214.30,2240.35,2204.05,2227.05,51003120
Nifty CPSE,20180709,2233.60,2246.35,2222.05,2238.35,30743550
Nifty CPSE,20180710,2244.60,2274.95,2239.25,2272.10,38977920
Nifty CPSE,20180711,2271.15,2272.75,2220.45,2230.55,48307656
Nifty CPSE,20180712,2259.85,2266.40,2228.95,2230.90,53476236
Nifty CPSE,20180713,2246.00,2248.55,2205.65,2212.65,49093432
Nifty CPSE,20180716,2219.10,2219.10,2180.45,2185.70,31563672
Nifty CPSE,20180717,2197.80,2236.15,2191.95,2232.20,48945228
Nifty CPSE,20180718,2241.40,2266.00,2236.45,2240.65,55832884
Nifty CPSE,20180719,2251.00,2256.05,2233.15,2239.85,39579916
Nifty CPSE,20180720,2238.15,2238.15,2217.30,2225.95,37031604
Nifty CPSE,20180723,2227.55,2247.75,2214.60,2221.40,30946794
Nifty CPSE,20180724,2230.30,2267.20,2225.60,2263.45,46082936
Nifty CPSE,20180725,2266.55,2266.55,2242.20,2255.35,44113752
Nifty CPSE,20180726,2252.85,2281.45,2250.75,2273.75,97213760
Nifty CPSE,20180727,2282.20,2305.15,2268.15,2301.35,47604812
Nifty CPSE,20180730,2306.65,2343.25,2305.70,2324.85,64867952
Nifty CPSE,20180731,2329.30,2342.50,2315.30,2335.40,68146952
Nifty CPSE,20180801,2347.25,2368.85,2341.25,2362.95,67857248
Nifty CPSE,20180802,2380.80,2381.45,2351.35,2360.60,43767232
Nifty CPSE,20180803,2375.30,2390.75,2370.95,2383.50,46175684
Nifty CPSE,20180806,2391.55,2400.10,2380.80,2385.10,35690204
Nifty CPSE,20180807,2388.60,2398.15,2356.05,2359.10,36714952
Nifty CPSE,20180808,2362.65,2377.55,2356.45,2373.85,49046800
Nifty CPSE,20180809,2387.45,2389.75,2364.65,2372.70,48171132
Nifty CPSE,20180810,2375.50,2381.05,2344.10,2354.15,55051692
Nifty CPSE,20180813,2361.55,2362.55,2328.25,2334.65,54914884
Nifty CPSE,20180814,2338.45,2348.40,2324.15,2345.15,40705524
Nifty CPSE,20180816,2338.95,2362.55,2334.90,2340.00,49541224
Nifty CPSE,20180817,2347.50,2356.40,2325.00,2333.45,32041648
Nifty CPSE,20180820,2344.80,2366.15,2338.45,2346.65,44231784
Nifty CPSE,20180821,2356.50,2373.35,2346.40,2362.15,42051564
Nifty CPSE,20180823,2370.10,2370.85,2337.05,2356.15,40304008
Nifty CPSE,20180824,2352.60,2375.25,2349.75,2367.25,38834220
Nifty CPSE,20180827,2377.10,2401.35,2371.35,2396.95,49470864
Nifty CPSE,20180828,2401.35,2418.20,2349.30,2359.10,48337796
Nifty CPSE,20180829,2365.90,2377.60,2359.70,2369.20,46402792
Nifty CPSE,20180830,2369.95,2390.85,2362.95,2375.00,56707776
Nifty CPSE,20180831,2383.05,2403.25,2375.25,2386.75,50974240
Nifty CPSE,20180903,2402.55,2402.55,2371.15,2375.70,37394704
Nifty CPSE,20180904,2378.40,2382.50,2316.30,2319.45,36135376
Nifty CPSE,20180905,2319.70,2320.75,2270.50,2305.95,182723488
Nifty CPSE,20180906,2315.60,2332.15,2288.25,2326.95,88462520
Nifty CPSE,20180907,2335.30,2340.70,2320.65,2336.85,61321216
Nifty CPSE,20180910,2330.20,2330.80,2307.85,2310.95,55361872
Nifty CPSE,20180911,2322.35,2325.65,2277.55,2285.45,87577640
Nifty CPSE,20180912,2281.60,2297.65,2255.20,2276.75,72309544
Nifty CPSE,20180914,2294.50,2319.05,2286.55,2313.40,49363016
Nifty CPSE,20180917,2306.25,2321.10,2291.30,2311.65,56981012
Nifty CPSE,20180918,2315.40,2322.55,2289.05,2292.90,56136672
Nifty CPSE,20180919,2297.55,2337.40,2297.55,2329.85,53740924
Nifty CPSE,20180921,2348.70,2364.20,2293.70,2345.90,94470992
Nifty CPSE,20180924,2350.15,2374.60,2310.05,2319.90,63770732
Nifty CPSE,20180925,2316.40,2335.45,2276.95,2303.95,52729432
Nifty CPSE,20180926,2330.50,2330.50,2298.20,2315.75,83040520
Nifty CPSE,20180927,2319.90,2330.90,2283.45,2290.75,79272144
Nifty CPSE,20180928,2307.45,2317.95,2250.55,2279.70,63728972
Nifty CPSE,20181001,2293.25,2322.80,2252.40,2315.90,54246740
Nifty CPSE,20181003,2303.90,2358.20,2303.45,2341.00,59615856
Nifty CPSE,20181004,2319.30,2324.10,2154.55,2232.10,60636956
Nifty CPSE,20181005,2132.25,2132.25,1994.80,2023.00,172511120
Nifty CPSE,20181008,2034.75,2079.50,2024.15,2065.10,81257192
Nifty CPSE,20181009,2072.35,2079.40,2029.95,2044.05,55994216
Nifty CPSE,20181010,2043.70,2097.25,2043.70,2076.05,60642008
Nifty CPSE,20181011,2031.45,2146.65,2029.30,2104.70,86051880
Nifty CPSE,20181012,2132.70,2172.55,2130.40,2167.10,51025436
Nifty CPSE,20181015,2178.80,2180.55,2134.00,2172.40,40826076
Nifty CPSE,20181016,2183.80,2204.30,2174.95,2196.85,35903024
Nifty CPSE,20181017,2217.75,2219.30,2159.50,2165.00,37724204
Nifty CPSE,20181019,2167.40,2182.95,2133.30,2153.00,46986932
Nifty CPSE,20181022,2170.00,2170.00,2116.10,2122.00,35691388
Nifty CPSE,20181023,2109.25,2131.95,2088.50,2122.40,42039616
Nifty CPSE,20181024,2153.35,2158.50,2116.90,2151.00,64788264
Nifty CPSE,20181025,2135.65,2169.05,2126.40,2152.95,186212240
Nifty CPSE,20181026,2141.20,2141.30,2094.65,2129.40,77958224
Nifty CPSE,20181029,2133.50,2178.70,2112.30,2172.40,62360244
Nifty CPSE,20181030,2166.60,2166.60,2133.40,2136.55,55303724
Nifty CPSE,20181031,2126.00,2149.90,2106.05,2144.55,68787832
Nifty CPSE,20181101,2155.20,2167.45,2144.35,2150.70,79440616
Nifty CPSE,20181102,2171.45,2197.65,2168.50,2179.05,108489008
Nifty CPSE,20181105,2190.60,2190.60,2134.40,2142.50,80115080
Nifty CPSE,20181106,2150.00,2151.25,2134.15,2146.45,68282848
Nifty CPSE,20181107,2161.85,2162.75,2157.10,2160.15,7693704
Nifty CPSE,20181109,2171.80,2188.15,2165.10,2184.65,73497816
Nifty CPSE,20181112,2190.10,2196.05,2139.65,2143.50,55730796
Nifty CPSE,20181113,2153.85,2183.00,2151.80,2180.80,64260660
Nifty CPSE,20181114,2202.95,2236.50,2198.15,2210.90,71987960
Nifty CPSE,20181115,2214.55,2223.55,2189.30,2199.40,52009332
Nifty CPSE,20181116,2191.35,2193.40,2150.30,2163.90,75043200
Nifty CPSE,20181119,2166.05,2167.95,2143.00,2161.75,51233576
Nifty CPSE,20181120,2161.15,2174.15,2127.30,2131.45,54979780
Nifty CPSE,20181121,2155.05,2169.55,2131.85,2136.25,53045468
Nifty CPSE,20181122,2139.10,2142.20,2101.85,2105.25,40234100
Nifty CPSE,20181126,2123.00,2126.85,2063.95,2078.40,70095512
Nifty CPSE,20181127,2079.80,2089.00,2063.85,2082.75,58721192
Nifty CPSE,20181128,2084.75,2090.60,2012.20,2016.40,108678704
Nifty CPSE,20181129,2032.85,2033.15,1974.70,1999.45,187909904
Nifty CPSE,20181130,2001.35,2010.10,1949.70,1967.65,163503488
Nifty CPSE,20181203,1971.10,2017.45,1965.90,2009.30,116960960
Nifty CPSE,20181204,2006.80,2033.10,2003.15,2029.15,78218520
Nifty CPSE,20181205,2021.55,2040.75,1976.90,1990.65,74184448
Nifty CPSE,20181206,1979.05,1979.35,1950.05,1952.55,60154500
Nifty CPSE,20181207,1957.95,1966.50,1928.85,1932.20,118654912
Nifty CPSE,20181210,1910.20,1924.90,1883.45,1917.35,224019968
Nifty CPSE,20181211,1896.05,1934.40,1890.30,1931.25,126022944
Nifty CPSE,20181212,1937.60,1973.90,1934.00,1968.75,107252224
Nifty CPSE,20181213,1988.10,1988.50,1968.10,1980.45,109919760
Nifty CPSE,20181214,1991.45,2021.65,1976.00,2017.60,149712192
Nifty CPSE,20181217,2046.95,2054.60,2034.25,2045.00,103348376
Nifty CPSE,20181218,2047.30,2065.40,2040.00,2063.10,101193080
Nifty CPSE,20181219,2072.90,2081.20,2067.70,2078.10,107515544
Nifty CPSE,20181220,2067.20,2096.00,2063.55,2091.95,132104688
Nifty CPSE,20181221,2079.65,2085.75,2057.95,2069.05,154341280
Nifty CPSE,20181224,2075.10,2077.20,2031.55,2040.95,95445824
Nifty CPSE,20181226,2044.15,2055.20,2019.15,2034.65,96488080
Nifty CPSE,20181227,2046.25,2056.35,2027.40,2049.25,268840288
Nifty CPSE,20181228,2035.65,2077.35,2030.80,2072.05,109121944
Nifty CPSE,20181231,2072.75,2076.75,2060.55,2064.95,62853476
Nifty CPSE,20190101,2065.40,2067.10,2052.85,2061.15,35656856
Nifty CPSE,20190102,2053.95,2055.65,2022.55,2038.95,71613808
Nifty CPSE,20190103,2036.85,2036.90,2001.20,2004.10,96463200
Nifty CPSE,20190104,2005.15,2034.85,2005.15,2031.65,67257120
Nifty CPSE,20190107,2044.70,2047.15,2031.60,2039.75,87134360
Nifty CPSE,20190108,2044.30,2046.15,2028.75,2038.65,65134064
Nifty CPSE,20190109,2041.80,2046.80,2015.55,2024.15,51221536
Nifty CPSE,20190110,2026.15,2035.60,2015.60,2018.35,65431168
Nifty CPSE,20190111,2023.65,2032.35,2019.45,2025.30,59828264
Nifty CPSE,20190114,2030.40,2032.05,2005.10,2013.55,43276480
Nifty CPSE,20190115,2022.45,2033.00,2017.45,2030.50,48987128
Nifty CPSE,20190116,2034.25,2043.30,2031.95,2033.90,40766432
Nifty CPSE,20190117,2039.40,2047.10,2026.60,2031.50,62685468
Nifty CPSE,20190118,2034.45,2042.50,2025.30,2028.20,41077960
Nifty CPSE,20190121,2035.15,2035.80,2000.95,2006.00,38938248
Nifty CPSE,20190122,2008.70,2010.70,1991.35,1996.25,47064516
Nifty CPSE,20190123,1999.65,2006.10,1978.60,1981.45,37102476
Nifty CPSE,20190124,1982.70,1988.75,1971.10,1977.10,36037460
Nifty CPSE,20190125,1981.35,1996.95,1961.85,1965.55,42421536
Nifty CPSE,20190128,1967.20,1973.75,1941.70,1967.70,38028192
Nifty CPSE,20190129,1969.65,1978.50,1955.20,1966.20,59452980
Nifty CPSE,20190130,1970.10,1974.70,1956.10,1963.90,80843616
Nifty CPSE,20190131,1974.05,1989.85,1965.10,1977.30,188550608
Nifty CPSE,20190201,1978.90,1992.35,1968.60,1981.80,45871060
Nifty CPSE,20190204,1980.20,1989.85,1961.75,1970.10,42692872
Nifty CPSE,20190205,1967.55,1977.85,1934.60,1937.60,47819728
Nifty CPSE,20190206,1931.40,1976.05,1929.40,1968.80,53270304
Nifty CPSE,20190207,1971.35,1991.65,1965.45,1987.05,42326844
Nifty CPSE,20190208,1978.45,1991.05,1926.90,1932.55,38815700
Nifty CPSE,20190211,1928.25,1930.45,1893.00,1910.80,63766472
Nifty CPSE,20190212,1915.90,1943.90,1915.20,1925.85,63639044
Nifty CPSE,20190213,1937.30,1942.25,1883.20,1886.20,76757808
Nifty CPSE,20190214,1878.55,1879.40,1825.40,1861.70,168217312
Nifty CPSE,20190215,1892.80,1910.60,1870.60,1896.80,142695536
Nifty CPSE,20190218,1899.15,1916.00,1888.15,1895.25,61760220
Nifty CPSE,20190219,1895.85,1919.95,1895.55,1901.10,60874568
Nifty CPSE,20190220,1916.60,1956.50,1908.70,1944.10,81321840
Nifty CPSE,20190221,1947.70,1963.70,1939.45,1954.95,62078320
Nifty CPSE,20190222,1965.30,2000.30,1959.10,1996.30,93784168
Nifty CPSE,20190225,2002.10,2003.25,1968.55,1998.90,129769824
Nifty CPSE,20190226,1976.85,2024.35,1968.05,2019.45,101426128
Nifty CPSE,20190227,2024.35,2043.65,2008.60,2015.05,88809008
Nifty CPSE,20190228,2017.60,2058.65,2009.80,2048.95,282567392
Nifty CPSE,20190301,2059.45,2083.05,2049.40,2080.20,74495328
Nifty CPSE,20190305,2077.70,2162.15,2075.55,2155.80,99766616
Nifty CPSE,20190306,2166.40,2182.00,2154.10,2168.90,96697664
Nifty CPSE,20190307,2175.70,2178.90,2113.95,2121.20,115654528
Nifty CPSE,20190308,2119.00,2134.00,2088.15,2119.10,132656848
Nifty CPSE,20190311,2133.70,2193.00,2127.95,2164.95,122351232
Nifty CPSE,20190312,2175.35,2198.15,2156.80,2161.80,103981496
Nifty CPSE,20190313,2151.25,2151.25,2087.10,2126.85,130280840
Nifty CPSE,20190314,2137.05,2172.90,2133.10,2167.25,103361776
Nifty CPSE,20190315,2169.45,2237.50,2163.00,2223.80,175917120
Nifty CPSE,20190318,2227.95,2249.05,2221.40,2239.85,119159200
Nifty CPSE,20190319,2260.50,2297.50,2239.90,2266.00,151927136
Nifty CPSE,20190320,2272.15,2273.00,2183.75,2194.20,180963024
Nifty CPSE,20190322,2191.85,2202.00,2165.70,2191.40,181297072
Nifty CPSE,20190325,2186.90,2277.25,2180.65,2262.30,202063488
Nifty CPSE,20190326,2271.80,2310.70,2269.10,2277.25,171373696
Nifty CPSE,20190327,2279.25,2279.80,2250.05,2255.95,88788624
Nifty CPSE,20190328,2261.45,2268.65,2237.15,2244.20,186553664
Nifty CPSE,20190329,2262.30,2279.75,2252.60,2269.75,207875680
Nifty CPSE,20190401,2280.70,2283.35,2223.40,2242.30,148709136
Nifty CPSE,20190402,2256.55,2262.15,2238.25,2249.40,122096992
Nifty CPSE,20190403,2257.65,2261.05,2215.80,2221.90,89733856
Nifty CPSE,20190404,2227.40,2233.80,2210.10,2228.70,76098912
Nifty CPSE,20190405,2233.50,2247.25,2228.45,2243.50,53209796
Nifty CPSE,20190408,2246.30,2249.20,2214.40,2221.85,81117256
Nifty CPSE,20190409,2216.15,2249.85,2212.35,2245.00,73158320
Nifty CPSE,20190410,2243.10,2261.25,2237.15,2244.45,64566252
Nifty CPSE,20190411,2246.85,2260.00,2237.10,2253.10,71548800
Nifty CPSE,20190412,2260.55,2264.20,2244.10,2250.20,66173432
Nifty CPSE,20190415,2264.10,2270.35,2256.15,2262.95,62276812
Nifty CPSE,20190416,2274.80,2288.60,2260.95,2278.75,119183400
Nifty CPSE,20190418,2286.75,2291.25,2266.30,2272.75,59400944
Nifty CPSE,20190422,2261.25,2264.45,2228.90,2237.20,50718452
Nifty CPSE,20190423,2236.15,2257.35,2225.60,2252.15,57932928
Nifty CPSE,20190424,2264.85,2285.00,2263.60,2282.75,97678320
Nifty CPSE,20190425,2283.45,2288.35,2259.25,2266.50,274380224
Nifty CPSE,20190426,2278.50,2287.55,2259.90,2263.85,54309336
Nifty CPSE,20190430,2269.00,2293.55,2245.85,2282.80,66162620
Nifty CPSE,20190502,2282.75,2292.05,2270.05,2276.75,76167088
Nifty CPSE,20190503,2284.05,2298.30,2276.75,2281.10,62240632
Nifty CPSE,20190506,2274.85,2281.20,2265.95,2277.20,54910828
Nifty CPSE,20190507,2284.00,2285.10,2251.80,2256.95,49725376
Nifty CPSE,20190508,2256.90,2258.60,2223.60,2228.45,49407952
Nifty CPSE,20190509,2223.40,2227.55,2193.55,2206.05,57335840
Nifty CPSE,20190510,2203.05,2207.10,2180.05,2184.05,49068716
Nifty CPSE,20190513,2182.45,2185.35,2143.00,2148.15,50645132
Nifty CPSE,20190514,2139.10,2173.00,2123.30,2159.55,52749544
Nifty CPSE,20190515,2168.25,2172.80,2133.90,2142.40,53344184
Nifty CPSE,20190516,2144.10,2174.70,2129.15,2169.65,46924476
Nifty CPSE,20190517,2167.35,2184.55,2144.25,2179.95,66540592
Nifty CPSE,20190520,2233.55,2275.50,2221.15,2271.20,78583176
Nifty CPSE,20190521,2278.15,2281.65,2225.55,2239.40,56763220
Nifty CPSE,20190522,2245.70,2274.40,2238.45,2269.95,61708784
Nifty CPSE,20190523,2297.00,2316.75,2259.45,2265.80,94964528
Nifty CPSE,20190524,2283.80,2294.20,2249.25,2290.10,94337000
Nifty CPSE,20190527,2298.30,2330.80,2284.90,2324.20,90573328
Nifty CPSE,20190528,2325.55,2345.05,2321.45,2338.40,107105984
Nifty CPSE,20190529,2333.90,2336.30,2302.40,2315.40,76563800
Nifty CPSE,20190530,2326.35,2340.05,2317.95,2332.90,173252816
Nifty CPSE,20190531,2350.75,2366.90,2319.40,2344.00,118636048
Nifty CPSE,20190603,2359.65,2379.20,2340.80,2373.75,83653248
Nifty CPSE,20190604,2372.25,2396.85,2363.55,2376.90,71677712
Nifty CPSE,20190606,2383.30,2398.00,2361.75,2378.70,98891576
Nifty CPSE,20190607,2381.45,2384.50,2360.65,2369.55,62276708
Nifty CPSE,20190610,2376.30,2379.30,2324.30,2337.25,60400872
Nifty CPSE,20190611,2343.45,2369.45,2337.20,2364.70,50378184
Nifty CPSE,20190612,2359.75,2367.15,2344.65,2355.20,52192216
Nifty CPSE,20190613,2348.75,2354.95,2326.80,2348.40,47240724
Nifty CPSE,20190614,2345.85,2362.40,2334.15,2340.00,40476824
Nifty CPSE,20190617,2341.15,2342.40,2293.55,2300.10,43450872
Nifty CPSE,20190618,2300.45,2333.25,2297.40,2324.75,41652380
Nifty CPSE,20190619,2325.80,2340.75,2299.45,2320.65,47324076
Nifty CPSE,20190620,2315.25,2357.25,2315.25,2352.85,42367672
Nifty CPSE,20190621,2343.45,2358.00,2325.65,2330.95,84312904
Nifty CPSE,20190624,2331.65,2339.40,2317.05,2324.25,60026840
Nifty CPSE,20190625,2322.70,2358.50,2320.10,2353.05,74047160
Nifty CPSE,20190626,2350.20,2382.40,2349.20,2373.90,73993624
Nifty CPSE,20190627,2376.65,2392.40,2374.25,2384.20,174587744
Nifty CPSE,20190628,2385.80,2395.55,2361.05,2364.95,117864760
Nifty CPSE,20190701,2370.95,2389.55,2303.45,2320.70,99616456
Nifty CPSE,20190702,2327.70,2357.70,2322.85,2355.05,55512652
Nifty CPSE,20190703,2361.65,2373.75,2354.05,2365.45,51298736
Nifty CPSE,20190704,2369.45,2379.80,2362.60,2370.10,39977500
Nifty CPSE,20190705,2372.15,2378.65,2283.55,2290.75,88175240
Nifty CPSE,20190708,2283.95,2284.00,2171.20,2180.80,92194216
Nifty CPSE,20190709,2168.05,2208.05,2157.55,2188.60,184783232
Nifty CPSE,20190710,2187.10,2206.60,2161.30,2176.65,80215720
Nifty CPSE,20190711,2187.70,2192.35,2176.50,2189.15,83626624
Nifty CPSE,20190712,2189.75,2198.50,2151.95,2169.20,275057408
Nifty CPSE,20190715,2164.95,2173.05,2148.45,2159.65,49380592
Nifty CPSE,20190716,2163.95,2190.95,2162.35,2184.65,57096056
Nifty CPSE,20190717,2193.40,2200.35,2157.35,2164.00,48799048
Nifty CPSE,20190718,2168.20,2174.45,2101.10,2103.80,85250328
Nifty CPSE,20190719,2117.10,2130.70,2077.65,2111.35,145502048
Nifty CPSE,20190722,2111.45,2142.30,2083.95,2130.90,106170584
Nifty CPSE,20190723,2133.90,2138.45,2108.50,2115.80,97837016
Nifty CPSE,20190724,2119.65,2124.00,2094.40,2098.40,90291592
Nifty CPSE,20190725,2103.35,2105.20,2063.40,2074.40,177631568
Nifty CPSE,20190726,2078.10,2079.25,2043.25,2054.70,71009712
Nifty CPSE,20190729,2054.75,2057.70,2003.65,2011.55,115462048
Nifty CPSE,20190730,2017.95,2024.70,1971.65,1982.65,134872640
Nifty CPSE,20190731,1968.95,2023.10,1961.90,2017.65,108381672
Nifty CPSE,20190801,2009.70,2018.60,1972.55,1993.00,72859376
Nifty CPSE,20190802,1984.70,1986.65,1948.70,1953.35,95601832
Nifty CPSE,20190805,1937.70,1941.80,1902.95,1921.15,101270784
Nifty CPSE,20190806,1910.60,1958.10,1905.55,1950.10,101801384
Nifty CPSE,20190807,1951.00,1951.70,1926.95,1931.00,90947208
Nifty CPSE,20190808,1936.20,1967.80,1926.05,1962.30,73878416
Nifty CPSE,20190809,1965.75,1974.50,1940.75,1948.35,109610928
Nifty CPSE,20190813,1947.70,1948.10,1872.80,1883.30,96583984
Nifty CPSE,20190814,1897.60,1897.60,1867.45,1883.75,76377600
Nifty CPSE,20190816,1883.90,1904.50,1876.80,1894.90,68879056
Nifty CPSE,20190819,1899.40,1909.20,1882.15,1886.35,53028308
Nifty CPSE,20190820,1888.30,1888.30,1852.90,1857.90,59643632
Nifty CPSE,20190821,1856.05,1856.65,1809.85,1814.30,82742984
Nifty CPSE,20190822,1813.35,1816.60,1759.55,1766.85,87208488
Nifty CPSE,20190823,1763.50,1843.30,1757.75,1834.30,93649936
Nifty CPSE,20190826,1857.95,1868.40,1811.55,1861.55,95125336
Nifty CPSE,20190827,1869.10,1903.25,1866.55,1890.40,132591344
Nifty CPSE,20190828,1886.05,1895.90,1831.20,1840.05,86600136
Nifty CPSE,20190829,1828.60,1881.15,1820.50,1864.90,223196544
Nifty CPSE,20190830,1867.75,1880.90,1807.95,1846.30,93124512
Nifty CPSE,20190903,1824.15,1826.15,1785.20,1789.35,58357044
Nifty CPSE,20190904,1795.30,1827.25,1786.80,1823.90,71680744
Nifty CPSE,20190905,1832.35,1940.25,1832.35,1894.60,157751184
Nifty CPSE,20190906,1905.20,1943.65,1892.70,1938.15,92956240
Nifty CPSE,20190909,1938.45,1952.05,1922.95,1945.20,62451984
Nifty CPSE,20190911,1944.60,1964.90,1911.65,1919.05,71244824
Nifty CPSE,20190912,1924.00,1941.10,1908.55,1911.30,75598536
Nifty CPSE,20190913,1918.15,1949.95,1897.90,1944.75,91664760
Nifty CPSE,20190916,1937.85,1950.70,1925.30,1947.25,90997672
Nifty CPSE,20190917,1944.45,1948.15,1902.25,1906.70,83372120
Nifty CPSE,20190918,1920.40,1924.75,1883.70,1899.50,75249512
Nifty CPSE,20190919,1901.15,1901.95,1867.40,1876.10,65033532
Nifty CPSE,20190920,1874.90,1950.95,1846.85,1943.25,197120944
Nifty CPSE,20190923,1981.20,1990.70,1959.85,1983.90,157952048
Nifty CPSE,20190924,1986.10,1997.00,1940.95,1947.40,100919744
Nifty CPSE,20190925,1932.60,1954.85,1925.25,1932.10,71843248
Nifty CPSE,20190926,1935.50,1995.80,1929.55,1982.60,145620208
Nifty CPSE,20190927,1989.55,1995.70,1948.55,1957.75,73516296
Nifty CPSE,20190930,1954.75,1970.60,1931.15,1963.50,86031888
Nifty CPSE,20191001,1972.40,1997.90,1913.30,1936.20,107173608
Nifty CPSE,20191003,1938.45,1943.15,1911.10,1927.10,88281968
Nifty CPSE,20191004,1942.75,1953.45,1910.55,1927.25,113414160
Nifty CPSE,20191007,1927.00,1928.60,1895.45,1902.40,77423600
Nifty CPSE,20191009,1900.75,1922.35,1889.90,1908.20,82239312
Nifty CPSE,20191010,1906.45,1916.45,1900.80,1903.50,62050652
Nifty CPSE,20191011,1904.50,1924.90,1887.10,1904.20,73527528
Nifty CPSE,20191014,1908.70,1952.55,1908.70,1940.90,88511192
Nifty CPSE,20191015,1944.25,1972.40,1943.20,1968.60,69945048
Nifty CPSE,20191016,1976.85,1988.80,1967.95,1980.50,89477216
Nifty CPSE,20191017,1979.85,2000.70,1969.90,1997.55,68343656
Nifty CPSE,20191018,1991.60,2040.45,1988.80,2036.85,140440864
Nifty CPSE,20191022,2043.90,2054.65,2034.35,2045.45,87564240
Nifty CPSE,20191023,2041.35,2054.45,2031.40,2036.40,65326016
Nifty CPSE,20191024,2043.45,2043.60,2008.75,2016.00,62177172
Nifty CPSE,20191025,2027.70,2027.70,1997.60,2011.25,56627760
Nifty CPSE,20191029,2015.85,2047.65,1999.55,2043.20,63655080
Nifty CPSE,20191030,2062.60,2062.80,2041.00,2047.95,73994528
Nifty CPSE,20191031,2055.35,2064.50,2048.30,2059.45,96149408
Nifty CPSE,20191101,2037.40,2058.15,2028.95,2054.85,63956724
Nifty CPSE,20191104,2055.40,2073.20,2053.00,2067.40,82404704
Nifty CPSE,20191105,2065.65,2069.60,2037.40,2040.55,77491808
Nifty CPSE,20191106,2038.15,2047.50,2025.30,2029.90,69569032
Nifty CPSE,20191107,2040.85,2042.45,2014.90,2023.20,113741784
Nifty CPSE,20191108,2021.75,2032.30,1986.70,1990.00,71395184
Nifty CPSE,20191111,1994.30,2011.55,1984.60,2002.35,66059124
Nifty CPSE,20191113,2013.60,2013.95,1978.80,1983.95,70418776
Nifty CPSE,20191114,1985.30,1989.65,1957.60,1978.60,64532424
Nifty CPSE,20191115,1983.10,1985.45,1953.45,1957.00,56818548
Nifty CPSE,20191118,1959.60,1969.20,1943.30,1960.35,71631592
Nifty CPSE,20191119,1965.65,1966.40,1952.50,1961.10,51699200
Nifty CPSE,20191120,1964.60,1979.20,1951.10,1959.90,73660792
Nifty CPSE,20191121,1962.55,1964.05,1917.00,1922.35,65453040
Nifty CPSE,20191122,1926.15,1952.55,1925.40,1948.40,57349116
Nifty CPSE,20191125,1948.25,1956.50,1938.35,1945.20,61418676
Nifty CPSE,20191126,1950.25,1959.45,1915.35,1921.20,83655552
Nifty CPSE,20191127,1922.50,1936.75,1915.50,1934.10,44834160
Nifty CPSE,20191128,1933.55,1956.45,1924.85,1952.80,63521320
Nifty CPSE,20191129,1956.60,1964.80,1935.05,1943.00,70314648
Nifty CPSE,20191202,1940.10,1941.40,1912.80,1919.90,56241040
Nifty CPSE,20191203,1919.50,1920.85,1904.30,1911.10,56369368
Nifty CPSE,20191204,1906.05,1921.05,1896.65,1911.10,44824872
Nifty CPSE,20191205,1907.40,1917.45,1889.35,1893.35,47090660
Nifty CPSE,20191206,1896.90,1897.55,1856.05,1860.35,57678196
Nifty CPSE,20191209,1863.00,1878.85,1851.10,1865.40,49491052
Nifty CPSE,20191210,1866.35,1872.00,1826.45,1829.15,65912864
Nifty CPSE,20191211,1838.45,1862.60,1831.80,1858.25,64066448
Nifty CPSE,20191212,1866.35,1877.75,1853.15,1874.00,61041416
Nifty CPSE,20191213,1884.45,1895.75,1880.85,1893.65,47181748
Nifty CPSE,20191216,1897.90,1898.45,1871.70,1874.60,37237948
Nifty CPSE,20191217,1873.00,1884.15,1861.70,1880.45,43440048
Nifty CPSE,20191218,1877.65,1882.05,1867.55,1877.80,48960148
Nifty CPSE,20191219,1877.10,1886.60,1867.85,1881.45,36352616
Nifty CPSE,20191220,1881.30,1900.25,1879.70,1888.00,47278608
Nifty CPSE,20191223,1884.85,1899.50,1869.75,1872.70,72385848
Nifty CPSE,20191224,1876.20,1890.65,1874.40,1886.20,49047332
Nifty CPSE,20191226,1884.05,1899.10,1865.20,1882.50,89490552
Nifty CPSE,20191227,1892.80,1915.70,1888.00,1911.10,44247624
Nifty CPSE,20191230,1912.50,1917.05,1901.75,1911.50,31032262
Nifty CPSE,20191231,1908.10,1942.40,1907.50,1935.90,65906204
Nifty CPSE,20200101,1937.25,1946.35,1929.45,1942.95,40230608
Nifty CPSE,20200102,1946.30,1956.30,1934.30,1953.65,63407056
Nifty CPSE,20200103,1958.10,1965.50,1939.90,1945.75,88965104
Nifty CPSE,20200106,1939.95,1941.20,1893.85,1904.75,82663976
Nifty CPSE,20200107,1910.35,1929.75,1906.30,1912.75,66938216
Nifty CPSE,20200108,1892.25,1902.90,1875.80,1883.00,58135396
Nifty CPSE,20200109,1908.65,1911.15,1884.45,1893.90,80335912
Nifty CPSE,20200110,1903.15,1929.80,1899.20,1919.20,68332912
Nifty CPSE,20200113,1923.55,1952.10,1923.15,1950.45,55516440
Nifty CPSE,20200114,1952.95,1960.55,1943.60,1957.10,55533108
Nifty CPSE,20200115,1955.50,1965.65,1944.05,1961.35,73629248
Nifty CPSE,20200116,1964.80,1965.85,1936.40,1943.10,68306672
Nifty CPSE,20200117,1942.05,1945.85,1929.10,1938.10,62110656
Nifty CPSE,20200120,1919.60,1922.30,1865.75,1873.90,132081616
Nifty CPSE,20200121,1874.75,1882.95,1850.90,1854.45,105437480
Nifty CPSE,20200122,1845.10,1848.05,1781.35,1788.45,219742128
Nifty CPSE,20200123,1797.60,1834.70,1796.75,1814.30,425599744
Nifty CPSE,20200124,1805.40,1835.15,1798.25,1816.40,96249264
Nifty CPSE,20200127,1814.45,1814.55,1790.00,1796.00,64524740
Nifty CPSE,20200128,1799.25,1799.25,1769.00,1773.70,80847488
Nifty CPSE,20200129,1781.55,1798.65,1775.50,1784.60,99829312
Nifty CPSE,20200130,1787.30,1792.85,1763.70,1772.50,120136872
Nifty CPSE,20200131,1773.05,1777.90,1694.50,1706.20,330298944
Nifty CPSE,20200203,1638.00,1664.50,1605.80,1653.75,109426272
Nifty CPSE,20200204,1665.15,1699.40,1663.35,1697.10,80720336
Nifty CPSE,20200205,1699.50,1705.90,1680.80,1686.90,74502992
Nifty CPSE,20200206,1689.85,1704.65,1685.05,1702.55,68619712
Nifty CPSE,20200207,1704.30,1728.15,1694.25,1724.20,107179888
Nifty CPSE,20200210,1724.95,1726.25,1677.15,1684.45,170515008
Nifty CPSE,20200211,1696.85,1709.90,1689.25,1701.25,131978920
Nifty CPSE,20200212,1707.70,1717.75,1700.35,1703.85,95426864
Nifty CPSE,20200213,1703.90,1710.25,1680.45,1688.15,114991472
Nifty CPSE,20200214,1688.60,1694.75,1645.35,1649.05,133639768
Nifty CPSE,20200217,1646.15,1651.30,1597.10,1611.40,134091568
Nifty CPSE,20200218,1602.45,1626.75,1564.10,1611.60,190898752
Nifty CPSE,20200219,1636.55,1653.60,1618.75,1651.50,125078256
Nifty CPSE,20200220,1650.75,1664.20,1641.75,1659.15,143616224
Nifty CPSE,20200224,1652.45,1652.80,1611.55,1616.10,92860744
Nifty CPSE,20200225,1625.20,1642.00,1614.80,1618.25,91628200
Nifty CPSE,20200226,1611.60,1630.95,1593.70,1598.55,88424800
Nifty CPSE,20200227,1596.55,1600.35,1562.60,1588.55,127045288
Nifty CPSE,20200228,1555.35,1563.05,1532.90,1544.65,146954976
Nifty CPSE,20200302,1578.05,1590.40,1518.20,1529.65,100416888
Nifty CPSE,20200303,1543.80,1616.00,1538.50,1601.20,122494176
Nifty CPSE,20200304,1601.35,1618.05,1579.70,1605.90,116747720
Nifty CPSE,20200305,1612.45,1622.10,1587.85,1597.45,89700224
Nifty CPSE,20200306,1537.45,1566.35,1527.50,1545.65,92946944
Nifty CPSE,20200309,1498.10,1506.65,1419.65,1437.30,288138528
Nifty CPSE,20200311,1441.70,1458.25,1426.50,1444.70,217207344
Nifty CPSE,20200312,1380.80,1385.65,1308.70,1315.20,293796832
Nifty CPSE,20200313,1256.50,1368.85,1136.65,1351.40,278687904
Nifty CPSE,20200316,1315.90,1316.45,1248.90,1259.00,199276160
Nifty CPSE,20200317,1262.85,1333.85,1242.20,1263.00,157948976
Nifty CPSE,20200318,1288.50,1304.05,1189.10,1243.60,509712640
Nifty CPSE,20200319,1181.55,1220.50,1152.20,1167.85,206412064
Nifty CPSE,20200320,1181.90,1295.75,1180.35,1279.50,382342336
Nifty CPSE,20200323,1163.90,1217.85,1159.00,1182.55,147648592
Nifty CPSE,20200324,1210.55,1233.80,1177.40,1187.65,116029472
Nifty CPSE,20200325,1180.00,1208.90,1172.00,1196.95,90242536
Nifty CPSE,20200326,1210.85,1239.45,1184.50,1226.90,184189792
Nifty CPSE,20200327,1258.60,1293.25,1234.50,1270.15,170551440
Nifty CPSE,20200330,1226.80,1276.50,1215.95,1262.80,117668608
Nifty CPSE,20200331,1283.50,1325.45,1272.05,1315.55,137395168
Nifty CPSE,20200401,1305.70,1309.70,1271.30,1276.75,86675280
Nifty CPSE,20200403,1297.55,1311.10,1267.45,1293.00,116723792
Nifty CPSE,20200407,1325.50,1336.80,1305.30,1323.25,139068656
Nifty CPSE,20200408,1320.70,1361.85,1302.45,1331.15,133217224
Nifty CPSE,20200409,1358.60,1382.45,1347.35,1374.60,72117344
Nifty CPSE,20200413,1385.60,1386.20,1337.50,1375.10,109099576
Nifty CPSE,20200415,1386.00,1420.75,1371.15,1377.90,116599160
Nifty CPSE,20200416,1364.55,1417.40,1361.85,1406.05,117470984
Nifty CPSE,20200417,1453.90,1456.40,1419.90,1423.95,93175736
Nifty CPSE,20200420,1432.70,1433.00,1401.45,1410.60,114344104
Nifty CPSE,20200421,1373.35,1375.00,1358.15,1364.45,98459744
Nifty CPSE,20200422,1342.60,1356.70,1306.25,1352.75,137266896
Nifty CPSE,20200423,1362.45,1375.55,1344.30,1347.60,122710856
Nifty CPSE,20200424,1341.70,1366.80,1326.10,1330.55,134288096
Nifty CPSE,20200427,1345.95,1347.55,1332.30,1334.05,69960320
Nifty CPSE,20200428,1333.90,1337.70,1317.25,1320.95,88289584
Nifty CPSE,20200429,1331.25,1347.80,1324.80,1341.75,88032128
Nifty CPSE,20200430,1363.85,1430.95,1356.95,1421.65,134534976
Nifty CPSE,20200504,1377.15,1382.15,1357.60,1366.25,84205896
Nifty CPSE,20200505,1389.05,1411.95,1367.95,1371.75,120402808
Nifty CPSE,20200506,1388.15,1388.15,1362.75,1373.65,90413624
Nifty CPSE,20200507,1357.75,1362.20,1330.75,1333.55,60661584
Nifty CPSE,20200508,1346.40,1351.45,1308.50,1311.90,95646360
Nifty CPSE,20200511,1320.60,1331.95,1311.15,1313.50,64105012
Nifty CPSE,20200512,1311.15,1331.65,1293.65,1325.35,80669640
Nifty CPSE,20200513,1380.40,1380.40,1345.05,1361.85,130929800
Nifty CPSE,20200514,1350.15,1350.40,1317.60,1324.55,120161176
Nifty CPSE,20200515,1330.80,1346.25,1324.30,1336.20,120004344
Nifty CPSE,20200518,1339.60,1339.60,1278.80,1283.05,131093952
Nifty CPSE,20200519,1298.90,1326.65,1293.90,1313.90,112335936
Nifty CPSE,20200520,1307.40,1330.85,1300.85,1323.75,72511928
Nifty CPSE,20200521,1326.75,1329.35,1312.25,1318.70,90469824
Nifty CPSE,20200522,1312.70,1315.50,1292.30,1311.15,66806524
Nifty CPSE,20200526,1316.10,1335.70,1316.10,1331.70,63721784
Nifty CPSE,20200527,1332.90,1349.55,1318.40,1348.05,72027264
Nifty CPSE,20200528,1350.90,1371.30,1344.90,1368.50,92281248
Nifty CPSE,20200529,1360.35,1413.55,1352.65,1407.75,156246624
Nifty CPSE,20200601,1423.70,1440.30,1417.80,1432.55,122846224
Nifty CPSE,20200602,1441.60,1441.60,1413.85,1433.25,111702672
Nifty CPSE,20200603,1450.35,1455.00,1431.35,1437.30,120854160
Nifty CPSE,20200604,1429.80,1446.10,1419.10,1436.90,82411304
Nifty CPSE,20200605,1438.20,1479.95,1433.30,1473.50,121059920
Nifty CPSE,20200608,1504.75,1526.00,1494.80,1502.35,130061560
Nifty CPSE,20200609,1515.80,1517.45,1482.65,1487.10,88977592
Nifty CPSE,20200610,1490.60,1498.35,1468.25,1473.35,118809960
Nifty CPSE,20200611,1472.50,1487.55,1453.70,1456.20,86533088
Nifty CPSE,20200612,1395.45,1433.60,1395.45,1428.40,98023344
Nifty CPSE,20200615,1426.65,1427.90,1399.55,1407.70,77654496
Nifty CPSE,20200616,1432.35,1434.05,1391.10,1404.75,84126440
Nifty CPSE,20200617,1399.35,1408.25,1390.50,1394.25,96479200
Nifty CPSE,20200618,1392.15,1430.55,1381.70,1425.90,152453488
Nifty CPSE,20200619,1442.70,1454.60,1429.75,1450.20,130806920
Nifty CPSE,20200622,1467.80,1488.35,1457.30,1482.95,134794560
Nifty CPSE,20200623,1493.60,1524.10,1488.95,1519.85,132893944
Nifty CPSE,20200624,1531.70,1535.85,1474.65,1479.60,166664512
Nifty CPSE,20200625,1471.00,1491.20,1455.30,1462.40,338503680
Nifty CPSE,20200626,1478.25,1489.10,1467.90,1482.45,96590544
Nifty CPSE,20200629,1477.55,1478.35,1443.85,1451.45,99897640
Nifty CPSE,20200630,1474.40,1474.75,1437.85,1440.55,154100048
Nifty CPSE,20200701,1429.65,1434.35,1418.15,1430.80,102487216
Nifty CPSE,20200702,1440.20,1453.05,1436.30,1439.80,124845152
Nifty CPSE,20200703,1449.05,1467.30,1442.20,1464.75,147739040
Nifty CPSE,20200706,1478.15,1485.75,1471.95,1483.45,127184192
Nifty CPSE,20200707,1486.60,1486.65,1449.45,1452.80,209151296
Nifty CPSE,20200708,1454.15,1464.85,1440.25,1444.15,149171680
Nifty CPSE,20200709,1449.05,1455.10,1433.50,1436.60,106606632
Nifty CPSE,20200710,1433.00,1435.20,1420.30,1428.45,98660504
Nifty CPSE,20200713,1435.50,1439.80,1416.10,1419.20,73904256
Nifty CPSE,20200714,1416.70,1417.85,1384.75,1386.05,80655032
Nifty CPSE,20200715,1399.00,1401.90,1378.85,1381.30,75471992
Nifty CPSE,20200716,1385.15,1386.25,1356.45,1368.85,70898160
Nifty CPSE,20200717,1372.90,1412.95,1372.90,1408.65,110199192
Nifty CPSE,20200720,1420.00,1420.90,1406.70,1409.10,88920776
Nifty CPSE,20200721,1417.20,1441.35,1414.80,1438.80,105998976
Nifty CPSE,20200722,1444.25,1474.25,1437.35,1456.25,124312024
Nifty CPSE,20200723,1456.95,1472.40,1452.25,1466.30,88049784
Nifty CPSE,20200724,1458.65,1462.65,1441.25,1453.50,84994632
Nifty CPSE,20200727,1454.65,1455.60,1430.70,1435.60,59385228
Nifty CPSE,20200728,1434.30,1440.30,1422.80,1436.70,80088208
Nifty CPSE,20200729,1434.30,1451.15,1431.90,1438.85,76440120
Nifty CPSE,20200730,1444.75,1448.85,1409.40,1411.95,70924424
Nifty CPSE,20200731,1415.45,1424.25,1404.60,1415.25,69539688
Nifty CPSE,20200803,1418.40,1418.40,1397.40,1401.75,63243208
Nifty CPSE,20200804,1409.95,1418.30,1402.45,1407.65,77541008
Nifty CPSE,20200805,1410.50,1417.20,1403.75,1407.90,61529736
Nifty CPSE,20200806,1415.90,1431.50,1407.85,1413.20,72308120
Nifty CPSE,20200807,1415.75,1423.05,1415.15,1418.65,59554316
Nifty CPSE,20200810,1436.05,1449.70,1432.20,1442.15,116253216
Nifty CPSE,20200811,1452.60,1462.40,1437.90,1440.00,82397272
Nifty CPSE,20200812,1438.95,1451.35,1432.80,1446.60,107778568
Nifty CPSE,20200813,1448.60,1454.45,1439.65,1450.50,104099696
Nifty CPSE,20200814,1457.10,1468.45,1441.60,1447.80,170704592
Nifty CPSE,20200817,1461.65,1501.10,1459.90,1491.00,211600512
Nifty CPSE,20200818,1500.30,1505.00,1492.05,1496.75,143820928
Nifty CPSE,20200819,1505.25,1511.05,1489.95,1492.40,113592528
Nifty CPSE,20200820,1485.40,1550.85,1477.45,1542.95,295009344
Nifty CPSE,20200821,1558.70,1585.55,1555.85,1568.95,229388736
Nifty CPSE,20200824,1576.40,1581.00,1552.95,1561.90,121367520
Nifty CPSE,20200825,1569.75,1571.65,1543.15,1549.20,123488944
Nifty CPSE,20200826,1559.20,1567.10,1551.45,1554.55,116965408
Nifty CPSE,20200827,1562.15,1566.70,1542.45,1546.15,82254272
Nifty CPSE,20200828,1560.65,1570.65,1544.95,1547.10,156483376
Nifty CPSE,20200831,1553.00,1568.95,1495.80,1498.85,236189680
Nifty CPSE,20200901,1510.40,1513.30,1482.25,1502.75,138503264
Nifty CPSE,20200902,1511.40,1518.45,1496.80,1513.70,114508128
Nifty CPSE,20200903,1516.60,1521.50,1493.35,1499.45,95298664
Nifty CPSE,20200904,1480.65,1489.50,1461.70,1466.25,91523904
Nifty CPSE,20200907,1470.90,1480.15,1446.65,1454.10,86682264
Nifty CPSE,20200908,1457.55,1458.15,1423.15,1427.15,90932704
Nifty CPSE,20200909,1418.30,1419.05,1389.60,1413.35,115388848
Nifty CPSE,20200910,1423.05,1425.75,1403.35,1419.25,94218032
Nifty CPSE,20200911,1419.85,1421.85,1404.85,1410.55,78475600
Nifty CPSE,20200914,1425.90,1434.05,1411.80,1415.10,96520760
Nifty CPSE,20200915,1417.55,1423.40,1411.75,1414.85,75501144
Nifty CPSE,20200916,1419.80,1420.60,1399.60,1404.30,93864664
Nifty CPSE,20200917,1399.50,1409.70,1390.45,1393.75,86323128
Nifty CPSE,20200918,1401.65,1411.20,1392.50,1408.70,130224864
Nifty CPSE,20200921,1408.25,1409.00,1361.95,1368.00,80854336
Nifty CPSE,20200922,1365.05,1367.55,1327.10,1342.60,99229624
Nifty CPSE,20200923,1348.20,1354.05,1317.35,1324.55,85641600
Nifty CPSE,20200924,1309.25,1317.55,1278.30,1284.55,132646696
Nifty CPSE,20200925,1297.80,1316.10,1285.95,1313.60,81727936
Nifty CPSE,20200928,1322.05,1365.95,1320.85,1359.05,92260008
Nifty CPSE,20200929,1371.25,1371.25,1324.75,1327.75,88084368
Nifty CPSE,20200930,1329.55,1330.35,1302.85,1322.40,80792856
Nifty CPSE,20201001,1325.75,1332.15,1317.40,1328.50,71325680
Nifty CPSE,20201005,1329.90,1338.90,1321.10,1327.95,63173392
Nifty CPSE,20201006,1334.15,1335.90,1319.45,1322.95,56190928
Nifty CPSE,20201007,1323.60,1331.05,1308.10,1311.30,116793008
Nifty CPSE,20201008,1316.45,1317.60,1294.85,1296.80,74094600
Nifty CPSE,20201009,1300.95,1308.35,1291.95,1306.50,83667352
Nifty CPSE,20201012,1312.30,1317.05,1295.85,1299.45,64309956
Nifty CPSE,20201013,1299.85,1305.90,1294.55,1296.65,56908364
Nifty CPSE,20201014,1293.65,1296.65,1260.00,1264.85,140663232
Nifty CPSE,20201015,1265.80,1278.95,1252.35,1256.15,82424200
Nifty CPSE,20201016,1260.40,1281.00,1255.85,1277.25,78162016
Nifty CPSE,20201019,1285.25,1308.40,1283.20,1298.35,94331392
Nifty CPSE,20201020,1298.85,1301.10,1280.00,1282.00,73307408
Nifty CPSE,20201021,1287.60,1318.20,1284.65,1306.25,122576752
Nifty CPSE,20201022,1301.80,1332.50,1297.85,1325.75,132595600
Nifty CPSE,20201023,1335.40,1343.45,1330.70,1341.10,118482328
Nifty CPSE,20201026,1346.45,1347.55,1317.95,1328.45,97708920
Nifty CPSE,20201027,1335.80,1340.45,1320.85,1334.25,156731872
Nifty CPSE,20201028,1337.95,1337.95,1317.85,1320.95,91418200
Nifty CPSE,20201029,1310.55,1316.15,1296.55,1300.25,111813472
Nifty CPSE,20201030,1304.50,1324.50,1301.05,1312.70,126918688
Nifty CPSE,20201102,1321.80,1333.40,1313.05,1329.45,88201024
Nifty CPSE,20201103,1340.60,1349.45,1317.40,1336.55,178995392
Nifty CPSE,20201104,1339.15,1339.40,1314.35,1326.30,96269248
Nifty CPSE,20201105,1336.40,1362.50,1331.80,1360.20,111939008
Nifty CPSE,20201106,1360.90,1371.80,1352.00,1368.55,107103664
Nifty CPSE,20201109,1383.85,1391.00,1372.10,1388.15,102143040
Nifty CPSE,20201110,1392.80,1419.70,1384.00,1416.45,136735024
Nifty CPSE,20201111,1419.50,1437.35,1408.35,1432.35,145799232
Nifty CPSE,20201112,1434.95,1435.40,1408.50,1414.50,134795008
Nifty CPSE,20201113,1409.90,1430.20,1396.85,1429.10,95876176
Nifty CPSE,20201117,1438.65,1444.20,1419.95,1422.70,137558160
Nifty CPSE,20201118,1424.35,1431.70,1417.00,1421.75,115108536
Nifty CPSE,20201119,1410.75,1475.50,1409.85,1443.30,223334960
Nifty CPSE,20201120,1457.00,1461.85,1440.00,1454.25,174265664
Nifty CPSE,20201123,1460.30,1491.20,1455.30,1483.85,166575344
Nifty CPSE,20201124,1489.65,1502.35,1482.20,1487.25,141924720
Nifty CPSE,20201125,1495.45,1521.35,1492.85,1506.05,199832784
Nifty CPSE,20201126,1510.20,1520.75,1500.25,1517.40,127297152
Nifty CPSE,20201127,1527.35,1529.10,1491.65,1509.35,367280384
Nifty CPSE,20201201,1515.90,1536.05,1506.15,1525.80,173258352
Nifty CPSE,20201202,1533.05,1559.60,1523.75,1556.75,190493248
Nifty CPSE,20201203,1569.75,1598.30,1563.45,1593.85,194580144
Nifty CPSE,20201204,1604.80,1615.05,1582.65,1602.40,167196416
Nifty CPSE,20201207,1608.05,1632.85,1607.30,1622.40,156299552
Nifty CPSE,20201208,1634.45,1637.35,1595.65,1601.85,144340560
Nifty CPSE,20201209,1617.05,1631.55,1606.00,1609.50,153430832
Nifty CPSE,20201210,1610.60,1615.25,1583.00,1603.65,105348720
Nifty CPSE,20201211,1612.50,1686.40,1612.25,1653.45,340359392
Nifty CPSE,20201214,1674.60,1709.95,1671.25,1703.70,279844640
Nifty CPSE,20201215,1708.40,1709.75,1675.50,1698.20,164321664
Nifty CPSE,20201216,1716.90,1727.20,1708.00,1717.55,205780864
Nifty CPSE,20201217,1723.40,1724.30,1698.65,1703.85,144755088
Nifty CPSE,20201218,1705.50,1710.70,1673.75,1687.85,172796304
Nifty CPSE,20201221,1684.25,1684.25,1557.05,1577.85,202699952
Nifty CPSE,20201222,1573.35,1611.40,1551.15,1602.85,188117872
Nifty CPSE,20201223,1608.35,1612.70,1589.40,1608.80,110614792
Nifty CPSE,20201224,1623.25,1646.40,1621.00,1627.35,146889376
Nifty CPSE,20201228,1644.35,1652.45,1634.90,1640.00,86135248
Nifty CPSE,20201229,1647.05,1653.20,1617.70,1621.20,96277712
Nifty CPSE,20201230,1629.45,1631.05,1613.55,1627.50,99192344
Nifty CPSE,20201231,1627.95,1638.75,1624.30,1628.65,199792384
Nifty CPSE,20210101,1633.85,1642.65,1630.75,1639.05,155582592
Nifty CPSE,20210104,1654.05,1672.80,1646.80,1670.85,181604448
Nifty CPSE,20210105,1667.75,1667.75,1645.10,1654.40,181256544
Nifty CPSE,20210106,1673.25,1690.85,1665.10,1679.45,209200880
Nifty CPSE,20210107,1695.60,1703.65,1684.65,1687.75,146485040
Nifty CPSE,20210108,1701.80,1726.65,1698.85,1725.10,173532752
Nifty CPSE,20210111,1735.45,1741.30,1712.85,1738.20,154190240
Nifty CPSE,20210112,1734.15,1760.60,1727.45,1754.60,164772176
Nifty CPSE,20210113,1765.60,1791.50,1746.60,1767.40,188799536
Nifty CPSE,20210114,1782.25,1787.30,1763.20,1772.75,135797184
Nifty CPSE,20210115,1772.10,1781.60,1723.75,1733.20,138053264
Nifty CPSE,20210118,1731.40,1735.25,1668.50,1677.35,141435168
Nifty CPSE,20210119,1688.90,1710.85,1688.15,1708.00,113420704
Nifty CPSE,20210120,1712.95,1717.45,1694.95,1701.45,101929344
Nifty CPSE,20210121,1707.30,1712.90,1659.75,1663.65,105085432
Nifty CPSE,20210122,1663.50,1667.90,1625.40,1631.05,117081816
Nifty CPSE,20210125,1642.55,1647.75,1600.80,1607.75,94438984
Nifty CPSE,20210127,1606.05,1608.55,1584.15,1592.80,120486424
Nifty CPSE,20210128,1579.45,1596.30,1568.75,1583.00,117610824
Nifty CPSE,20210129,1590.95,1602.85,1550.30,1557.60,151700480
Nifty CPSE,20210201,1565.30,1601.80,1551.65,1597.85,125766408
Nifty CPSE,20210202,1617.95,1641.05,1612.35,1627.00,132719072
Nifty CPSE,20210203,1638.95,1691.95,1637.30,1678.15,177730176
Nifty CPSE,20210204,1685.70,1726.90,1681.45,1722.00,190975472
Nifty CPSE,20210205,1735.50,1737.50,1704.80,1719.65,162238800
Nifty CPSE,20210208,1717.05,1748.70,1716.60,1742.55,160038960
Nifty CPSE,20210209,1746.25,1767.20,1729.10,1735.25,170170560
Nifty CPSE,20210210,1742.50,1746.20,1720.10,1732.85,110487944
Nifty CPSE,20210211,1722.25,1728.00,1711.70,1717.00,122427496
Nifty CPSE,20210212,1725.60,1726.55,1684.00,1694.65,121415640
Nifty CPSE,20210215,1702.80,1704.85,1686.25,1693.55,84617576
Nifty CPSE,20210216,1701.95,1760.00,1701.95,1747.30,223496736
Nifty CPSE,20210217,1738.65,1769.05,1727.45,1765.05,119314568
Nifty CPSE,20210218,1773.30,1859.25,1771.40,1839.90,371837088
Nifty CPSE,20210219,1838.40,1858.95,1787.90,1806.70,294140672
Nifty CPSE,20210222,1812.05,1826.00,1771.10,1778.85,174213056
Nifty CPSE,20210223,1797.35,1826.55,1790.10,1814.70,222009088
Nifty CPSE,20210224,1834.30,1846.40,1820.90,1832.90,136692208
Nifty CPSE,20210225,1852.50,1930.25,1847.00,1914.05,349286144
Nifty CPSE,20210226,1882.60,1921.35,1831.75,1846.05,331265184
Nifty CPSE,20210301,1882.35,1925.95,1877.25,1918.40,308681696
Nifty CPSE,20210302,1924.05,1948.90,1900.80,1926.25,264955248
Nifty CPSE,20210303,1950.55,1955.80,1926.20,1937.90,151964160
Nifty CPSE,20210304,1919.95,1941.95,1913.95,1921.85,187069680
Nifty CPSE,20210305,1934.55,1942.75,1887.45,1900.15,177834704
Nifty CPSE,20210308,1929.20,1957.30,1919.95,1925.65,173556128
Nifty CPSE,20210309,1939.80,1943.60,1868.60,1892.15,121364256
Nifty CPSE,20210310,1905.35,1906.20,1870.20,1881.90,92600848
Nifty CPSE,20210312,1906.45,1912.55,1878.55,1890.05,126887200
Nifty CPSE,20210315,1893.05,1894.65,1861.45,1888.05,115393888
Nifty CPSE,20210316,1889.45,1901.25,1880.25,1886.00,89512216
Nifty CPSE,20210317,1885.15,1886.85,1821.30,1827.55,117939344
Nifty CPSE,20210318,1839.30,1853.85,1795.30,1808.45,114898488
Nifty CPSE,20210319,1785.10,1858.30,1764.60,1838.00,298116768
Nifty CPSE,20210322,1852.80,1852.80,1823.10,1828.40,122924816
Nifty CPSE,20210323,1830.00,1832.55,1805.00,1809.85,109407608
Nifty CPSE,20210324,1792.35,1806.00,1776.65,1779.40,117871696
Nifty CPSE,20210325,1783.80,1792.05,1731.15,1734.60,142310336
Nifty CPSE,20210326,1756.90,1763.30,1734.75,1745.95,104632256
Nifty CPSE,20210330,1768.50,1806.65,1760.85,1798.00,186012448
Nifty CPSE,20210331,1794.80,1796.00,1771.00,1773.80,112627600
Nifty CPSE,20210401,1786.25,1804.45,1776.70,1800.55,81392392
Nifty CPSE,20210405,1786.00,1799.75,1748.95,1785.35,112896496
Nifty CPSE,20210406,1793.90,1805.00,1768.80,1776.45,92059472
Nifty CPSE,20210407,1783.00,1798.85,1775.85,1781.55,79398160
Nifty CPSE,20210408,1785.60,1801.80,1774.05,1778.15,121413576
Nifty CPSE,20210409,1781.70,1788.55,1762.05,1766.00,84240032
Nifty CPSE,20210412,1737.70,1739.10,1676.85,1683.00,120476264
Nifty CPSE,20210413,1693.15,1737.90,1690.55,1732.50,96533672
Nifty CPSE,20210415,1742.05,1769.85,1731.30,1751.75,98736496
Nifty CPSE,20210416,1753.90,1780.70,1743.55,1765.70,85854792
Nifty CPSE,20210419,1723.65,1731.35,1700.70,1704.90,84323528
Nifty CPSE,20210420,1716.80,1731.85,1699.85,1709.65,82567264
Nifty CPSE,20210422,1702.95,1720.00,1693.30,1716.30,74081336
Nifty CPSE,20210423,1708.85,1748.15,1708.15,1741.15,105548400
Nifty CPSE,20210426,1757.60,1761.60,1748.85,1757.15,77795200
Nifty CPSE,20210427,1756.95,1774.95,1756.75,1765.25,70804704
Nifty CPSE,20210428,1777.65,1786.40,1769.55,1784.00,62572200
Nifty CPSE,20210429,1800.30,1806.45,1780.85,1787.30,76821904
Nifty CPSE,20210430,1776.25,1845.85,1770.85,1813.75,179148720
Nifty CPSE,20210503,1800.60,1826.55,1788.95,1818.70,98996288
Nifty CPSE,20210504,1825.20,1848.60,1816.95,1824.65,135322752
Nifty CPSE,20210505,1843.50,1861.30,1835.95,1847.15,136996640
Nifty CPSE,20210506,1863.30,1866.95,1835.00,1848.75,106871136
Nifty CPSE,20210507,1860.60,1881.55,1849.95,1871.25,138605712
Nifty CPSE,20210510,1892.20,1953.25,1888.30,1946.45,246002448
Nifty CPSE,20210511,1934.30,2017.30,1917.60,2012.65,364215360
Nifty CPSE,20210512,2030.55,2070.60,1984.60,2008.45,434233856
Nifty CPSE,20210514,2025.45,2025.45,1946.65,1962.20,188973488
Nifty CPSE,20210517,1971.60,1980.15,1948.20,1975.75,136426016
Nifty CPSE,20210518,1997.25,2016.35,1990.05,1997.40,172841520
Nifty CPSE,20210519,1994.50,2008.55,1986.55,2003.20,163204224
Nifty CPSE,20210520,1997.45,2003.65,1964.65,1969.00,121659768
Nifty CPSE,20210521,1971.15,1981.35,1966.45,1973.50,109708272
Nifty CPSE,20210524,1975.40,1995.85,1966.65,1987.90,132747496
Nifty CPSE,20210525,2004.60,2012.05,1982.85,1985.35,109861936
Nifty CPSE,20210526,1992.55,1994.75,1952.75,1955.05,101853952
Nifty CPSE,20210527,1960.00,1962.05,1939.95,1950.30,283733376
Nifty CPSE,20210528,1965.80,1975.50,1939.40,1943.05,112494128
Nifty CPSE,20210531,1946.45,1960.50,1930.75,1957.40,99457688
Nifty CPSE,20210601,1974.85,1984.60,1964.30,1968.85,139855552
Nifty CPSE,20210602,1969.65,1990.95,1969.15,1988.10,90319592
Nifty CPSE,20210603,2001.25,2013.95,1993.60,2008.85,133358512
Nifty CPSE,20210604,2014.40,2042.05,2014.10,2038.05,196779024
Nifty CPSE,20210607,2055.95,2078.55,2052.25,2069.05,178203840
Nifty CPSE,20210608,2084.75,2085.85,2047.10,2059.40,172617792
Nifty CPSE,20210609,2076.55,2114.80,2059.55,2072.95,215804320
Nifty CPSE,20210610,2090.35,2098.40,2071.40,2077.75,128926984
Nifty CPSE,20210611,2096.35,2118.85,2081.65,2108.85,328285984
Nifty CPSE,20210614,2117.65,2117.65,2059.45,2109.05,229762432
Nifty CPSE,20210615,2120.55,2125.45,2097.90,2100.20,170562176
Nifty CPSE,20210616,2105.90,2111.75,2082.40,2094.40,147126064
Nifty CPSE,20210617,2082.90,2092.75,2050.50,2064.30,115653720
Nifty CPSE,20210618,2072.70,2075.00,1982.80,2009.95,249981904
Nifty CPSE,20210621,1993.00,2049.40,1986.25,2044.30,127848376
Nifty CPSE,20210622,2054.05,2067.50,2049.60,2056.20,147736288
Nifty CPSE,20210623,2077.45,2077.50,2050.30,2066.85,237563520
Nifty CPSE,20210624,2071.25,2071.70,2043.85,2058.00,161140288
Nifty CPSE,20210625,2068.50,2077.05,2053.15,2059.55,120865672
Nifty CPSE,20210628,2070.80,2081.65,2064.85,2067.55,124281240
Nifty CPSE,20210629,2067.40,2078.65,2050.45,2055.95,212931056
Nifty CPSE,20210630,2067.50,2072.45,2049.35,2052.65,131966896
Nifty CPSE,20210701,2055.45,2067.10,2044.30,2064.10,102425072
Nifty CPSE,20210702,2074.85,2078.50,2054.00,2059.20,112114352
Nifty CPSE,20210705,2068.45,2077.70,2063.90,2073.55,92900952
Nifty CPSE,20210706,2073.90,2085.50,2058.90,2061.35,159450432
Nifty CPSE,20210707,2049.85,2062.95,2042.85,2060.35,119529784
Nifty CPSE,20210708,2056.15,2067.90,2037.75,2044.05,110796552
Nifty CPSE,20210709,2042.75,2052.25,2037.80,2047.90,66233944
Nifty CPSE,20210712,2055.10,2063.05,2045.80,2048.95,92252720
Nifty CPSE,20210713,2057.80,2075.45,2054.55,2068.25,108189904
Nifty CPSE,20210714,2071.45,2083.15,2070.15,2076.30,92955520
Nifty CPSE,20210715,2073.45,2075.50,2051.30,2053.45,79422576
Nifty CPSE,20210716,2057.60,2061.75,2050.05,2055.00,131698336
Nifty CPSE,20210719,2044.25,2061.55,2040.40,2054.65,88242456
Nifty CPSE,20210720,2052.05,2054.20,2017.75,2020.75,78704792
Nifty CPSE,20210722,2041.15,2052.50,2029.85,2050.35,64889852
Nifty CPSE,20210723,2053.35,2059.35,2038.85,2040.60,96122136
Nifty CPSE,20210726,2039.00,2055.10,2031.40,2042.65,61705384
Nifty CPSE,20210727,2048.35,2055.65,2028.35,2034.80,60154460
Nifty CPSE,20210728,2040.70,2041.50,2010.10,2029.80,81208240
Nifty CPSE,20210729,2035.35,2044.15,2019.05,2029.20,130505912
Nifty CPSE,20210730,2032.40,2059.15,2024.55,2043.00,116231440
Nifty CPSE,20210802,2049.00,2052.10,2036.35,2045.75,85013144
Nifty CPSE,20210803,2048.65,2058.00,2040.35,2055.65,89188656
Nifty CPSE,20210804,2060.50,2073.50,2041.45,2046.60,90869264
Nifty CPSE,20210805,2040.50,2045.65,2017.10,2042.20,70919952
Nifty CPSE,20210806,2041.90,2061.45,2040.10,2044.70,58541768
Nifty CPSE,20210809,2042.95,2049.45,2016.50,2024.55,97150608
Nifty CPSE,20210810,2026.15,2026.80,1980.30,1992.00,81874240
Nifty CPSE,20210811,1999.10,2031.15,1994.00,2027.50,93462688
Nifty CPSE,20210812,2027.60,2067.30,2023.45,2064.35,102380064
Nifty CPSE,20210813,2064.10,2068.55,2043.90,2054.80,89489912
Nifty CPSE,20210816,2054.70,2061.80,2036.55,2038.80,73138456
Nifty CPSE,20210817,2042.45,2048.85,2010.10,2026.65,83593016
Nifty CPSE,20210818,2029.50,2043.65,2005.95,2009.05,81715296
Nifty CPSE,20210820,1981.55,1989.05,1954.95,1960.90,107009728
Nifty CPSE,20210823,1973.55,1977.35,1926.70,1951.85,81536048
Nifty CPSE,20210824,1967.55,1988.75,1963.95,1979.65,89830008
Nifty CPSE,20210825,1988.00,2003.60,1985.50,1997.10,78977472
Nifty CPSE,20210826,1996.55,1999.75,1966.20,1977.65,100302560
Nifty CPSE,20210827,1982.00,1999.20,1978.30,1996.60,84449256
Nifty CPSE,20210830,2000.70,2032.30,2000.35,2027.95,78650840
Nifty CPSE,20210831,2029.45,2044.05,2024.10,2041.25,122824448
Nifty CPSE,20210901,2053.70,2055.25,2026.50,2036.15,174422608
Nifty CPSE,20210902,2032.40,2039.90,2028.05,2034.90,84962496
Nifty CPSE,20210903,2044.50,2073.85,2042.40,2070.15,94020296
Nifty CPSE,20210906,2079.75,2081.70,2049.35,2053.20,74099312
Nifty CPSE,20210907,2058.55,2061.85,2038.70,2041.95,60652192
Nifty CPSE,20210908,2031.50,2047.95,2019.35,2043.20,67214608
Nifty CPSE,20210909,2041.50,2064.80,2035.30,2057.35,68286880
Nifty CPSE,20210913,2062.80,2075.55,2055.10,2072.75,77774104
Nifty CPSE,20210914,2076.00,2093.90,2071.20,2089.65,78058248
Nifty CPSE,20210915,2094.85,2170.60,2094.80,2166.00,177132384
Nifty CPSE,20210916,2176.55,2181.25,2159.80,2170.00,106847856
Nifty CPSE,20210917,2172.30,2178.85,2116.40,2143.20,125342320
Nifty CPSE,20210920,2116.70,2137.30,2101.50,2115.25,97119680
Nifty CPSE,20210921,2119.35,2156.20,2114.55,2151.85,118181592
Nifty CPSE,20210922,2154.30,2176.00,2148.65,2172.20,92199968
Nifty CPSE,20210923,2186.40,2211.30,2184.85,2207.50,136149776
Nifty CPSE,20210924,2216.50,2224.45,2171.75,2183.55,103041584
Nifty CPSE,20210927,2200.50,2211.70,2186.95,2206.10,89305608
Nifty CPSE,20210928,2221.25,2291.10,2217.15,2277.65,210616736
Nifty CPSE,20210929,2270.50,2387.85,2263.10,2371.95,438745632
Nifty CPSE,20210930,2384.65,2399.85,2348.40,2362.55,200860592
Nifty CPSE,20211001,2360.80,2401.20,2342.00,2367.10,152914352
Nifty CPSE,20211004,2394.70,2416.80,2371.55,2400.80,147298416
Nifty CPSE,20211005,2412.45,2465.95,2404.40,2461.35,265633744
Nifty CPSE,20211006,2484.10,2514.15,2435.45,2443.80,223123520
Nifty CPSE,20211007,2471.05,2472.00,2416.20,2420.40,131443464
Nifty CPSE,20211008,2440.35,2448.05,2400.10,2407.80,114864568
Nifty CPSE,20211011,2434.95,2487.90,2430.00,2481.65,151677488
Nifty CPSE,20211012,2494.20,2499.85,2448.30,2467.10,103434624
Nifty CPSE,20211013,2479.00,2496.10,2460.05,2466.60,136394944
Nifty CPSE,20211014,2479.15,2492.85,2468.30,2486.10,174194704
Nifty CPSE,20211018,2523.00,2547.10,2501.75,2521.40,311067200
Nifty CPSE,20211019,2541.00,2541.45,2462.60,2472.60,147112912
Nifty CPSE,20211020,2478.55,2478.55,2405.30,2417.65,120182296
Nifty CPSE,20211021,2443.60,2449.25,2405.50,2415.95,143159872
Nifty CPSE,20211022,2432.50,2437.25,2378.85,2393.60,110072288
Nifty CPSE,20211025,2403.05,2413.20,2381.40,2397.90,107106992
Nifty CPSE,20211026,2407.90,2408.45,2386.50,2401.70,105333504
Nifty CPSE,20211027,2406.35,2410.70,2367.95,2374.85,82291136
Nifty CPSE,20211028,2348.80,2370.70,2288.30,2295.55,124721512
Nifty CPSE,20211029,2268.35,2317.50,2226.95,2286.30,160818320
Nifty CPSE,20211101,2292.15,2330.10,2276.40,2322.95,73528656
Nifty CPSE,20211102,2333.35,2354.80,2312.10,2316.60,94215808
Nifty CPSE,20211103,2316.75,2336.25,2293.45,2307.65,84286520
Nifty CPSE,20211104,2322.90,2326.30,2315.50,2318.90,10609891
Nifty CPSE,20211108,2337.00,2373.55,2313.20,2368.75,86039440
Nifty CPSE,20211109,2380.55,2388.90,2362.70,2372.85,82289392
Nifty CPSE,20211110,2368.45,2376.10,2351.35,2354.15,72032088
Nifty CPSE,20211111,2351.45,2352.95,2319.75,2334.65,67820624
Nifty CPSE,20211112,2357.45,2357.75,2324.95,2338.90,95254992
Nifty CPSE,20211115,2345.20,2369.25,2337.85,2347.25,113650680
Nifty CPSE,20211116,2359.75,2359.75,2326.55,2330.95,85451600
Nifty CPSE,20211117,2326.65,2356.35,2322.00,2334.85,84138808
Nifty CPSE,20211118,2336.45,2341.25,2300.00,2304.85,89218672
Nifty CPSE,20211122,2299.75,2306.25,2236.45,2244.70,101876304
Nifty CPSE,20211123,2239.10,2309.25,2235.15,2304.40,105645968
Nifty CPSE,20211124,2324.45,2369.75,2323.45,2340.60,105585512
Nifty CPSE,20211125,2347.00,2358.25,2317.80,2350.00,82272320
Nifty CPSE,20211126,2324.90,2327.00,2259.20,2265.70,89926344
Nifty CPSE,20211129,2241.65,2266.75,2200.80,2236.80,100775576
Nifty CPSE,20211130,2248.05,2293.35,2237.00,2254.55,167887600
Nifty CPSE,20211201,2271.55,2293.00,2246.45,2274.85,96667704
Nifty CPSE,20211202,2275.15,2323.80,2263.20,2316.90,106073992
Nifty CPSE,20211203,2315.30,2342.90,2298.15,2302.20,132274816
Nifty CPSE,20211206,2306.95,2310.10,2266.45,2270.25,103985768
Nifty CPSE,20211207,2288.30,2308.20,2282.40,2300.85,65610284
Nifty CPSE,20211208,2306.35,2328.25,2306.35,2314.30,63759064
Nifty CPSE,20211209,2320.65,2325.25,2295.10,2302.90,65541548
Nifty CPSE,20211210,2301.90,2307.35,2282.50,2296.45,76833144
Nifty CPSE,20211213,2320.70,2338.95,2288.70,2292.25,90891952
Nifty CPSE,20211214,2282.25,2320.40,2281.85,2315.70,100446664
Nifty CPSE,20211215,2316.00,2333.90,2290.00,2295.30,69427608
Nifty CPSE,20211216,2310.50,2313.80,2285.75,2296.65,67243816
Nifty CPSE,20211217,2292.35,2294.20,2245.75,2259.10,75945240
Nifty CPSE,20211220,2246.40,2248.00,2166.35,2193.20,91441680
Nifty CPSE,20211221,2205.40,2228.50,2195.10,2215.95,65989368
Nifty CPSE,20211222,2210.65,2219.65,2193.70,2213.20,48024996
Nifty CPSE,20211223,2228.00,2264.85,2223.00,2260.80,49014656
Nifty CPSE,20211224,2266.30,2268.70,2215.70,2221.30,40935856
Nifty CPSE,20211227,2212.55,2228.15,2206.30,2223.80,36226088
Nifty CPSE,20211228,2236.80,2256.00,2234.50,2250.35,53201856
Nifty CPSE,20211229,2247.95,2257.35,2233.90,2240.10,68923408
Nifty CPSE,20211230,2241.55,2278.55,2234.35,2268.35,244633120
Nifty CPSE,20211231,2263.45,2274.60,2253.05,2263.45,59625920
Nifty CPSE,20220103,2273.45,2299.05,2268.35,2296.50,74007456
Nifty CPSE,20220104,2307.50,2361.40,2306.25,2349.10,108064360
Nifty CPSE,20220105,2349.65,2356.70,2339.90,2350.95,69100760
Nifty CPSE,20220106,2349.40,2351.10,2330.20,2348.15,111708048
Nifty CPSE,20220107,2357.15,2382.70,2355.50,2371.80,116768744
Nifty CPSE,20220110,2388.10,2395.25,2376.65,2389.90,102015568
Nifty CPSE,20220111,2392.90,2401.00,2382.65,2390.00,102677120
Nifty CPSE,20220112,2414.00,2425.70,2403.55,2422.25,90547464
Nifty CPSE,20220113,2433.80,2458.95,2424.10,2445.35,99511608
Nifty CPSE,20220114,2437.90,2453.50,2428.20,2447.55,88785600
Nifty CPSE,20220117,2458.95,2474.75,2451.20,2459.85,104131744
Nifty CPSE,20220118,2472.35,2479.15,2417.35,2421.55,67568376
Nifty CPSE,20220119,2427.20,2453.30,2416.40,2448.85,122636400
Nifty CPSE,20220120,2457.95,2475.50,2451.35,2466.95,93438888
Nifty CPSE,20220121,2451.35,2468.75,2410.15,2428.20,86896928
Nifty CPSE,20220124,2431.00,2451.05,2374.50,2398.20,98838568
Nifty CPSE,20220125,2378.00,2448.25,2372.70,2440.55,82967976
Nifty CPSE,20220127,2426.15,2446.45,2414.95,2432.05,113433800
Nifty CPSE,20220128,2468.45,2505.05,2454.25,2460.25,130026128
Nifty CPSE,20220131,2497.40,2505.70,2481.25,2495.30,112513296
Nifty CPSE,20220201,2520.65,2521.35,2457.60,2490.20,83538320
Nifty CPSE,20220202,2501.05,2516.75,2496.30,2505.65,79180656
Nifty CPSE,20220203,2487.70,2501.55,2457.40,2465.35,75822120
Nifty CPSE,20220204,2480.25,2493.45,2446.50,2450.95,71497816
Nifty CPSE,20220207,2459.10,2482.70,2454.40,2472.80,77947344
Nifty CPSE,20220208,2476.80,2484.45,2425.05,2439.95,81521448
Nifty CPSE,20220209,2447.00,2465.75,2440.85,2454.25,98767200
Nifty CPSE,20220210,2464.55,2491.00,2462.30,2484.60,102135184
Nifty CPSE,20220211,2464.60,2492.40,2459.15,2465.35,93810576
Nifty CPSE,20220214,2448.60,2474.15,2396.85,2403.80,117356904
Nifty CPSE,20220215,2420.20,2425.55,2368.90,2415.15,123000728
Nifty CPSE,20220216,2412.05,2429.70,2404.95,2412.65,87697680
Nifty CPSE,20220217,2418.55,2429.85,2409.65,2413.95,81583448
Nifty CPSE,20220218,2410.15,2428.35,2394.40,2400.50,76382696
Nifty CPSE,20220221,2386.90,2396.00,2363.50,2369.60,73405024
Nifty CPSE,20220222,2351.20,2368.55,2314.10,2365.00,102789544
Nifty CPSE,20220223,2372.90,2382.15,2342.55,2345.75,69372640
Nifty CPSE,20220224,2305.45,2320.20,2241.45,2248.40,120648664
Nifty CPSE,20220225,2281.95,2353.90,2280.70,2347.90,108681344
Nifty CPSE,20220228,2341.30,2420.20,2326.25,2415.80,116828144
Nifty CPSE,20220302,2429.20,2486.55,2416.25,2476.50,204184384
Nifty CPSE,20220303,2518.15,2544.00,2496.40,2529.30,193900544
Nifty CPSE,20220304,2523.10,2536.45,2469.55,2474.15,138450272
Nifty CPSE,20220307,2472.45,2567.10,2463.65,2560.80,253324544
Nifty CPSE,20220308,2582.05,2604.00,2522.20,2547.20,184701936
Nifty CPSE,20220309,2575.10,2576.85,2516.25,2524.25,130920304
Nifty CPSE,20220310,2512.45,2530.70,2485.05,2503.15,158280480
Nifty CPSE,20220311,2504.45,2523.60,2492.10,2520.30,100924384
Nifty CPSE,20220314,2515.10,2522.50,2479.70,2497.20,84609144
Nifty CPSE,20220315,2475.40,2485.10,2413.75,2427.10,113552544
Nifty CPSE,20220316,2449.80,2465.55,2432.00,2462.60,88748080
Nifty CPSE,20220317,2478.90,2481.95,2447.75,2472.70,180163008
Nifty CPSE,20220321,2494.05,2501.90,2476.05,2480.80,106472048
Nifty CPSE,20220322,2500.75,2528.90,2489.15,2500.20,102123168
Nifty CPSE,20220323,2512.10,2520.35,2485.00,2500.80,85866288
Nifty CPSE,20220324,2513.10,2535.80,2510.35,2532.00,98320200
Nifty CPSE,20220325,2540.00,2540.90,2508.60,2517.50,76907528
Nifty CPSE,20220328,2520.85,2543.55,2506.85,2538.45,98136096
Nifty CPSE,20220329,2542.25,2543.40,2499.80,2505.20,115847144
Nifty CPSE,20220330,2496.35,2498.65,2476.30,2486.20,208229520
Nifty CPSE,20220331,2481.35,2505.25,2480.45,2501.15,110818056
Nifty CPSE,20220401,2513.95,2585.50,2509.80,2580.35,156809248
Nifty CPSE,20220404,2580.10,2609.55,2571.30,2606.20,99781000
Nifty CPSE,20220405,2627.90,2662.80,2619.45,2650.95,119847440
Nifty CPSE,20220406,2648.45,2711.85,2642.75,2694.90,189460160
Nifty CPSE,20220407,2693.10,2743.00,2675.15,2684.95,208269760
Nifty CPSE,20220408,2710.30,2719.30,2687.50,2704.75,117043048
Nifty CPSE,20220411,2708.55,2734.85,2701.80,2718.75,116058800
Nifty CPSE,20220412,2710.90,2717.05,2664.25,2682.70,103758616
Nifty CPSE,20220413,2704.45,2723.25,2692.45,2700.75,104914936
Nifty CPSE,20220418,2710.10,2767.90,2706.35,2765.40,218277184
Nifty CPSE,20220419,2786.95,2827.75,2748.15,2767.45,258011680
Nifty CPSE,20220420,2785.20,2803.80,2753.65,2771.20,145921168
Nifty CPSE,20220421,2782.50,2799.95,2777.35,2795.40,181291056
Nifty CPSE,20220422,2778.80,2808.60,2762.65,2766.00,138456224
Nifty CPSE,20220425,2733.55,2752.60,2668.35,2680.15,120848720
Nifty CPSE,20220426,2712.75,2716.90,2679.90,2711.45,130856792
Nifty CPSE,20220427,2707.10,2716.40,2663.50,2677.35,107346552
Nifty CPSE,20220428,2709.95,2726.15,2675.35,2717.95,104979072
Nifty CPSE,20220429,2732.50,2738.05,2635.80,2644.15,111307912
Nifty CPSE,20220502,2619.90,2660.40,2610.10,2654.05,128207056
Nifty CPSE,20220504,2673.15,2708.65,2658.80,2673.30,142498480
Nifty CPSE,20220505,2697.95,2728.00,2665.40,2674.05,123037008
Nifty CPSE,20220506,2647.85,2693.65,2635.10,2686.65,124308064
Nifty CPSE,20220509,2673.60,2693.10,2638.75,2680.35,129454664
Nifty CPSE,20220510,2664.70,2681.15,2572.25,2584.10,123513552
Nifty CPSE,20220511,2585.45,2621.50,2532.50,2567.60,108259592
Nifty CPSE,20220512,2557.95,2584.55,2509.20,2528.30,109082088
Nifty CPSE,20220513,2568.75,2569.20,2497.50,2506.05,91306288
Nifty CPSE,20220516,2506.80,2549.90,2484.30,2538.75,73808128
Nifty CPSE,20220517,2551.45,2640.05,2549.35,2634.85,114084576
Nifty CPSE,20220518,2636.35,2636.85,2587.85,2600.20,101784384
Nifty CPSE,20220519,2548.70,2577.45,2541.05,2570.55,76610960
Nifty CPSE,20220520,2609.65,2623.00,2587.15,2610.90,72568528
Nifty CPSE,20220523,2628.50,2633.60,2550.25,2553.75,111645840
Nifty CPSE,20220524,2549.45,2570.35,2521.25,2528.45,97881536
Nifty CPSE,20220525,2549.55,2557.60,2498.70,2529.65,90624752
Nifty CPSE,20220526,2547.40,2558.90,2497.25,2551.10,114699928
Nifty CPSE,20220527,2573.85,2574.35,2500.15,2508.80,116264472
Nifty CPSE,20220530,2525.10,2543.75,2518.25,2533.10,98126736
Nifty CPSE,20220531,2535.85,2618.35,2535.60,2606.70,268022608
Nifty CPSE,20220601,2612.65,2642.00,2605.85,2620.35,115534992
Nifty CPSE,20220602,2613.60,2638.05,2591.60,2634.50,104668688
Nifty CPSE,20220603,2648.30,2657.65,2603.50,2606.95,91568664
Nifty CPSE,20220606,2610.70,2623.90,2594.95,2616.10,121536024
Nifty CPSE,20220607,2616.80,2662.65,2609.50,2657.80,159414896
Nifty CPSE,20220608,2654.65,2693.55,2650.40,2659.40,122972976
Nifty CPSE,20220609,2659.60,2682.50,2652.70,2663.15,112299416
Nifty CPSE,20220610,2640.50,2670.25,2639.90,2657.55,70986472
Nifty CPSE,20220613,2627.45,2635.70,2559.40,2568.45,75275728
Nifty CPSE,20220614,2562.70,2603.80,2562.70,2575.00,86773176
Nifty CPSE,20220615,2586.55,2598.80,2535.80,2540.10,62443512
Nifty CPSE,20220616,2552.00,2561.50,2435.65,2441.70,105433664
Nifty CPSE,20220617,2421.55,2461.90,2409.85,2418.10,110390208
Nifty CPSE,20220620,2400.90,2403.75,2308.30,2339.40,112233088
Nifty CPSE,20220621,2360.05,2412.85,2353.95,2398.30,113159744
Nifty CPSE,20220622,2388.00,2388.00,2339.10,2355.00,87899552
Nifty CPSE,20220623,2353.90,2370.65,2326.25,2348.65,89228232
Nifty CPSE,20220624,2375.20,2386.15,2347.85,2368.95,84691920
Nifty CPSE,20220627,2402.25,2424.10,2382.60,2418.20,89159400
Nifty CPSE,20220628,2415.35,2453.40,2411.00,2449.80,124437064
Nifty CPSE,20220629,2438.25,2489.60,2425.05,2479.30,320377664
Nifty CPSE,20220630,2475.60,2492.00,2438.75,2461.90,112388840
Nifty CPSE,20220701,2442.10,2461.80,2341.65,2351.75,200032256
Nifty CPSE,20220704,2335.85,2358.60,2315.80,2341.20,169102224
Nifty CPSE,20220705,2350.70,2379.30,2341.70,2348.45,114322936
Nifty CPSE,20220706,2334.05,2336.40,2275.55,2305.20,149124912
Nifty CPSE,20220707,2323.80,2351.60,2320.70,2345.95,134191928
Nifty CPSE,20220708,2367.10,2376.80,2357.35,2373.10,126914296
Nifty CPSE,20220711,2373.35,2403.90,2368.30,2392.80,91363256
Nifty CPSE,20220712,2378.90,2405.95,2372.30,2382.00,109861896
Nifty CPSE,20220713,2380.35,2402.60,2378.05,2395.20,89338776
Nifty CPSE,20220714,2410.35,2426.75,2380.10,2400.50,109131032
Nifty CPSE,20220715,2411.55,2420.50,2385.85,2403.75,93591792
Nifty CPSE,20220718,2422.25,2447.35,2418.15,2436.75,114585312
Nifty CPSE,20220719,2435.50,2459.65,2424.10,2437.90,97077616
Nifty CPSE,20220720,2481.10,2487.40,2450.70,2453.35,119137672
Nifty CPSE,20220721,2458.65,2488.60,2455.70,2483.20,98498288
Nifty CPSE,20220722,2492.65,2493.85,2454.65,2460.70,64861640
Nifty CPSE,20220725,2463.35,2469.45,2436.90,2459.95,78889592
Nifty CPSE,20220726,2466.55,2469.05,2447.50,2454.75,82854792
Nifty CPSE,20220727,2460.10,2470.95,2457.90,2468.60,67247272
Nifty CPSE,20220728,2480.60,2486.95,2467.55,2484.55,84097472
Nifty CPSE,20220729,2498.20,2535.20,2494.65,2531.80,94781808
Nifty CPSE,20220801,2539.70,2594.90,2532.75,2586.30,84879320
Nifty CPSE,20220802,2585.65,2609.30,2573.45,2603.15,107415296
Nifty CPSE,20220803,2605.40,2618.10,2563.45,2589.00,85138880
Nifty CPSE,20220804,2587.85,2597.45,2542.65,2565.75,93770288
Nifty CPSE,20220805,2565.30,2593.70,2547.55,2579.65,384568288
Nifty CPSE,20220808,2580.55,2616.40,2568.15,2607.45,80594984
Nifty CPSE,20220810,2597.25,2607.60,2587.35,2598.55,84707976
Nifty CPSE,20220811,2622.60,2627.00,2576.45,2582.20,90211912
Nifty CPSE,20220812,2588.70,2650.10,2583.20,2647.40,106217984
Nifty CPSE,20220816,2661.80,2670.55,2633.55,2660.70,78191488
Nifty CPSE,20220817,2665.10,2681.80,2656.45,2660.15,73384680
Nifty CPSE,20220818,2653.65,2661.70,2636.35,2648.65,85804688
Nifty CPSE,20220819,2654.30,2657.30,2604.50,2612.40,88881784
Nifty CPSE,20220822,2605.70,2608.95,2582.95,2594.50,77663288
Nifty CPSE,20220823,2585.80,2640.60,2581.75,2634.35,80220032
Nifty CPSE,20220824,2640.50,2668.85,2638.15,2653.90,85157728
Nifty CPSE,20220825,2667.15,2679.50,2647.85,2653.40,87248064
Nifty CPSE,20220826,2661.85,2710.85,2660.00,2701.75,102486096
Nifty CPSE,20220829,2652.50,2694.05,2650.95,2689.60,78466104
Nifty CPSE,20220830,2710.70,2737.25,2708.70,2731.65,148680128
Nifty CPSE,20220901,2695.90,2734.25,2695.00,2702.00,107755608
Nifty CPSE,20220902,2716.95,2738.85,2697.05,2700.75,127709760
Nifty CPSE,20220905,2713.95,2724.20,2702.75,2720.60,86226160
Nifty CPSE,20220906,2734.90,2750.30,2717.25,2729.15,91362840
Nifty CPSE,20220907,2721.25,2751.05,2720.55,2746.40,88626184
Nifty CPSE,20220908,2755.90,2763.00,2729.35,2734.70,76512584
Nifty CPSE,20220909,2748.20,2751.10,2728.95,2737.55,77125448
Nifty CPSE,20220912,2750.95,2757.35,2723.20,2740.60,87904416
Nifty CPSE,20220913,2750.45,2759.85,2741.65,2745.45,79300536
Nifty CPSE,20220914,2721.15,2777.35,2719.45,2771.90,116010192
Nifty CPSE,20220915,2795.45,2802.80,2763.75,2795.05,130944584
Nifty CPSE,20220916,2788.45,2793.95,2748.70,2769.45,153612288
Nifty CPSE,20220919,2782.40,2793.95,2743.10,2749.95,89592264
Nifty CPSE,20220920,2765.60,2786.55,2754.95,2761.80,98404488
Nifty CPSE,20220921,2759.15,2768.45,2716.35,2724.90,81264328
Nifty CPSE,20220922,2706.85,2731.60,2682.20,2699.45,103059296
Nifty CPSE,20220923,2687.25,2699.65,2596.40,2619.35,141135040
Nifty CPSE,20220926,2592.30,2596.00,2484.60,2530.85,237402624
Nifty CPSE,20220927,2552.90,2578.75,2523.65,2537.00,116027840
Nifty CPSE,20220928,2522.90,2535.15,2504.85,2520.70,114378640
Nifty CPSE,20220929,2537.25,2567.25,2533.10,2550.00,170404512
Nifty CPSE,20220930,2543.00,2585.60,2540.55,2563.15,182069152
Nifty CPSE,20221003,2592.10,2624.85,2571.40,2583.70,143850064
Nifty CPSE,20221004,2617.50,2638.20,2602.05,2632.65,100661208
Nifty CPSE,20221006,2658.45,2667.60,2645.90,2654.60,101723424
Nifty CPSE,20221007,2647.45,2676.05,2633.55,2670.60,90686760
Nifty CPSE,20221010,2646.85,2683.30,2641.25,2660.00,82830280
Nifty CPSE,20221011,2668.40,2668.95,2618.45,2623.80,87056896
Nifty CPSE,20221012,2630.60,2673.25,2624.20,2669.70,87469312
Nifty CPSE,20221013,2667.05,2687.45,2653.65,2659.45,76966640
Nifty CPSE,20221014,2700.50,2701.30,2646.15,2648.20,82077832
Nifty CPSE,20221017,2641.55,2672.90,2626.75,2668.20,87401192
Nifty CPSE,20221018,2679.60,2706.45,2672.00,2700.35,128993048
Nifty CPSE,20221019,2704.55,2720.80,2675.95,2680.30,109278576
Nifty CPSE,20221020,2672.55,2727.50,2660.30,2719.35,115218416
Nifty CPSE,20221021,2716.30,2730.55,2687.90,2703.35,151338304
Nifty CPSE,20221024,2732.55,2743.75,2726.25,2731.25,21591780
Nifty CPSE,20221025,2731.65,2739.30,2701.40,2735.25,107873416
Nifty CPSE,20221027,2743.75,2777.40,2733.70,2771.90,166049888
Nifty CPSE,20221028,2775.40,2813.05,2765.55,2793.10,120720728
Nifty CPSE,20221031,2791.90,2814.15,2775.85,2799.65,90049744
Nifty CPSE,20221101,2812.75,2862.05,2808.75,2856.55,128515960
Nifty CPSE,20221102,2861.45,2874.75,2842.20,2847.50,116299304
Nifty CPSE,20221103,2835.75,2862.10,2829.40,2836.90,108632040
Nifty CPSE,20221104,2843.50,2853.55,2829.65,2837.15,102486072
Nifty CPSE,20221107,2851.80,2867.80,2844.40,2853.35,101662496
Nifty CPSE,20221109,2884.20,2885.75,2821.80,2829.15,137451472
Nifty CPSE,20221110,2822.20,2833.95,2792.95,2809.65,96765960
Nifty CPSE,20221111,2836.50,2843.25,2806.35,2816.10,122670352
Nifty CPSE,20221114,2827.40,2832.75,2795.35,2799.30,99249352
Nifty CPSE,20221115,2807.20,2836.70,2805.30,2826.70,122795456
Nifty CPSE,20221116,2838.45,2841.45,2818.20,2835.20,113803968
Nifty CPSE,20221117,2829.30,2845.95,2824.70,2836.35,129084808
Nifty CPSE,20221118,2839.00,2843.70,2789.00,2804.55,97062408
Nifty CPSE,20221121,2801.30,2804.70,2781.90,2794.85,78381064
Nifty CPSE,20221122,2790.40,2808.45,2782.75,2805.30,78066888
Nifty CPSE,20221123,2815.00,2818.20,2798.20,2811.25,145217440
Nifty CPSE,20221124,2815.20,2848.40,2809.80,2844.30,140937376
Nifty CPSE,20221125,2849.40,2869.10,2823.75,2857.70,96868592
Nifty CPSE,20221128,2847.20,2872.90,2846.05,2858.55,105696024
Nifty CPSE,20221129,2866.05,2870.90,2835.25,2841.80,97289688
Nifty CPSE,20221130,2841.15,2865.70,2836.80,2860.10,153989808
Nifty CPSE,20221201,2872.65,2878.55,2841.70,2844.75,121294272
Nifty CPSE,20221202,2847.75,2866.10,2847.10,2852.10,101484320
Nifty CPSE,20221205,2860.70,2899.65,2844.35,2895.95,142823504
Nifty CPSE,20221206,2894.05,2896.30,2869.80,2891.25,89431104
Nifty CPSE,20221207,2882.80,2888.60,2854.50,2860.45,81639208
Nifty CPSE,20221208,2861.40,2864.05,2841.65,2852.95,75718512
Nifty CPSE,20221209,2860.70,2866.15,2823.05,2832.70,64134428
Nifty CPSE,20221212,2828.25,2842.95,2810.65,2835.45,84102088
Nifty CPSE,20221213,2846.85,2856.15,2834.65,2853.15,73437592
Nifty CPSE,20221214,2857.45,2897.90,2855.90,2885.80,88171112
Nifty CPSE,20221215,2887.65,2902.70,2854.75,2858.75,69644176
Nifty CPSE,20221216,2855.10,2875.35,2816.00,2819.75,117625256
Nifty CPSE,20221219,2820.95,2846.20,2813.35,2842.40,76104376
Nifty CPSE,20221220,2839.80,2841.00,2800.35,2832.45,71513072
Nifty CPSE,20221221,2839.35,2847.10,2777.00,2792.50,81472968
Nifty CPSE,20221222,2802.90,2806.30,2742.20,2765.95,77275632
Nifty CPSE,20221223,2742.65,2768.70,2697.60,2705.30,94681016
Nifty CPSE,20221226,2706.60,2767.80,2692.90,2751.65,74712896
Nifty CPSE,20221227,2769.60,2789.80,2755.00,2775.10,67852496
Nifty CPSE,20221228,2766.30,2801.15,2766.00,2785.90,75766128
Nifty CPSE,20221229,2763.20,2788.45,2763.05,2783.75,112964072
Nifty CPSE,20221230,2792.20,2815.20,2788.15,2798.05,59824772
Nifty CPSE,20230102,2811.10,2831.50,2803.05,2826.15,55493576
Nifty CPSE,20230103,2824.55,2830.60,2813.10,2820.50,57817316
Nifty CPSE,20230104,2819.20,2820.70,2757.90,2768.35,80125296
Nifty CPSE,20230105,2775.35,2784.20,2754.00,2780.40,95077776
Nifty CPSE,20230106,2783.40,2790.30,2759.65,2765.35,82216312
Nifty CPSE,20230109,2787.25,2799.80,2766.30,2781.85,100829448
Nifty CPSE,20230110,2785.95,2794.15,2765.95,2784.85,71385672
Nifty CPSE,20230111,2794.15,2799.15,2760.55,2768.95,62791820
Nifty CPSE,20230112,2786.05,2786.95,2761.40,2768.75,69946488
Nifty CPSE,20230113,2772.65,2787.25,2766.30,2783.85,53394380
Nifty CPSE,20230116,2796.00,2796.00,2774.40,2791.40,67622048
Nifty CPSE,20230117,2797.60,2814.15,2789.00,2811.10,105118648
Nifty CPSE,20230118,2814.60,2841.80,2813.65,2838.70,87892040
Nifty CPSE,20230119,2833.10,2867.40,2829.85,2863.65,80932896
Nifty CPSE,20230120,2871.45,2887.65,2865.20,2875.40,92400504
Nifty CPSE,20230123,2890.40,2895.55,2872.95,2884.50,71540496
Nifty CPSE,20230124,2890.10,2894.15,2857.45,2862.75,68921904
Nifty CPSE,20230125,2857.00,2861.75,2830.90,2848.90,59343984
Nifty CPSE,20230127,2853.60,2864.45,2770.85,2803.05,103215344
Nifty CPSE,20230130,2798.90,2817.30,2753.70,2770.55,157278400
Nifty CPSE,20230131,2779.85,2833.80,2770.70,2812.15,148637760
Nifty CPSE,20230201,2857.85,2858.25,2728.35,2772.35,136293712
Nifty CPSE,20230202,2761.85,2773.60,2729.15,2747.50,95272416
Nifty CPSE,20230203,2757.85,2769.30,2719.20,2765.45,80177368
Nifty CPSE,20230206,2747.95,2777.85,2745.95,2774.55,46029700
Nifty CPSE,20230207,2781.20,2789.15,2760.25,2776.10,58713296
Nifty CPSE,20230208,2785.95,2791.00,2771.00,2786.85,66315236
Nifty CPSE,20230209,2793.95,2799.40,2776.35,2796.95,46485220
Nifty CPSE,20230210,2787.80,2798.85,2783.55,2789.45,52407324
Nifty CPSE,20230213,2797.10,2818.40,2790.65,2813.55,65038320
Nifty CPSE,20230214,2823.15,2824.80,2794.35,2809.40,64930232
Nifty CPSE,20230215,2801.65,2811.05,2785.75,2804.55,67794392
Nifty CPSE,20230216,2829.65,2868.45,2819.25,2865.95,106239432
Nifty CPSE,20230217,2860.75,2896.90,2852.35,2869.00,78464976
Nifty CPSE,20230220,2877.10,2878.75,2854.80,2858.45,61885208
Nifty CPSE,20230221,2872.25,2886.90,2862.45,2870.20,76238752
Nifty CPSE,20230222,2867.70,2873.05,2832.55,2844.05,64171952
Nifty CPSE,20230223,2849.60,2864.35,2834.00,2848.95,72468584
Nifty CPSE,20230224,2857.35,2881.95,2846.15,2878.70,56917892
Nifty CPSE,20230227,2879.10,2900.65,2860.25,2895.45,85464216
Nifty CPSE,20230228,2897.10,2900.50,2875.30,2880.50,98369992
Nifty CPSE,20230301,2883.15,2915.85,2878.90,2913.40,65546500
Nifty CPSE,20230302,2910.60,2920.90,2896.20,2917.95,124294640
Nifty CPSE,20230303,2927.65,2953.35,2920.80,2925.65,60976032
Nifty CPSE,20230306,2936.45,2991.20,2929.25,2979.45,72930216
Nifty CPSE,20230308,2968.05,2997.00,2960.35,2994.85,91279208
Nifty CPSE,20230309,2999.50,3011.25,2973.85,2978.50,67458120
Nifty CPSE,20230310,2951.45,2985.20,2942.00,2978.15,62371532
Nifty CPSE,20230313,2982.45,2992.85,2943.85,2949.30,65517504
Nifty CPSE,20230314,2944.50,2958.05,2919.85,2929.85,59086528
Nifty CPSE,20230315,2948.70,2958.60,2934.35,2939.30,58862876
Nifty CPSE,20230316,2933.60,2958.25,2896.05,2946.60,75043952
Nifty CPSE,20230317,2972.55,2988.25,2933.90,2948.10,167734064
Nifty CPSE,20230320,2933.15,2945.25,2903.25,2916.40,57382212
Nifty CPSE,20230321,2928.15,2933.40,2896.65,2905.80,53663556
Nifty CPSE,20230322,2913.00,2913.15,2884.00,2890.95,45774596
Nifty CPSE,20230323,2884.65,2898.90,2872.40,2889.00,52266008
Nifty CPSE,20230324,2900.15,2900.90,2845.20,2851.50,57954092
Nifty CPSE,20230327,2857.80,2877.35,2835.50,2840.80,153284528
Nifty CPSE,20230328,2847.85,2850.55,2827.85,2834.85,72529232
Nifty CPSE,20230329,2839.10,2897.60,2830.30,2880.30,183482336
Nifty CPSE,20230331,2899.80,2938.25,2899.60,2916.95,127548856
Nifty CPSE,20230403,2944.95,2966.90,2938.00,2947.80,90370176
Nifty CPSE,20230405,2963.80,2969.50,2943.70,2955.50,99666800
Nifty CPSE,20230406,2958.90,2959.55,2934.60,2941.05,57033244
Nifty CPSE,20230410,2944.25,2992.45,2939.55,2989.05,59847932
Nifty CPSE,20230411,2994.70,3013.60,2986.30,3011.60,68277480
Nifty CPSE,20230412,3013.25,3014.05,2995.15,3003.90,54885536
Nifty CPSE,20230413,3006.90,3026.55,2992.80,3008.55,68633472
Nifty CPSE,20230417,3012.00,3043.50,3010.40,3030.85,90611800
Nifty CPSE,20230418,3033.15,3038.30,3019.95,3027.35,78294680
Nifty CPSE,20230419,3014.80,3033.10,2997.90,3003.75,69609584
Nifty CPSE,20230420,3005.10,3025.20,3001.85,3011.00,64545328
Nifty CPSE,20230421,3014.00,3021.15,3000.30,3017.70,36909344
Nifty CPSE,20230424,3011.00,3026.65,3007.60,3023.55,43532568
Nifty CPSE,20230425,3022.60,3037.65,3018.75,3022.15,58828360
Nifty CPSE,20230426,3020.80,3047.50,3011.90,3044.35,76585464
Nifty CPSE,20230427,3039.40,3050.65,3031.85,3042.60,97512832
Nifty CPSE,20230428,3052.80,3058.10,3020.55,3053.80,83470064
Nifty CPSE,20230502,3065.85,3113.75,3065.00,3107.95,81297128
Nifty CPSE,20230503,3100.15,3124.05,3091.90,3114.60,112945344
Nifty CPSE,20230504,3116.50,3120.85,3092.15,3115.80,90744208
Nifty CPSE,20230505,3116.20,3122.55,3093.80,3106.70,67832792
Nifty CPSE,20230508,3101.30,3144.70,3098.60,3139.30,80465672
Nifty CPSE,20230509,3142.85,3164.65,3126.75,3135.45,58507320
Nifty CPSE,20230510,3143.70,3163.80,3131.95,3160.45,62585512
Nifty CPSE,20230511,3159.90,3180.30,3154.80,3173.25,64703988
Nifty CPSE,20230512,3177.65,3178.20,3122.75,3126.35,63392700
Nifty CPSE,20230515,3125.55,3155.85,3118.80,3140.60,53844540
Nifty CPSE,20230516,3159.40,3170.70,3148.65,3161.35,79230032
Nifty CPSE,20230517,3164.45,3173.00,3142.95,3151.35,60190768
Nifty CPSE,20230518,3166.00,3168.40,3125.40,3129.85,54312900
Nifty CPSE,20230519,3130.60,3137.80,3099.45,3110.45,50077792
Nifty CPSE,20230522,3113.25,3151.50,3108.55,3123.90,86271968
Nifty CPSE,20230523,3129.95,3138.80,3109.35,3114.00,73286256
Nifty CPSE,20230524,3121.65,3138.15,3114.10,3134.75,87570880
Nifty CPSE,20230525,3135.30,3148.30,3120.80,3133.85,65286036
Nifty CPSE,20230526,3135.35,3142.70,3116.90,3131.60,57936928
Nifty CPSE,20230529,3124.15,3137.90,3099.90,3124.45,112167272
Nifty CPSE,20230530,3135.90,3151.10,3118.75,3125.05,97317792
Nifty CPSE,20230531,3131.85,3131.85,3059.20,3093.65,216511680
Nifty CPSE,20230601,3064.45,3073.00,3049.10,3065.45,105387832
Nifty CPSE,20230602,3078.40,3080.75,3064.90,3074.85,111172200
Nifty CPSE,20230605,3088.85,3111.60,3087.20,3091.65,149494224
Nifty CPSE,20230606,3098.85,3106.35,3080.80,3095.85,82806272
Nifty CPSE,20230607,3106.05,3126.80,3102.10,3119.05,112777008
Nifty CPSE,20230608,3130.85,3170.55,3128.45,3142.15,123279408
Nifty CPSE,20230609,3160.90,3162.25,3129.95,3155.80,88736568
Nifty CPSE,20230612,3163.60,3178.65,3145.85,3161.65,102033728
Nifty CPSE,20230613,3170.35,3181.60,3160.85,3176.95,91371808
Nifty CPSE,20230614,3183.05,3204.05,3182.40,3198.30,73826344
Nifty CPSE,20230615,3198.20,3199.45,3181.80,3195.35,101100272
Nifty CPSE,20230616,3201.40,3226.90,3189.90,3212.40,102872944
Nifty CPSE,20230619,3220.90,3221.95,3190.75,3196.05,66589636
