Nifty Mobility,20211208,9894.52,9894.52,9894.52,9894.52,88017384
Nifty Mobility,20211209,9969.44,9969.44,9969.44,9969.44,90997808
Nifty Mobility,20211210,9981.43,9981.43,9981.43,9981.43,76211400
Nifty Mobility,20211213,9925.27,9925.27,9925.27,9925.27,86205736
Nifty Mobility,20211214,9875.99,9875.99,9875.99,9875.99,84135928
Nifty Mobility,20211215,9872.00,9872.00,9872.00,9872.00,87635432
Nifty Mobility,20211216,9818.24,9818.24,9818.24,9818.24,80895456
Nifty Mobility,20211217,9596.69,9596.69,9596.69,9596.69,116536480
Nifty Mobility,20211220,9319.94,9319.94,9319.94,9319.94,124935440
Nifty Mobility,20211221,9412.67,9412.67,9412.67,9412.67,84925576
Nifty Mobility,20211222,9557.25,9557.25,9557.25,9557.25,82227120
Nifty Mobility,20211223,9648.41,9648.41,9648.41,9648.41,74142032
Nifty Mobility,20211224,9552.42,9552.42,9552.42,9552.42,65729268
Nifty Mobility,20211227,9576.92,9576.92,9576.92,9576.92,51840312
Nifty Mobility,20211228,9691.57,9691.57,9691.57,9691.57,68120120
Nifty Mobility,20211229,9727.65,9727.65,9727.65,9727.65,60703380
Nifty Mobility,20211230,9661.83,9661.83,9661.83,9661.83,76923360
Nifty Mobility,20211231,9804.37,9804.37,9804.37,9804.37,58465992
Nifty Mobility,20220103,9939.67,9939.67,9939.67,9939.67,88867888
Nifty Mobility,20220104,9980.25,9980.25,9980.25,9980.25,81005728
Nifty Mobility,20220105,10071.27,10071.27,10071.27,10071.27,104730576
Nifty Mobility,20220106,10085.03,10085.03,10085.03,10085.03,91337952
Nifty Mobility,20220107,10074.23,10074.23,10074.23,10074.23,72107424
Nifty Mobility,20220110,10208.55,10208.55,10208.55,10208.55,76703872
Nifty Mobility,20220111,10217.44,10217.44,10217.44,10217.44,74408000
Nifty Mobility,20220112,10346.86,10346.86,10346.86,10346.86,89787824
Nifty Mobility,20220113,10407.57,10407.57,10407.57,10407.57,89581568
Nifty Mobility,20220114,10412.78,10412.78,10412.78,10412.78,87083264
Nifty Mobility,20220117,10551.04,10551.04,10551.04,10551.04,116081536
Nifty Mobility,20220118,10349.38,10349.38,10349.38,10349.38,93581296
Nifty Mobility,20220119,10355.08,10355.08,10355.08,10355.08,104845728
Nifty Mobility,20220120,10266.51,10266.51,10266.51,10266.51,85280728
Nifty Mobility,20220121,10207.67,10207.67,10207.67,10207.67,95260360
Nifty Mobility,20220124,9940.26,9940.26,9940.26,9940.26,113334072
Nifty Mobility,20220125,10082.91,10082.91,10082.91,10082.91,111258032
Nifty Mobility,20220127,10047.06,10047.06,10047.06,10047.06,122029296
Nifty Mobility,20220128,10017.97,10017.97,10017.97,10017.97,101886376
Nifty Mobility,20220131,10176.23,10176.23,10176.23,10176.23,91566128
Nifty Mobility,20220201,10188.15,10188.15,10188.15,10188.15,163379808
Nifty Mobility,20220202,10219.66,10219.66,10219.66,10219.66,85752616
Nifty Mobility,20220203,10234.36,10234.36,10234.36,10234.36,98121232
Nifty Mobility,20220204,10133.27,10133.27,10133.27,10133.27,87730344
Nifty Mobility,20220207,10039.42,10039.42,10039.42,10039.42,75754504
Nifty Mobility,20220208,10050.83,10050.83,10050.83,10050.83,116961024
Nifty Mobility,20220209,10230.57,10230.57,10230.57,10230.57,86396064
Nifty Mobility,20220210,10220.57,10220.57,10220.57,10220.57,106123760
Nifty Mobility,20220211,10132.06,10132.06,10132.06,10132.06,102085680
Nifty Mobility,20220214,9767.92,9767.92,9767.92,9767.92,110470864
Nifty Mobility,20220215,10111.16,10111.16,10111.16,10111.16,104358880
Nifty Mobility,20220216,10101.17,10101.17,10101.17,10101.17,91249288
Nifty Mobility,20220217,10088.76,10088.76,10088.76,10088.76,91720464
Nifty Mobility,20220218,10015.86,10015.86,10015.86,10015.86,60776984
Nifty Mobility,20220221,9917.74,9917.74,9917.74,9917.74,76251608
Nifty Mobility,20220222,9884.30,9884.30,9884.30,9884.30,105729304
Nifty Mobility,20220223,9861.31,9861.31,9861.31,9861.31,84417136
Nifty Mobility,20220224,9275.37,9275.37,9275.37,9275.37,194263312
Nifty Mobility,20220225,9527.62,9527.62,9527.62,9527.62,142927424
Nifty Mobility,20220228,9546.75,9546.75,9546.75,9546.75,157836432
Nifty Mobility,20220302,9365.42,9365.42,9365.42,9365.42,147192688
Nifty Mobility,20220303,9206.28,9206.28,9206.28,9206.28,156948288
Nifty Mobility,20220304,8973.03,8973.03,8973.03,8973.03,180258000
Nifty Mobility,20220307,8683.06,8683.06,8683.06,8683.06,198807664
Nifty Mobility,20220308,8744.75,8744.75,8744.75,8744.75,215900272
Nifty Mobility,20220309,8977.85,8977.85,8977.85,8977.85,176363520
Nifty Mobility,20220310,9142.35,9142.35,9142.35,9142.35,217801696
Nifty Mobility,20220311,9141.28,9141.28,9141.28,9141.28,155360992
Nifty Mobility,20220314,9201.19,9201.19,9201.19,9201.19,143605056
Nifty Mobility,20220315,9180.19,9180.19,9180.19,9180.19,159590384
Nifty Mobility,20220316,9390.15,9390.15,9390.15,9390.15,123103480
Nifty Mobility,20220317,9566.05,9566.05,9566.05,9566.05,165014992
Nifty Mobility,20220321,9445.50,9445.50,9445.50,9445.50,118055608
Nifty Mobility,20220322,9550.33,9550.33,9550.33,9550.33,140610816
Nifty Mobility,20220323,9497.07,9497.07,9497.07,9497.07,116662088
Nifty Mobility,20220324,9502.35,9502.35,9502.35,9502.35,87904768
Nifty Mobility,20220325,9524.62,9524.62,9524.62,9524.62,93767120
Nifty Mobility,20220328,9550.88,9550.88,9550.88,9550.88,112823480
Nifty Mobility,20220329,9556.38,9556.38,9556.38,9556.38,99600600
Nifty Mobility,20220330,9640.17,9640.17,9640.17,9640.17,203363760
Nifty Mobility,20220331,9650.01,9650.01,9650.01,9650.01,166866560
Nifty Mobility,20220401,9764.91,9764.91,9764.91,9764.91,124863632
Nifty Mobility,20220404,9915.41,9915.41,9915.41,9915.41,125905280
Nifty Mobility,20220405,10025.37,10025.37,10025.37,10025.37,153269584
Nifty Mobility,20220406,10020.15,10020.15,10020.15,10020.15,123458880
Nifty Mobility,20220407,9885.75,9885.75,9885.75,9885.75,125663120
Nifty Mobility,20220408,9996.24,9996.24,9996.24,9996.24,119035024
Nifty Mobility,20220411,10025.22,10025.22,10025.22,10025.22,107476456
Nifty Mobility,20220412,9891.79,9891.79,9891.79,9891.79,125802024
Nifty Mobility,20220413,9832.38,9832.38,9832.38,9832.38,130461792
Nifty Mobility,20220418,9833.15,9833.15,9833.15,9833.15,107019376
Nifty Mobility,20220419,9721.67,9721.67,9721.67,9721.67,135631520
Nifty Mobility,20220420,9890.09,9890.09,9890.09,9890.09,131140784
Nifty Mobility,20220421,10081.40,10081.40,10081.40,10081.40,106292296
Nifty Mobility,20220422,10045.25,10045.25,10045.25,10045.25,100756112
Nifty Mobility,20220425,9907.14,9907.14,9907.14,9907.14,122706200
Nifty Mobility,20220426,10209.23,10209.23,10209.23,10209.23,131545592
Nifty Mobility,20220427,10128.86,10128.86,10128.86,10128.86,129945984
Nifty Mobility,20220428,10168.14,10168.14,10168.14,10168.14,115243248
Nifty Mobility,20220429,10027.89,10027.89,10027.89,10027.89,143314112
Nifty Mobility,20220502,9927.43,9927.43,9927.43,9927.43,101635152
Nifty Mobility,20220504,9660.22,9660.22,9660.22,9660.22,129937072
Nifty Mobility,20220505,9665.66,9665.66,9665.66,9665.66,126417600
Nifty Mobility,20220506,9530.63,9530.63,9530.63,9530.63,154890096
Nifty Mobility,20220509,9423.38,9423.38,9423.38,9423.38,124246064
Nifty Mobility,20220510,9344.06,9344.06,9344.06,9344.06,143613376
Nifty Mobility,20220511,9257.32,9257.32,9257.32,9257.32,210811792
Nifty Mobility,20220512,9036.21,9036.21,9036.21,9036.21,174789440
Nifty Mobility,20220513,9228.23,9228.23,9228.23,9228.23,263994112
Nifty Mobility,20220516,9416.95,9416.95,9416.95,9416.95,121726448
Nifty Mobility,20220517,9655.09,9655.09,9655.09,9655.09,130285024
Nifty Mobility,20220518,9667.90,9667.90,9667.90,9667.90,201694544
Nifty Mobility,20220519,9410.70,9410.70,9410.70,9410.70,126761328
Nifty Mobility,20220520,9654.10,9654.10,9654.10,9654.10,180929632
Nifty Mobility,20220523,9742.34,9742.34,9742.34,9742.34,175042784
Nifty Mobility,20220524,9752.38,9752.38,9752.38,9752.38,302025504
Nifty Mobility,20220525,9632.76,9632.76,9632.76,9632.76,211511824
Nifty Mobility,20220526,9725.14,9725.14,9725.14,9725.14,170880064
Nifty Mobility,20220527,9837.44,9837.44,9837.44,9837.44,125041960
Nifty Mobility,20220530,10067.33,10067.33,10067.33,10067.33,231110336
Nifty Mobility,20220531,10128.01,10128.01,10128.01,10128.01,382143328
Nifty Mobility,20220601,10097.48,10097.48,10097.48,10097.48,228591808
Nifty Mobility,20220602,10071.70,10071.70,10071.70,10071.70,143979648
Nifty Mobility,20220603,9933.55,9933.55,9933.55,9933.55,120829064
Nifty Mobility,20220606,9932.12,9932.12,9932.12,9932.12,103002432
Nifty Mobility,20220607,9938.44,9938.44,9938.44,9938.44,120743568
Nifty Mobility,20220608,9919.00,9919.00,9919.00,9919.00,126075064
Nifty Mobility,20220609,9999.06,9999.06,9999.06,9999.06,144892704
Nifty Mobility,20220610,9944.95,9944.95,9944.95,9944.95,111424384
Nifty Mobility,20220613,9728.43,9728.43,9728.43,9728.43,119748520
Nifty Mobility,20220614,9689.70,9689.70,9689.70,9689.70,171120832
Nifty Mobility,20220615,9740.86,9740.86,9740.86,9740.86,118866952
Nifty Mobility,20220616,9504.19,9504.19,9504.19,9504.19,143772416
Nifty Mobility,20220617,9384.82,9384.82,9384.82,9384.82,175736224
Nifty Mobility,20220620,9286.17,9286.17,9286.17,9286.17,135233264
Nifty Mobility,20220621,9521.72,9521.72,9521.72,9521.72,110214656
Nifty Mobility,20220622,9416.46,9416.46,9416.46,9416.46,127303536
Nifty Mobility,20220623,9700.03,9700.03,9700.03,9700.03,153123840
Nifty Mobility,20220624,9871.38,9871.38,9871.38,9871.38,119235032
Nifty Mobility,20220627,9930.12,9930.12,9930.12,9930.12,200271408
Nifty Mobility,20220628,10018.70,10018.70,10018.70,10018.70,228569456
Nifty Mobility,20220629,10016.94,10016.94,10016.94,10016.94,191632416
Nifty Mobility,20220630,9888.88,9888.88,9888.88,9888.88,253870544
Nifty Mobility,20220701,9890.82,9890.82,9890.82,9890.82,252231520
Nifty Mobility,20220704,9894.39,9894.39,9894.39,9894.39,146779088
Nifty Mobility,20220705,9874.81,9874.81,9874.81,9874.81,133480864
Nifty Mobility,20220706,10102.52,10102.52,10102.52,10102.52,146886064
Nifty Mobility,20220707,10221.24,10221.24,10221.24,10221.24,137969120
Nifty Mobility,20220708,10260.81,10260.81,10260.81,10260.81,125727344
Nifty Mobility,20220711,10386.67,10386.67,10386.67,10386.67,102946816
Nifty Mobility,20220712,10312.43,10312.43,10312.43,10312.43,137083360
Nifty Mobility,20220713,10297.90,10297.90,10297.90,10297.90,155047264
Nifty Mobility,20220714,10295.69,10295.69,10295.69,10295.69,116862928
Nifty Mobility,20220715,10452.77,10452.77,10452.77,10452.77,126109240
Nifty Mobility,20220718,10515.86,10515.86,10515.86,10515.86,127534192
Nifty Mobility,20220719,10613.48,10613.48,10613.48,10613.48,114579328
Nifty Mobility,20220720,10596.72,10596.72,10596.72,10596.72,139612704
Nifty Mobility,20220721,10674.63,10674.63,10674.63,10674.63,99294456
Nifty Mobility,20220722,10707.70,10707.70,10707.70,10707.70,97325432
Nifty Mobility,20220725,10567.48,10567.48,10567.48,10567.48,312930528
Nifty Mobility,20220726,10442.27,10442.27,10442.27,10442.27,479648864
Nifty Mobility,20220727,10494.16,10494.16,10494.16,10494.16,472149184
Nifty Mobility,20220728,10558.43,10558.43,10558.43,10558.43,370814816
Nifty Mobility,20220729,10722.36,10722.36,10722.36,10722.36,314742752
Nifty Mobility,20220801,10998.55,10998.55,10998.55,10998.55,309060832
Nifty Mobility,20220802,11065.63,11065.63,11065.63,11065.63,654987520
Nifty Mobility,20220803,11017.65,11017.65,11017.65,11017.65,706901056
Nifty Mobility,20220804,11021.87,11021.87,11021.87,11021.87,546051840
Nifty Mobility,20220805,10960.91,10960.91,10960.91,10960.91,477257376
Nifty Mobility,20220808,11012.71,11012.71,11012.71,11012.71,290857376
Nifty Mobility,20220810,11023.82,11023.82,11023.82,11023.82,325221504
Nifty Mobility,20220811,11020.52,11020.52,11020.52,11020.52,249190720
Nifty Mobility,20220812,11068.06,11068.06,11068.06,11068.06,468567776
Nifty Mobility,20220816,11343.79,11343.79,11343.79,11343.79,379380928
Nifty Mobility,20220817,11325.63,11325.63,11325.63,11325.63,368027552
Nifty Mobility,20220818,11311.33,11311.33,11311.33,11311.33,463102112
Nifty Mobility,20220819,11218.22,11218.22,11218.22,11218.22,445742432
Nifty Mobility,20220822,11001.72,11001.72,11001.72,11001.72,349055040
Nifty Mobility,20220823,11153.98,11153.98,11153.98,11153.98,329899200
Nifty Mobility,20220824,11144.00,11144.00,11144.00,11144.00,209674192
Nifty Mobility,20220825,11096.79,11096.79,11096.79,11096.79,160763056
Nifty Mobility,20220826,11159.53,11159.53,11159.53,11159.53,177388832
Nifty Mobility,20220829,11084.04,11084.04,11084.04,11084.04,187411664
Nifty Mobility,20220830,11325.24,11325.24,11325.24,11325.24,284851008
Nifty Mobility,20220901,11359.47,11359.47,11359.47,11359.47,333065280
Nifty Mobility,20220902,11330.29,11330.29,11330.29,11330.29,244698128
Nifty Mobility,20220905,11342.35,11342.35,11342.35,11342.35,168557248
Nifty Mobility,20220906,11364.31,11364.31,11364.31,11364.31,172953536
Nifty Mobility,20220907,11330.65,11330.65,11330.65,11330.65,188586816
Nifty Mobility,20220908,11395.40,11395.40,11395.40,11395.40,268115792
Nifty Mobility,20220909,11480.81,11480.81,11480.81,11480.81,247288336
Nifty Mobility,20220912,11565.49,11565.49,11565.49,11565.49,159192608
Nifty Mobility,20220913,11582.72,11582.72,11582.72,11582.72,286943392
Nifty Mobility,20220914,11523.60,11523.60,11523.60,11523.60,202185056
Nifty Mobility,20220915,11605.53,11605.53,11605.53,11605.53,181153504
Nifty Mobility,20220916,11271.49,11271.49,11271.49,11271.49,353503072
Nifty Mobility,20220919,11359.54,11359.54,11359.54,11359.54,168509984
Nifty Mobility,20220920,11550.23,11550.23,11550.23,11550.23,176480192
Nifty Mobility,20220921,11445.26,11445.26,11445.26,11445.26,157472640
Nifty Mobility,20220922,11515.00,11515.00,11515.00,11515.00,132034016
Nifty Mobility,20220923,11285.86,11285.86,11285.86,11285.86,143694752
Nifty Mobility,20220926,10880.06,10880.06,10880.06,10880.06,195526752
Nifty Mobility,20220927,10825.85,10825.85,10825.85,10825.85,198547200
Nifty Mobility,20220928,10796.67,10796.67,10796.67,10796.67,161543136
Nifty Mobility,20220929,10769.24,10769.24,10769.24,10769.24,200083712
Nifty Mobility,20220930,10926.25,10926.25,10926.25,10926.25,212952976
Nifty Mobility,20221003,10697.65,10697.65,10697.65,10697.65,180282816
Nifty Mobility,20221004,10961.02,10961.02,10961.02,10961.02,144103392
Nifty Mobility,20221006,11050.44,11050.44,11050.44,11050.44,177451632
Nifty Mobility,20221007,11038.26,11038.26,11038.26,11038.26,270602080
Nifty Mobility,20221010,10953.08,10953.08,10953.08,10953.08,188269408
Nifty Mobility,20221011,10777.75,10777.75,10777.75,10777.75,172689968
Nifty Mobility,20221012,10852.86,10852.86,10852.86,10852.86,169692832
Nifty Mobility,20221013,10782.35,10782.35,10782.35,10782.35,155571552
Nifty Mobility,20221014,10726.51,10726.51,10726.51,10726.51,161317648
Nifty Mobility,20221017,10811.01,10811.01,10811.01,10811.01,134797360
Nifty Mobility,20221018,10957.39,10957.39,10957.39,10957.39,233671216
Nifty Mobility,20221019,10993.28,10993.28,10993.28,10993.28,155309424
Nifty Mobility,20221020,11013.27,11013.27,11013.27,11013.27,172202752
Nifty Mobility,20221021,10964.71,10964.71,10964.71,10964.71,156300192
Nifty Mobility,20221024,11038.97,11038.97,11038.97,11038.97,29106448
Nifty Mobility,20221025,11136.32,11136.32,11136.32,11136.32,206447264
Nifty Mobility,20221027,11196.93,11196.93,11196.93,11196.93,185578112
Nifty Mobility,20221028,11292.89,11292.89,11292.89,11292.89,170792784
Nifty Mobility,20221031,11441.71,11441.71,11441.71,11441.71,147863760
Nifty Mobility,20221101,11501.17,11501.17,11501.17,11501.17,159090912
Nifty Mobility,20221102,11446.77,11446.77,11446.77,11446.77,145995952
Nifty Mobility,20221103,11409.04,11409.04,11409.04,11409.04,129968320
Nifty Mobility,20221104,11457.84,11457.84,11457.84,11457.84,145993712
Nifty Mobility,20221107,11580.05,11580.05,11580.05,11580.05,178771168
Nifty Mobility,20221109,11546.42,11546.42,11546.42,11546.42,226443680
Nifty Mobility,20221110,11381.01,11381.01,11381.01,11381.01,168513568
Nifty Mobility,20221111,11415.96,11415.96,11415.96,11415.96,558405568
Nifty Mobility,20221114,11415.68,11415.68,11415.68,11415.68,311933856
Nifty Mobility,20221115,11476.23,11476.23,11476.23,11476.23,163390560
Nifty Mobility,20221116,11399.59,11399.59,11399.59,11399.59,164396752
Nifty Mobility,20221117,11289.68,11289.68,11289.68,11289.68,143689840
Nifty Mobility,20221118,11196.82,11196.82,11196.82,11196.82,150550016
Nifty Mobility,20221121,11100.35,11100.35,11100.35,11100.35,173827616
Nifty Mobility,20221122,11143.31,11143.31,11143.31,11143.31,147969504
Nifty Mobility,20221123,11158.59,11158.59,11158.59,11158.59,133547016
Nifty Mobility,20221124,11222.25,11222.25,11222.25,11222.25,205607600
Nifty Mobility,20221125,11321.15,11321.15,11321.15,11321.15,200916368
Nifty Mobility,20221128,11431.29,11431.29,11431.29,11431.29,202547568
Nifty Mobility,20221129,11397.53,11397.53,11397.53,11397.53,135226480
Nifty Mobility,20221130,11558.51,11558.51,11558.51,11558.51,750117504
Nifty Mobility,20221201,11548.03,11548.03,11548.03,11548.03,171429728
Nifty Mobility,20221202,11484.16,11484.16,11484.16,11484.16,199723360
Nifty Mobility,20221205,11445.49,11445.49,11445.49,11445.49,182130368
Nifty Mobility,20221206,11425.85,11425.85,11425.85,11425.85,130603312
Nifty Mobility,20221207,11348.04,11348.04,11348.04,11348.04,135481392
Nifty Mobility,20221208,11386.63,11386.63,11386.63,11386.63,116452664
Nifty Mobility,20221209,11351.02,11351.02,11351.02,11351.02,149154080
Nifty Mobility,20221212,11363.28,11363.28,11363.28,11363.28,126183912
Nifty Mobility,20221213,11399.38,11399.38,11399.38,11399.38,113496104
Nifty Mobility,20221214,11465.28,11465.28,11465.28,11465.28,135925536
Nifty Mobility,20221215,11351.57,11351.57,11351.57,11351.57,126507688
Nifty Mobility,20221216,11213.14,11213.14,11213.14,11213.14,229781504
Nifty Mobility,20221219,11383.70,11383.70,11383.70,11383.70,117870592
Nifty Mobility,20221220,11341.71,11341.71,11341.71,11341.71,120150072
Nifty Mobility,20221221,11152.84,11152.84,11152.84,11152.84,149444928
Nifty Mobility,20221222,11047.35,11047.35,11047.35,11047.35,167615200
Nifty Mobility,20221223,10649.07,10649.07,10649.07,10649.07,231690784
Nifty Mobility,20221226,10838.72,10838.72,10838.72,10838.72,171400128
Nifty Mobility,20221227,10956.85,10956.85,10956.85,10956.85,131225728
Nifty Mobility,20221228,11016.69,11016.69,11016.69,11016.69,150899104
Nifty Mobility,20221229,11061.85,11061.85,11061.85,11061.85,110789192
Nifty Mobility,20221230,11054.63,11054.63,11054.63,11054.63,107584928
Nifty Mobility,20230102,11098.64,11098.64,11098.64,11098.64,102784976
Nifty Mobility,20230103,11065.91,11065.91,11065.91,11065.91,115570888
Nifty Mobility,20230104,10937.80,10937.80,10937.80,10937.80,135336624
Nifty Mobility,20230105,11075.86,11075.86,11075.86,11075.86,123928384
Nifty Mobility,20230106,11027.92,11027.92,11027.92,11027.92,115558976
Nifty Mobility,20230109,11149.38,11149.38,11149.38,11149.38,130109712
Nifty Mobility,20230110,11120.92,11120.92,11120.92,11120.92,201804736
Nifty Mobility,20230111,11071.07,11071.07,11071.07,11071.07,173240144
Nifty Mobility,20230112,11045.74,11045.74,11045.74,11045.74,130632384
Nifty Mobility,20230113,11083.64,11083.64,11083.64,11083.64,142976400
Nifty Mobility,20230116,11013.75,11013.75,11013.75,11013.75,105871264
Nifty Mobility,20230117,11041.20,11041.20,11041.20,11041.20,179734224
Nifty Mobility,20230118,11054.21,11054.21,11054.21,11054.21,158616720
Nifty Mobility,20230119,11024.84,11024.84,11024.84,11024.84,125028616
Nifty Mobility,20230120,10971.48,10971.48,10971.48,10971.48,158282768
Nifty Mobility,20230123,11033.87,11033.87,11033.87,11033.87,118819536
Nifty Mobility,20230124,11102.11,11102.11,11102.11,11102.11,142059536
Nifty Mobility,20230125,10978.69,10978.69,10978.69,10978.69,352216480
Nifty Mobility,20230127,10841.36,10841.36,10841.36,10841.36,411947808
Nifty Mobility,20230130,10768.79,10768.79,10768.79,10768.79,241441536
Nifty Mobility,20230131,10934.08,10934.08,10934.08,10934.08,277720640
Nifty Mobility,20230201,10704.38,10704.38,10704.38,10704.38,249096192
Nifty Mobility,20230202,10644.81,10644.81,10644.81,10644.81,277631968
Nifty Mobility,20230203,10761.95,10761.95,10761.95,10761.95,243683792
Nifty Mobility,20230206,10808.20,10808.20,10808.20,10808.20,162461104
Nifty Mobility,20230207,10740.65,10740.65,10740.65,10740.65,198052528
Nifty Mobility,20230208,10836.03,10836.03,10836.03,10836.03,382834496
Nifty Mobility,20230209,10771.95,10771.95,10771.95,10771.95,319893696
Nifty Mobility,20230210,10790.47,10790.47,10790.47,10790.47,273298976
Nifty Mobility,20230213,10697.55,10697.55,10697.55,10697.55,171925024
Nifty Mobility,20230214,10662.29,10662.29,10662.29,10662.29,165522544
Nifty Mobility,20230215,10743.46,10743.46,10743.46,10743.46,136604624
Nifty Mobility,20230216,10728.37,10728.37,10728.37,10728.37,140118304
Nifty Mobility,20230217,10700.78,10700.78,10700.78,10700.78,136017936
Nifty Mobility,20230220,10735.44,10735.44,10735.44,10735.44,193410240
Nifty Mobility,20230221,10708.92,10708.92,10708.92,10708.92,169598576
Nifty Mobility,20230222,10532.10,10532.10,10532.10,10532.10,168258528
Nifty Mobility,20230223,10537.94,10537.94,10537.94,10537.94,236934784
Nifty Mobility,20230224,10499.39,10499.39,10499.39,10499.39,184771536
Nifty Mobility,20230227,10364.88,10364.88,10364.88,10364.88,146230752
Nifty Mobility,20230228,10423.14,10423.14,10423.14,10423.14,174916896
Nifty Mobility,20230301,10521.81,10521.81,10521.81,10521.81,135841312
Nifty Mobility,20230302,10500.72,10500.72,10500.72,10500.72,119967032
Nifty Mobility,20230303,10600.97,10600.97,10600.97,10600.97,162233040
Nifty Mobility,20230306,10701.16,10701.16,10701.16,10701.16,181166016
Nifty Mobility,20230308,10811.10,10811.10,10811.10,10811.10,150112032
Nifty Mobility,20230309,10640.41,10640.41,10640.41,10640.41,145767376
Nifty Mobility,20230310,10612.69,10612.69,10612.69,10612.69,132997560
Nifty Mobility,20230313,10388.04,10388.04,10388.04,10388.04,160043584
Nifty Mobility,20230314,10296.72,10296.72,10296.72,10296.72,176314992
Nifty Mobility,20230315,10277.58,10277.58,10277.58,10277.58,139158176
Nifty Mobility,20230316,10313.87,10313.87,10313.87,10313.87,638423296
Nifty Mobility,20230317,10287.92,10287.92,10287.92,10287.92,272141216
Nifty Mobility,20230320,10188.97,10188.97,10188.97,10188.97,209607168
Nifty Mobility,20230321,10219.39,10219.39,10219.39,10219.39,150145616
Nifty Mobility,20230322,10253.99,10253.99,10253.99,10253.99,150142592
Nifty Mobility,20230323,10233.30,10233.30,10233.30,10233.30,121870288
Nifty Mobility,20230324,10132.71,10132.71,10132.71,10132.71,152632432
Nifty Mobility,20230327,10054.04,10054.04,10054.04,10054.04,128752296
Nifty Mobility,20230328,9926.21,9926.21,9926.21,9926.21,150599296
Nifty Mobility,20230329,10105.25,10105.25,10105.25,10105.25,154362560
Nifty Mobility,20230331,10219.42,10219.42,10219.42,10219.42,161728144
Nifty Mobility,20230403,10314.58,10314.58,10314.58,10314.58,124662736
Nifty Mobility,20230405,10288.78,10288.78,10288.78,10288.78,122495800
Nifty Mobility,20230406,10366.66,10366.66,10366.66,10366.66,99939656
Nifty Mobility,20230410,10477.03,10477.03,10477.03,10477.03,189526432
Nifty Mobility,20230411,10560.85,10560.85,10560.85,10560.85,116210736
Nifty Mobility,20230412,10651.76,10651.76,10651.76,10651.76,131352712
Nifty Mobility,20230413,10693.31,10693.31,10693.31,10693.31,121147376
Nifty Mobility,20230417,10774.83,10774.83,10774.83,10774.83,105026240
Nifty Mobility,20230418,10774.73,10774.73,10774.73,10774.73,109921888
Nifty Mobility,20230419,10771.53,10771.53,10771.53,10771.53,138627088
Nifty Mobility,20230420,10792.64,10792.64,10792.64,10792.64,107206400
Nifty Mobility,20230421,10721.23,10721.23,10721.23,10721.23,165620400
Nifty Mobility,20230424,10737.07,10737.07,10737.07,10737.07,105623376
Nifty Mobility,20230425,10772.24,10772.24,10772.24,10772.24,272232768
Nifty Mobility,20230426,10810.25,10810.25,10810.25,10810.25,130746936
Nifty Mobility,20230427,10887.86,10887.86,10887.86,10887.86,156272160
Nifty Mobility,20230428,11041.45,11041.45,11041.45,11041.45,296820064
Nifty Mobility,20230502,11101.79,11101.79,11101.79,11101.79,204888272
Nifty Mobility,20230503,11090.91,11090.91,11090.91,11090.91,140426384
Nifty Mobility,20230504,11148.26,11148.26,11148.26,11148.26,208130832
Nifty Mobility,20230505,11183.10,11183.10,11183.10,11183.10,168873040
Nifty Mobility,20230508,11330.74,11330.74,11330.74,11330.74,202265472
Nifty Mobility,20230509,11336.66,11336.66,11336.66,11336.66,219669712
Nifty Mobility,20230510,11418.19,11418.19,11418.19,11418.19,154045312
Nifty Mobility,20230511,11473.61,11473.61,11473.61,11473.61,158158080
Nifty Mobility,20230512,11508.93,11508.93,11508.93,11508.93,176182128
Nifty Mobility,20230515,11576.70,11576.70,11576.70,11576.70,171508400
Nifty Mobility,20230516,11501.12,11501.12,11501.12,11501.12,187215040
Nifty Mobility,20230517,11503.57,11503.57,11503.57,11503.57,131580400
Nifty Mobility,20230518,11393.89,11393.89,11393.89,11393.89,161092416
Nifty Mobility,20230519,11466.40,11466.40,11466.40,11466.40,192350800
Nifty Mobility,20230522,11549.30,11549.30,11549.30,11549.30,245583952
Nifty Mobility,20230523,11618.58,11618.58,11618.58,11618.58,195754208
Nifty Mobility,20230524,11606.43,11606.43,11606.43,11606.43,165804544
Nifty Mobility,20230525,11670.73,11670.73,11670.73,11670.73,234424704
Nifty Mobility,20230526,11746.93,11746.93,11746.93,11746.93,178389296
Nifty Mobility,20230529,11806.37,11806.37,11806.37,11806.37,136621696
Nifty Mobility,20230530,11776.83,11776.83,11776.83,11776.83,138984784
Nifty Mobility,20230531,11816.34,11816.34,11816.34,11816.34,521184640
Nifty Mobility,20230601,11833.62,11833.62,11833.62,11833.62,157371632
Nifty Mobility,20230602,11922.57,11922.57,11922.57,11922.57,258518176
Nifty Mobility,20230605,12013.56,12013.56,12013.56,12013.56,172205504
Nifty Mobility,20230606,12115.22,12115.22,12115.22,12115.22,138924208
Nifty Mobility,20230607,12219.24,12219.24,12219.24,12219.24,169524496
Nifty Mobility,20230608,12149.41,12149.41,12149.41,12149.41,190562880
Nifty Mobility,20230609,12116.79,12116.79,12116.79,12116.79,141907568
Nifty Mobility,20230612,12162.73,12162.73,12162.73,12162.73,189543584
Nifty Mobility,20230613,12153.95,12153.95,12153.95,12153.95,181151488
Nifty Mobility,20230614,12150.30,12150.30,12150.30,12150.30,174681120
Nifty Mobility,20230615,12172.15,12172.15,12172.15,12172.15,182859456
Nifty Mobility,20230616,12245.29,12245.29,12245.29,12245.29,189428144
Nifty Mobility,20230619,12171.00,12171.00,12171.00,12171.00,145134784
