Nifty200 Momentum 30,20200825,12114.53,12114.53,12114.53,12114.53,104051808
Nifty200 Momentum 30,20200826,12085.56,12085.56,12085.56,12085.56,137530752
Nifty200 Momentum 30,20200827,12092.02,12092.02,12092.02,12092.02,151550400
Nifty200 Momentum 30,20200828,12065.67,12065.67,12065.67,12065.67,197330560
Nifty200 Momentum 30,20200831,11659.47,11659.47,11659.47,11659.47,322066048
Nifty200 Momentum 30,20200901,11933.25,11933.25,11933.25,11933.25,185311648
Nifty200 Momentum 30,20200902,12040.66,12040.66,12040.66,12040.66,127273848
Nifty200 Momentum 30,20200903,12124.93,12124.93,12124.93,12124.93,100019504
Nifty200 Momentum 30,20200904,11916.62,11916.62,11916.62,11916.62,113462432
Nifty200 Momentum 30,20200907,11865.42,11865.42,11865.42,11865.42,83033168
Nifty200 Momentum 30,20200908,11744.71,11744.71,11744.71,11744.71,99559272
Nifty200 Momentum 30,20200909,11877.69,11877.69,11877.69,11877.69,139362768
Nifty200 Momentum 30,20200910,11999.55,11999.55,11999.55,11999.55,151873280
Nifty200 Momentum 30,20200911,12070.75,12070.75,12070.75,12070.75,103683496
Nifty200 Momentum 30,20200914,12041.80,12041.80,12041.80,12041.80,131343296
Nifty200 Momentum 30,20200915,12170.41,12170.41,12170.41,12170.41,118884120
Nifty200 Momentum 30,20200916,12277.94,12277.94,12277.94,12277.94,100213208
Nifty200 Momentum 30,20200917,12255.11,12255.11,12255.11,12255.11,89135976
Nifty200 Momentum 30,20200918,12437.02,12437.02,12437.02,12437.02,253651680
Nifty200 Momentum 30,20200921,11975.54,11975.54,11975.54,11975.54,143254176
Nifty200 Momentum 30,20200922,11917.06,11917.06,11917.06,11917.06,132043976
Nifty200 Momentum 30,20200923,11835.00,11835.00,11835.00,11835.00,168213504
Nifty200 Momentum 30,20200924,11592.13,11592.13,11592.13,11592.13,143540160
Nifty200 Momentum 30,20200925,11892.57,11892.57,11892.57,11892.57,161474880
Nifty200 Momentum 30,20200928,12081.67,12081.67,12081.67,12081.67,108252072
Nifty200 Momentum 30,20200929,12022.85,12022.85,12022.85,12022.85,113932464
Nifty200 Momentum 30,20200930,12090.36,12090.36,12090.36,12090.36,139785520
Nifty200 Momentum 30,20201001,12194.04,12194.04,12194.04,12194.04,101660608
Nifty200 Momentum 30,20201005,12207.11,12207.11,12207.11,12207.11,85597616
Nifty200 Momentum 30,20201006,12231.60,12231.60,12231.60,12231.60,78853480
Nifty200 Momentum 30,20201007,12249.08,12249.08,12249.08,12249.08,96545776
Nifty200 Momentum 30,20201008,12346.36,12346.36,12346.36,12346.36,96998696
Nifty200 Momentum 30,20201009,12206.00,12206.00,12206.00,12206.00,96500632
Nifty200 Momentum 30,20201012,12242.85,12259.90,12168.80,12246.70,91010960
Nifty200 Momentum 30,20201013,12244.00,12357.00,12145.40,12166.10,116995560
Nifty200 Momentum 30,20201014,12169.05,12225.80,12114.55,12207.70,86771200
Nifty200 Momentum 30,20201015,12230.75,12265.20,11988.30,12016.05,95475184
Nifty200 Momentum 30,20201016,12052.20,12161.55,12002.60,12121.95,94045560
Nifty200 Momentum 30,20201019,12195.20,12199.65,12057.05,12082.20,85139304
Nifty200 Momentum 30,20201020,12070.60,12154.35,12050.35,12095.30,88958128
Nifty200 Momentum 30,20201021,12143.55,12156.30,11866.10,12010.65,100414360
Nifty200 Momentum 30,20201022,12010.90,12011.45,11838.65,11951.60,112132688
Nifty200 Momentum 30,20201023,11992.10,12045.85,11968.10,12003.50,94547880
Nifty200 Momentum 30,20201026,12046.95,12050.00,11807.65,11871.15,88217552
Nifty200 Momentum 30,20201027,11888.55,12200.25,11873.80,12172.95,107104736
Nifty200 Momentum 30,20201028,12191.75,12276.90,12024.40,12048.85,197450592
Nifty200 Momentum 30,20201029,11982.10,12119.30,11946.60,12071.25,111173136
Nifty200 Momentum 30,20201030,12095.55,12155.95,11957.95,12018.25,92547008
Nifty200 Momentum 30,20201102,12023.35,12057.05,11858.90,11917.40,118843568
Nifty200 Momentum 30,20201103,11986.60,12040.30,11913.40,11946.45,144547072
Nifty200 Momentum 30,20201104,11978.75,12112.30,11975.15,12068.60,115214552
Nifty200 Momentum 30,20201105,12183.10,12271.00,12145.55,12265.25,94461312
Nifty200 Momentum 30,20201106,12292.00,12332.85,12241.85,12270.60,106829136
Nifty200 Momentum 30,20201109,12432.50,12434.20,12313.90,12414.20,123968280
Nifty200 Momentum 30,20201110,12449.75,12452.00,12042.25,12098.30,126224688
Nifty200 Momentum 30,20201111,12154.25,12292.85,12102.15,12280.90,138265456
Nifty200 Momentum 30,20201112,12281.40,12450.95,12247.15,12376.05,126712728
Nifty200 Momentum 30,20201113,12394.75,12495.80,12387.50,12487.20,93825192
Nifty200 Momentum 30,20201117,12607.85,12607.85,12473.75,12497.90,102485912
Nifty200 Momentum 30,20201118,12498.75,12511.15,12417.90,12480.95,96833184
Nifty200 Momentum 30,20201119,12447.15,12561.80,12362.75,12388.70,101819168
Nifty200 Momentum 30,20201120,12430.90,12494.10,12396.10,12453.30,92894120
Nifty200 Momentum 30,20201123,12517.40,12649.30,12486.45,12596.75,127268520
Nifty200 Momentum 30,20201124,12653.70,12674.40,12578.35,12649.60,120163192
Nifty200 Momentum 30,20201125,12718.85,12719.20,12394.25,12416.40,92433192
Nifty200 Momentum 30,20201126,12455.85,12566.50,12358.50,12540.25,81719816
Nifty200 Momentum 30,20201127,12601.05,12751.30,12574.50,12700.75,279241312
Nifty200 Momentum 30,20201201,12912.40,12912.40,12693.25,12739.20,95545600
Nifty200 Momentum 30,20201202,12767.30,12826.10,12692.90,12813.15,93024608
Nifty200 Momentum 30,20201203,12883.00,12940.30,12823.90,12925.00,86938800
Nifty200 Momentum 30,20201204,12965.55,13038.35,12922.35,13026.70,112954248
Nifty200 Momentum 30,20201207,13031.40,13152.05,13025.75,13138.10,96228192
Nifty200 Momentum 30,20201208,13176.00,13205.90,13012.95,13088.40,97148504
Nifty200 Momentum 30,20201209,13147.10,13187.60,13119.20,13161.40,112960952
Nifty200 Momentum 30,20201210,13153.15,13282.80,13116.40,13272.80,83138224
Nifty200 Momentum 30,20201211,13295.20,13349.85,13118.40,13226.60,76421480
Nifty200 Momentum 30,20201214,13282.20,13320.55,13246.35,13306.05,90896008
Nifty200 Momentum 30,20201215,13317.85,13322.65,13216.00,13240.40,121535968
Nifty200 Momentum 30,20201216,13312.55,13381.15,13282.15,13364.35,98501912
Nifty200 Momentum 30,20201217,13382.40,13484.90,13372.20,13394.50,90688544
Nifty200 Momentum 30,20201218,13422.65,13498.50,13367.85,13481.80,93649904
Nifty200 Momentum 30,20201221,13473.30,13505.45,12774.70,13055.05,131415936
Nifty200 Momentum 30,20201222,13084.25,13323.30,12835.50,13285.45,111384728
Nifty200 Momentum 30,20201223,13303.00,13526.45,13267.70,13505.35,87405672
Nifty200 Momentum 30,20201224,13592.00,13604.00,13427.70,13553.70,87919280
Nifty200 Momentum 30,20201228,13623.45,13630.95,13553.30,13589.95,76283464
Nifty200 Momentum 30,20201229,13641.20,13662.60,13509.65,13577.40,118429824
Nifty200 Momentum 30,20201230,13621.40,13655.65,13527.95,13636.05,208584896
Nifty200 Momentum 30,20201231,13628.40,13702.05,13603.65,13654.70,135883136
Nifty200 Momentum 30,20210101,13672.70,13789.25,13668.30,13751.80,92595072
Nifty200 Momentum 30,20210104,13826.65,14012.30,13772.05,13994.85,158999616
Nifty200 Momentum 30,20210105,13947.90,14147.05,13887.45,14120.90,139196832
Nifty200 Momentum 30,20210106,14160.85,14215.45,13914.75,14065.90,133632912
Nifty200 Momentum 30,20210107,14168.80,14228.05,14126.90,14148.95,152363920
Nifty200 Momentum 30,20210108,14258.75,14417.60,14232.25,14396.40,162026240
Nifty200 Momentum 30,20210111,14474.35,14578.90,14362.30,14554.80,173417168
Nifty200 Momentum 30,20210112,14555.60,14624.85,14465.55,14490.35,143782080
Nifty200 Momentum 30,20210113,14567.80,14596.25,14272.10,14468.60,162608736
Nifty200 Momentum 30,20210114,14458.40,14458.40,14274.95,14395.10,196312064
Nifty200 Momentum 30,20210115,14420.60,14464.70,14069.95,14142.00,167718624
Nifty200 Momentum 30,20210118,14148.95,14157.05,13778.65,13851.15,150962416
Nifty200 Momentum 30,20210119,13939.70,14107.60,13929.20,14080.75,143523200
Nifty200 Momentum 30,20210120,14133.15,14340.55,14126.85,14324.70,164572816
Nifty200 Momentum 30,20210121,14442.10,14487.15,14176.70,14255.75,213289728
Nifty200 Momentum 30,20210122,14280.60,14349.15,13996.20,14036.95,241629376
Nifty200 Momentum 30,20210125,14160.20,14220.60,13801.15,13932.30,196035200
Nifty200 Momentum 30,20210127,13950.90,13950.90,13643.25,13679.20,170313952
Nifty200 Momentum 30,20210128,13537.05,13684.30,13506.20,13597.50,152492656
Nifty200 Momentum 30,20210129,13721.05,13741.85,13156.50,13206.20,183054800
Nifty200 Momentum 30,20210201,13269.25,13661.50,13088.45,13609.30,166112336
Nifty200 Momentum 30,20210202,13769.15,13927.65,13696.85,13899.55,167503584
Nifty200 Momentum 30,20210203,14007.20,14214.60,13914.85,14083.60,172259840
Nifty200 Momentum 30,20210204,14123.25,14286.80,14070.85,14249.25,205904240
Nifty200 Momentum 30,20210205,14344.35,14347.15,14134.65,14284.05,181885104
Nifty200 Momentum 30,20210208,14405.90,14620.80,14397.05,14590.20,164587072
Nifty200 Momentum 30,20210209,14642.55,14719.65,14445.60,14512.50,188480432
Nifty200 Momentum 30,20210210,14581.80,14664.50,14443.90,14626.10,190563232
Nifty200 Momentum 30,20210211,14613.90,14727.25,14590.20,14715.40,115895024
Nifty200 Momentum 30,20210212,14759.40,14793.80,14616.75,14693.20,129402336
Nifty200 Momentum 30,20210215,14763.65,14927.65,14715.95,14895.00,138825344
Nifty200 Momentum 30,20210216,14932.20,15028.05,14827.05,14922.65,180810496
Nifty200 Momentum 30,20210217,14901.30,14950.55,14749.70,14801.95,122106224
Nifty200 Momentum 30,20210218,14832.20,14897.05,14766.65,14805.95,117981208
Nifty200 Momentum 30,20210219,14786.65,14789.80,14402.40,14542.00,144079840
Nifty200 Momentum 30,20210222,14560.15,14618.20,14304.35,14364.90,152559120
Nifty200 Momentum 30,20210223,14442.65,14502.15,14273.05,14456.05,161125952
Nifty200 Momentum 30,20210224,14553.55,14571.50,14369.55,14491.60,102509824
Nifty200 Momentum 30,20210225,14596.00,14721.85,14592.05,14671.35,133952552
Nifty200 Momentum 30,20210226,14490.30,14642.95,14193.45,14255.15,170893872
Nifty200 Momentum 30,20210301,14367.30,14512.45,14344.20,14476.10,111017056
Nifty200 Momentum 30,20210302,14580.90,14785.80,14558.15,14749.20,113705272
Nifty200 Momentum 30,20210303,14882.75,15029.50,14836.25,15009.35,134992672
Nifty200 Momentum 30,20210304,14833.40,15045.70,14800.85,14925.05,128777160
Nifty200 Momentum 30,20210305,14852.60,14891.90,14567.40,14633.85,154350896
Nifty200 Momentum 30,20210308,14727.30,14777.90,14623.40,14639.45,90202048
Nifty200 Momentum 30,20210309,14729.00,14755.00,14480.60,14597.20,106061560
Nifty200 Momentum 30,20210310,14719.60,14825.25,14674.05,14802.60,118697976
Nifty200 Momentum 30,20210312,14897.65,14954.95,14674.00,14724.70,113837000
Nifty200 Momentum 30,20210315,14781.60,14785.75,14492.60,14696.35,96754880
Nifty200 Momentum 30,20210316,14771.25,14791.25,14675.95,14750.60,100286944
Nifty200 Momentum 30,20210317,14760.65,14773.05,14472.80,14502.00,87236360
Nifty200 Momentum 30,20210318,14622.50,14642.00,14130.95,14245.60,108429248
Nifty200 Momentum 30,20210319,14163.50,14506.20,13903.95,14476.55,161915760
Nifty200 Momentum 30,20210322,14499.65,14761.65,14421.45,14720.55,114170704
Nifty200 Momentum 30,20210323,14767.15,14918.00,14751.30,14834.60,120619040
Nifty200 Momentum 30,20210324,14758.30,14873.00,14599.15,14626.70,123924032
Nifty200 Momentum 30,20210325,14667.65,14672.25,14295.75,14371.50,149239104
Nifty200 Momentum 30,20210326,14511.25,14699.15,14464.40,14608.60,137910288
Nifty200 Momentum 30,20210330,14761.00,14944.20,14746.40,14914.40,158128784
Nifty200 Momentum 30,20210331,14939.10,15003.90,14891.30,14935.10,111379976
Nifty200 Momentum 30,20210401,15037.65,15295.50,15021.90,15265.70,157616016
Nifty200 Momentum 30,20210405,15306.75,15348.35,15013.55,15225.10,172012368
Nifty200 Momentum 30,20210406,15323.25,15532.50,15200.45,15512.20,153335840
Nifty200 Momentum 30,20210407,15546.55,15742.05,15511.10,15718.20,139533136
Nifty200 Momentum 30,20210408,15803.35,16068.95,15773.35,15930.80,229787888
Nifty200 Momentum 30,20210409,15954.50,16067.50,15895.10,16033.10,201632048
Nifty200 Momentum 30,20210412,15869.15,15870.75,15365.55,15449.50,224463408
Nifty200 Momentum 30,20210413,15549.85,15661.10,15326.60,15552.70,200282720
Nifty200 Momentum 30,20210415,15560.70,15646.15,15354.85,15627.65,196360208
Nifty200 Momentum 30,20210416,15693.50,15962.05,15666.55,15869.90,251764080
Nifty200 Momentum 30,20210419,15557.35,15854.25,15429.50,15773.40,202272144
Nifty200 Momentum 30,20210420,15966.35,16023.25,15739.00,15887.20,187478160
Nifty200 Momentum 30,20210422,15863.75,16053.95,15808.55,15978.05,205066128
Nifty200 Momentum 30,20210423,15977.55,16094.65,15788.25,15907.95,167390944
Nifty200 Momentum 30,20210426,15999.25,16046.95,15957.90,15977.70,170070800
Nifty200 Momentum 30,20210427,16043.20,16202.55,16032.10,16184.80,137668000
Nifty200 Momentum 30,20210428,16293.10,16339.95,16202.80,16259.55,151885008
Nifty200 Momentum 30,20210429,16364.05,16480.35,16317.45,16466.65,215718720
Nifty200 Momentum 30,20210430,16370.30,16587.15,16303.95,16351.85,213008576
Nifty200 Momentum 30,20210503,16261.05,16555.40,16198.00,16528.25,139881024
Nifty200 Momentum 30,20210504,16643.35,16667.25,16297.10,16345.10,137050496
Nifty200 Momentum 30,20210505,16475.35,16545.80,16326.75,16524.00,145697008
Nifty200 Momentum 30,20210506,16597.40,16734.95,16539.95,16707.90,192429136
Nifty200 Momentum 30,20210507,16804.85,16839.25,16723.85,16785.60,191048656
Nifty200 Momentum 30,20210510,16907.30,16975.55,16824.90,16947.75,158518416
Nifty200 Momentum 30,20210511,16785.10,16914.50,16721.05,16863.75,158456016
Nifty200 Momentum 30,20210512,16910.60,16910.60,16521.50,16598.30,162096304
Nifty200 Momentum 30,20210514,16710.45,16710.45,16293.80,16418.70,247750640
Nifty200 Momentum 30,20210517,16478.85,16661.10,16365.85,16636.20,158442112
Nifty200 Momentum 30,20210518,16797.95,16942.95,16784.45,16921.35,140176448
Nifty200 Momentum 30,20210519,16920.35,17001.50,16830.50,16880.20,115362352
Nifty200 Momentum 30,20210520,16863.75,16893.85,16710.85,16804.35,157184752
Nifty200 Momentum 30,20210521,16909.60,16933.15,16861.45,16877.35,110273088
Nifty200 Momentum 30,20210524,16906.15,16921.60,16795.80,16808.90,129511440
Nifty200 Momentum 30,20210525,16910.25,16993.60,16838.55,16887.25,117895208
Nifty200 Momentum 30,20210526,16891.60,16979.75,16786.50,16956.95,128012672
Nifty200 Momentum 30,20210527,17003.05,17062.70,16920.35,17008.15,249871216
Nifty200 Momentum 30,20210528,17093.20,17114.10,16995.20,17014.10,111574376
Nifty200 Momentum 30,20210531,17040.40,17158.75,16936.95,17124.40,117187296
Nifty200 Momentum 30,20210601,17178.95,17207.00,16992.70,17178.25,114096016
Nifty200 Momentum 30,20210602,17168.75,17446.85,17165.60,17418.00,125392504
Nifty200 Momentum 30,20210603,17510.40,17639.10,17480.90,17612.20,131094904
Nifty200 Momentum 30,20210604,17648.80,17766.05,17582.05,17731.60,105361608
Nifty200 Momentum 30,20210607,17772.60,17796.10,17649.70,17674.40,105940448
Nifty200 Momentum 30,20210608,17708.55,17733.65,17555.60,17715.00,108902048
Nifty200 Momentum 30,20210609,17756.75,17796.05,17487.45,17589.80,110626480
Nifty200 Momentum 30,20210610,17668.40,17836.40,17659.60,17822.95,91290816
Nifty200 Momentum 30,20210611,17904.60,17996.15,17795.60,17974.20,116959712
Nifty200 Momentum 30,20210614,17854.90,17960.15,17529.05,17930.60,133194432
Nifty200 Momentum 30,20210615,18020.35,18057.70,17958.55,17998.60,90325048
Nifty200 Momentum 30,20210616,17971.65,18021.70,17724.85,17774.35,108229880
Nifty200 Momentum 30,20210617,17594.30,17780.35,17521.80,17617.15,114105648
Nifty200 Momentum 30,20210618,17641.90,17670.35,17178.15,17595.65,191143520
Nifty200 Momentum 30,20210621,17430.70,17667.95,17344.70,17649.45,100531952
Nifty200 Momentum 30,20210622,17732.95,17774.35,17648.50,17674.85,84937016
Nifty200 Momentum 30,20210623,17774.40,17786.60,17502.45,17522.20,81708632
Nifty200 Momentum 30,20210624,17564.95,17649.10,17515.70,17626.60,82418920
Nifty200 Momentum 30,20210625,17710.85,17846.30,17703.25,17829.65,92270088
Nifty200 Momentum 30,20210628,17897.95,17971.40,17847.45,17926.20,77773088
Nifty200 Momentum 30,20210629,17924.35,18021.70,17850.00,17887.10,85345480
Nifty200 Momentum 30,20210630,17968.85,18029.20,17819.25,17842.65,256568096
Nifty200 Momentum 30,20210701,17902.95,17916.20,17805.60,17834.25,220378768
Nifty200 Momentum 30,20210702,17881.15,17903.80,17735.65,17789.20,249852176
Nifty200 Momentum 30,20210705,17885.70,17955.55,17839.45,17933.85,289409312
Nifty200 Momentum 30,20210706,17943.80,18059.40,17758.10,17800.50,436459296
Nifty200 Momentum 30,20210707,17823.85,18017.90,17729.25,17992.05,482084384
Nifty200 Momentum 30,20210708,18001.25,18039.75,17672.55,17743.25,370992768
Nifty200 Momentum 30,20210709,17730.70,17930.00,17708.90,17905.75,283424064
Nifty200 Momentum 30,20210712,18039.20,18080.80,17855.10,17921.60,249560688
Nifty200 Momentum 30,20210713,18031.00,18033.20,17915.45,17982.00,219863408
Nifty200 Momentum 30,20210714,18046.00,18093.95,17977.90,18063.60,240916336
Nifty200 Momentum 30,20210715,18088.55,18208.10,18075.65,18173.15,239818592
Nifty200 Momentum 30,20210716,18237.75,18267.45,18169.10,18246.15,267690256
Nifty200 Momentum 30,20210719,18118.45,18268.25,17970.60,18087.85,315479584
Nifty200 Momentum 30,20210720,18056.45,18077.15,17716.40,17883.40,297410656
Nifty200 Momentum 30,20210722,18059.25,18289.95,18052.75,18256.45,268265392
Nifty200 Momentum 30,20210723,18323.95,18358.90,18188.85,18215.20,301821344
Nifty200 Momentum 30,20210726,18273.00,18338.80,18149.85,18246.95,253815664
Nifty200 Momentum 30,20210727,18325.65,18433.50,18129.20,18229.15,304569440
Nifty200 Momentum 30,20210728,18275.30,18281.50,17959.10,18269.55,312112384
Nifty200 Momentum 30,20210729,18368.75,18785.90,18349.85,18741.05,535753504
Nifty200 Momentum 30,20210730,18762.95,18950.85,18694.60,18737.05,412009888
Nifty200 Momentum 30,20210802,18873.40,18979.70,18755.20,18936.45,392389984
Nifty200 Momentum 30,20210803,19034.45,19085.50,18917.80,19063.65,314405376
Nifty200 Momentum 30,20210804,19151.90,19241.05,18882.75,18963.95,386312224
Nifty200 Momentum 30,20210805,18989.65,19054.20,18759.40,19025.60,384262976
Nifty200 Momentum 30,20210806,19092.30,19187.10,19030.55,19054.30,325055008
Nifty200 Momentum 30,20210809,19140.10,19145.10,18767.65,18857.85,305930496
Nifty200 Momentum 30,20210810,18907.55,18939.75,18441.65,18589.35,269973920
Nifty200 Momentum 30,20210811,18663.55,18834.85,18486.05,18811.40,350680992
Nifty200 Momentum 30,20210812,18871.05,18965.35,18818.20,18948.90,248233984
Nifty200 Momentum 30,20210813,18959.15,19081.60,18835.50,19014.05,317539904
Nifty200 Momentum 30,20210816,19030.45,19179.40,18980.60,19110.80,251963760
Nifty200 Momentum 30,20210817,19107.35,19225.45,18837.05,19037.45,338046848
Nifty200 Momentum 30,20210818,19061.10,19106.95,18911.55,19000.45,261900320
Nifty200 Momentum 30,20210820,18700.95,18824.85,18340.70,18431.75,386732800
Nifty200 Momentum 30,20210823,18629.30,18670.85,18159.50,18349.95,392821088
Nifty200 Momentum 30,20210824,18509.35,18744.75,18453.15,18704.50,324730272
Nifty200 Momentum 30,20210825,18779.75,18854.45,18674.05,18732.40,258852512
Nifty200 Momentum 30,20210826,18743.65,18788.65,18525.25,18608.55,273677440
Nifty200 Momentum 30,20210827,18649.75,18854.05,18643.60,18830.55,267256016
Nifty200 Momentum 30,20210830,18951.65,19151.55,18944.50,19124.55,244834624
Nifty200 Momentum 30,20210831,19171.90,19457.70,19126.45,19420.55,329487616
Nifty200 Momentum 30,20210901,19505.75,19505.75,19292.75,19423.60,309488096
Nifty200 Momentum 30,20210902,19484.75,19638.30,19451.40,19604.15,220532816
Nifty200 Momentum 30,20210903,19647.35,19758.25,19556.30,19735.95,232440192
Nifty200 Momentum 30,20210906,19813.45,19910.65,19741.15,19854.30,211322064
Nifty200 Momentum 30,20210907,19914.45,19934.55,19653.05,19751.65,207445296
Nifty200 Momentum 30,20210908,19793.20,19869.95,19657.05,19763.55,178926160
Nifty200 Momentum 30,20210909,19731.40,19834.30,19692.85,19816.95,165803552
Nifty200 Momentum 30,20210913,19854.90,19978.20,19797.10,19960.10,180292080
Nifty200 Momentum 30,20210914,20047.45,20048.85,19930.30,19976.95,212295920
Nifty200 Momentum 30,20210915,20026.05,20195.55,19972.00,20174.80,265120560
Nifty200 Momentum 30,20210916,20244.95,20302.70,20095.40,20182.40,241216656
Nifty200 Momentum 30,20210917,20245.50,20247.35,19839.50,19935.80,324095680
Nifty200 Momentum 30,20210920,19701.25,19773.25,19175.95,19233.55,299273152
Nifty200 Momentum 30,20210921,19257.55,19630.60,19128.95,19603.30,291870368
Nifty200 Momentum 30,20210922,19654.40,19833.15,19650.75,19779.65,258754880
Nifty200 Momentum 30,20210923,19974.55,20112.50,19943.85,20093.00,258542128
Nifty200 Momentum 30,20210924,20182.05,20205.80,19853.15,19900.35,279984896
Nifty200 Momentum 30,20210927,19987.15,19989.10,19747.45,19832.95,221999008
Nifty200 Momentum 30,20210928,19881.60,19910.30,19498.15,19624.95,307424320
Nifty200 Momentum 30,20210929,19511.35,19938.90,19466.80,19857.75,508622560
Nifty200 Momentum 30,20210930,19910.00,19960.00,19760.95,19793.40,418336832
Nifty200 Momentum 30,20211001,19710.70,19799.40,19527.35,19753.45,349405312
Nifty200 Momentum 30,20211004,19837.45,20171.30,19772.15,20153.90,373281792
Nifty200 Momentum 30,20211005,20113.60,20341.25,20083.70,20247.50,411730688
Nifty200 Momentum 30,20211006,20330.15,20407.45,19865.05,19914.40,351003456
Nifty200 Momentum 30,20211007,20122.55,20304.45,20073.15,20203.90,376433184
Nifty200 Momentum 30,20211008,20347.50,20457.80,20288.65,20353.05,324651296
Nifty200 Momentum 30,20211011,20396.40,20710.85,20353.10,20575.40,453876384
Nifty200 Momentum 30,20211012,20630.10,20765.50,20463.40,20746.85,549131328
Nifty200 Momentum 30,20211013,20968.80,21512.10,20911.40,21412.65,1025586176
Nifty200 Momentum 30,20211014,21745.25,21918.35,21600.90,21793.25,579580160
Nifty200 Momentum 30,20211018,22126.70,22463.55,22023.30,22290.75,734863424
Nifty200 Momentum 30,20211019,22487.55,22498.50,21716.60,21829.60,572276928
Nifty200 Momentum 30,20211020,21799.00,21799.00,21295.40,21507.60,538216448
Nifty200 Momentum 30,20211021,21643.65,21643.65,20977.25,21213.75,399456288
Nifty200 Momentum 30,20211022,21229.05,21294.35,20654.15,20775.70,341535456
Nifty200 Momentum 30,20211025,20849.75,20853.90,20202.55,20594.70,329360736
Nifty200 Momentum 30,20211026,20671.05,21132.75,20645.05,21080.45,375190464
Nifty200 Momentum 30,20211027,21151.70,21178.70,20927.85,20979.00,315117056
Nifty200 Momentum 30,20211028,20809.05,20809.05,20286.65,20366.50,371254976
Nifty200 Momentum 30,20211029,20360.10,20679.00,20101.00,20399.30,437113536
Nifty200 Momentum 30,20211101,20650.90,20848.95,20430.55,20815.40,465821504
Nifty200 Momentum 30,20211102,20949.00,20987.25,20710.60,20739.00,344070656
Nifty200 Momentum 30,20211103,20804.25,20920.60,20748.75,20875.25,313178720
Nifty200 Momentum 30,20211104,21005.85,21054.70,20906.20,20938.95,54232668
Nifty200 Momentum 30,20211108,21070.40,21280.90,20821.55,21257.40,289227040
Nifty200 Momentum 30,20211109,21288.10,21459.95,21245.85,21361.90,399042752
Nifty200 Momentum 30,20211110,21260.20,21337.55,21156.95,21255.30,405955616
Nifty200 Momentum 30,20211111,21242.15,21321.30,21038.60,21132.65,257548832
Nifty200 Momentum 30,20211112,21322.45,21432.90,21166.85,21404.50,257306992
Nifty200 Momentum 30,20211115,21494.15,21551.55,21379.00,21401.55,179398000
Nifty200 Momentum 30,20211116,21425.10,21567.00,21299.20,21349.25,255178096
Nifty200 Momentum 30,20211117,21312.40,21566.85,21287.90,21449.05,245742176
Nifty200 Momentum 30,20211118,21496.50,21528.95,20924.90,21011.05,342457152
Nifty200 Momentum 30,20211122,21065.85,21086.60,20365.25,20646.65,325610880
Nifty200 Momentum 30,20211123,20607.70,21078.10,20533.95,21021.90,644820352
Nifty200 Momentum 30,20211124,21087.40,21199.35,20821.35,20915.10,263906848
Nifty200 Momentum 30,20211125,20909.45,21117.05,20819.35,21078.35,242074960
Nifty200 Momentum 30,20211126,20835.80,20897.60,20107.10,20162.55,376707520
Nifty200 Momentum 30,20211129,20078.10,20334.90,19587.05,20084.65,334042528
Nifty200 Momentum 30,20211130,20140.25,20525.25,19871.05,19942.70,514535008
Nifty200 Momentum 30,20211201,20146.00,20306.60,19984.20,20261.60,270806208
Nifty200 Momentum 30,20211202,20332.30,20604.50,20232.55,20575.90,282276128
Nifty200 Momentum 30,20211203,20603.20,20716.05,20454.20,20478.25,260045376
Nifty200 Momentum 30,20211206,20485.45,20535.50,20082.45,20118.40,249039456
Nifty200 Momentum 30,20211207,20293.40,20617.70,20253.40,20544.85,258067904
Nifty200 Momentum 30,20211208,20684.20,20967.75,20679.45,20949.00,240851376
Nifty200 Momentum 30,20211209,21056.05,21071.85,20867.10,21033.00,207887808
Nifty200 Momentum 30,20211210,20962.75,21183.30,20935.90,21120.15,191732848
Nifty200 Momentum 30,20211213,21326.50,21365.45,21012.85,21040.90,256984304
Nifty200 Momentum 30,20211214,20935.25,21086.15,20825.45,21036.65,202993376
Nifty200 Momentum 30,20211215,21022.65,21069.55,20778.15,20811.35,182264592
Nifty200 Momentum 30,20211216,20979.25,21032.20,20763.25,20861.75,187434704
Nifty200 Momentum 30,20211217,20840.60,20862.45,20353.80,20393.40,317327712
Nifty200 Momentum 30,20211220,20146.25,20168.25,19447.45,19737.70,291066688
Nifty200 Momentum 30,20211221,19955.40,20329.70,19904.80,20165.95,217514704
Nifty200 Momentum 30,20211222,20319.25,20514.90,20290.60,20485.75,159358592
Nifty200 Momentum 30,20211223,20638.05,20760.90,20580.10,20630.85,156330480
Nifty200 Momentum 30,20211224,20721.80,20722.70,20352.65,20514.80,154474272
Nifty200 Momentum 30,20211227,20448.75,20586.35,20295.60,20557.50,130033384
Nifty200 Momentum 30,20211228,20690.30,20823.70,20672.50,20791.05,127750928
Nifty200 Momentum 30,20211229,20761.70,20812.30,20636.65,20674.30,123445000
Nifty200 Momentum 30,20211230,20652.65,20709.35,20530.90,20557.65,165524192
Nifty200 Momentum 30,20211231,20600.25,20809.65,20595.50,20774.70,80246536
Nifty200 Momentum 30,20220103,20825.90,21053.00,20823.95,21031.10,103503376
Nifty200 Momentum 30,20220104,21114.10,21138.20,20877.35,21107.40,150978896
Nifty200 Momentum 30,20220105,21079.40,21098.40,20895.35,21018.15,110286384
Nifty200 Momentum 30,20220106,20839.10,20975.30,20763.20,20948.10,130522072
Nifty200 Momentum 30,20220107,21039.55,21157.40,20887.85,21008.10,134623216
Nifty200 Momentum 30,20220110,21102.25,21179.35,20976.15,21163.80,119264568
Nifty200 Momentum 30,20220111,21163.35,21292.80,21135.25,21241.50,122213584
Nifty200 Momentum 30,20220112,21378.50,21415.05,21281.85,21394.10,125933216
Nifty200 Momentum 30,20220113,21406.10,21514.70,21220.40,21502.20,179630512
Nifty200 Momentum 30,20220114,21419.80,21499.75,21321.60,21456.10,136119680
Nifty200 Momentum 30,20220117,21491.10,21554.05,21403.70,21536.50,137686528
Nifty200 Momentum 30,20220118,21577.20,21618.70,20953.55,21009.70,122166392
Nifty200 Momentum 30,20220119,20951.85,20974.25,20690.60,20891.85,167550912
Nifty200 Momentum 30,20220120,20915.45,20982.50,20740.45,20854.50,127877200
Nifty200 Momentum 30,20220121,20697.45,20707.50,20186.95,20313.95,141219568
Nifty200 Momentum 30,20220124,20282.65,20291.20,19242.30,19421.45,170621232
Nifty200 Momentum 30,20220125,19145.35,19655.05,18946.75,19628.45,173869344
Nifty200 Momentum 30,20220127,19383.80,19390.35,18964.35,19228.20,190108304
Nifty200 Momentum 30,20220128,19418.70,19847.75,19418.70,19455.85,186770736
Nifty200 Momentum 30,20220131,19770.55,19959.05,19698.85,19897.25,170707280
Nifty200 Momentum 30,20220201,20091.00,20119.50,19676.00,20069.80,225619232
Nifty200 Momentum 30,20220202,20167.55,20347.75,20148.35,20325.20,119523504
Nifty200 Momentum 30,20220203,20303.05,20312.85,20033.30,20084.25,118732048
Nifty200 Momentum 30,20220204,20095.75,20256.90,19981.60,20097.65,142943408
Nifty200 Momentum 30,20220207,20111.75,20213.50,19704.75,19788.85,161507872
Nifty200 Momentum 30,20220208,19875.70,19948.80,19434.85,19705.90,197895808
Nifty200 Momentum 30,20220209,19840.95,20116.70,19815.45,20087.15,130341800
Nifty200 Momentum 30,20220210,20183.85,20248.30,20046.25,20228.45,137166992
Nifty200 Momentum 30,20220211,20023.95,20037.45,19679.90,19726.05,120547840
Nifty200 Momentum 30,20220214,19284.05,19431.30,18982.25,19038.50,156036432
Nifty200 Momentum 30,20220215,19201.55,19841.15,19029.60,19810.75,148279024
Nifty200 Momentum 30,20220216,19932.00,19980.00,19656.70,19717.95,125735120
Nifty200 Momentum 30,20220217,19857.35,19923.60,19606.70,19639.10,112647216
Nifty200 Momentum 30,20220218,19509.65,19702.85,19482.05,19500.90,89172496
Nifty200 Momentum 30,20220221,19401.95,19586.20,19179.90,19396.00,109208808
Nifty200 Momentum 30,20220222,18867.95,19357.05,18865.05,19317.50,151296128
Nifty200 Momentum 30,20220223,19455.55,19540.45,19339.50,19384.75,104740280
Nifty200 Momentum 30,20220224,18731.15,18931.35,18226.95,18266.60,253879248
Nifty200 Momentum 30,20220225,18706.85,19147.00,18687.15,19071.15,197175776
Nifty200 Momentum 30,20220228,18863.05,19369.55,18709.00,19335.20,177309792
Nifty200 Momentum 30,20220302,19224.00,19377.25,19126.40,19285.65,160505456
Nifty200 Momentum 30,20220303,19533.90,19570.00,19233.25,19285.40,197915536
Nifty200 Momentum 30,20220304,19089.10,19187.90,18820.50,18866.85,188073824
Nifty200 Momentum 30,20220307,18502.30,18622.85,18300.80,18531.05,194066256
Nifty200 Momentum 30,20220308,18539.80,18824.45,18431.90,18803.25,224233712
Nifty200 Momentum 30,20220309,18893.05,19219.60,18843.60,19112.40,187463792
Nifty200 Momentum 30,20220310,19543.65,19544.40,19244.70,19404.50,198216096
Nifty200 Momentum 30,20220311,19347.75,19461.80,19252.20,19436.75,142661760
Nifty200 Momentum 30,20220314,19422.95,19659.85,19403.85,19642.55,137337952
Nifty200 Momentum 30,20220315,19689.75,19734.10,19224.70,19356.15,152398576
Nifty200 Momentum 30,20220316,19640.45,19741.95,19589.85,19732.30,109680576
Nifty200 Momentum 30,20220317,19964.50,20097.00,19908.85,19978.60,156542976
Nifty200 Momentum 30,20220321,20081.40,20127.65,19841.45,19863.90,131530000
Nifty200 Momentum 30,20220322,19907.05,20113.20,19664.65,20083.90,137237488
Nifty200 Momentum 30,20220323,20215.00,20226.00,19983.50,20027.95,137826336
Nifty200 Momentum 30,20220324,19924.30,20198.65,19893.00,20157.90,114240032
Nifty200 Momentum 30,20220325,20250.50,20260.35,19938.35,20077.85,97966032
Nifty200 Momentum 30,20220328,20117.55,20161.65,19847.70,20086.75,98865224
Nifty200 Momentum 30,20220329,20192.85,20249.55,20097.65,20158.05,107157704
Nifty200 Momentum 30,20220330,20324.65,20426.80,20242.55,20392.95,131164104
Nifty200 Momentum 30,20220331,20442.15,20458.75,20261.55,20314.70,95365744
Nifty200 Momentum 30,20220401,20318.70,20481.15,20292.20,20451.10,125018872
Nifty200 Momentum 30,20220404,20539.20,20727.90,20489.30,20692.20,133668992
Nifty200 Momentum 30,20220405,20801.20,20999.95,20726.95,20947.30,198689872
Nifty200 Momentum 30,20220406,20925.00,21028.35,20826.45,20955.35,331143232
Nifty200 Momentum 30,20220407,20921.40,20977.90,20621.25,20660.15,297566752
Nifty200 Momentum 30,20220408,20769.60,20928.05,20680.55,20867.45,169611072
Nifty200 Momentum 30,20220411,20903.05,20936.45,20794.00,20829.50,144562624
Nifty200 Momentum 30,20220412,20753.85,20758.15,20274.35,20410.45,145348608
Nifty200 Momentum 30,20220413,20513.90,20594.80,20400.55,20448.65,114481976
Nifty200 Momentum 30,20220418,20178.55,20178.55,19857.45,20066.95,217786720
Nifty200 Momentum 30,20220419,20239.20,20274.35,19521.35,19695.55,162201696
Nifty200 Momentum 30,20220420,19787.30,19927.90,19664.40,19778.40,128669776
Nifty200 Momentum 30,20220421,19936.20,20114.60,19838.60,20092.65,123957576
Nifty200 Momentum 30,20220422,19958.30,20062.25,19836.55,19856.45,108187888
Nifty200 Momentum 30,20220425,19626.10,19632.25,19395.05,19483.95,99282352
Nifty200 Momentum 30,20220426,19695.95,19820.15,19656.70,19789.05,89879304
Nifty200 Momentum 30,20220427,19662.80,19718.90,19374.85,19505.95,109126840
Nifty200 Momentum 30,20220428,19693.00,19757.00,19426.30,19672.30,96243696
Nifty200 Momentum 30,20220429,19813.70,19819.85,19396.15,19443.35,140088624
Nifty200 Momentum 30,20220502,19296.90,19330.60,19113.55,19239.50,142391024
Nifty200 Momentum 30,20220504,19302.80,19340.60,18674.70,18760.85,127722320
Nifty200 Momentum 30,20220505,18968.55,19069.50,18777.15,18844.05,108273904
Nifty200 Momentum 30,20220506,18516.60,18542.35,18281.75,18454.45,140575136
Nifty200 Momentum 30,20220509,18255.80,18346.45,17952.95,18139.80,151954432
Nifty200 Momentum 30,20220510,18118.45,18284.55,17728.75,17784.60,115474744
Nifty200 Momentum 30,20220511,17843.50,18044.40,17382.35,17726.15,160858768
Nifty200 Momentum 30,20220512,17590.20,17593.85,17110.95,17254.90,155928768
Nifty200 Momentum 30,20220513,17510.55,17706.30,17198.55,17258.00,244909584
Nifty200 Momentum 30,20220516,17351.25,17489.55,17164.85,17356.05,134100376
Nifty200 Momentum 30,20220517,17494.05,18018.45,17467.65,17989.70,147785136
Nifty200 Momentum 30,20220518,18110.20,18213.05,17807.80,17852.60,136478928
Nifty200 Momentum 30,20220519,17402.15,17478.90,17125.05,17196.05,129640400
Nifty200 Momentum 30,20220520,17530.80,17599.95,17452.00,17567.35,111608240
Nifty200 Momentum 30,20220523,17618.70,17786.35,17507.70,17535.10,104142136
Nifty200 Momentum 30,20220524,17576.70,17597.05,17262.55,17332.90,108984432
Nifty200 Momentum 30,20220525,17370.50,17380.75,16886.30,16913.35,103550664
Nifty200 Momentum 30,20220526,16976.90,17131.55,16535.25,17067.95,136289376
Nifty200 Momentum 30,20220527,17281.85,17397.45,17208.50,17379.35,101299024
Nifty200 Momentum 30,20220530,17606.20,17956.30,17584.15,17941.55,109033624
Nifty200 Momentum 30,20220531,17907.85,18091.70,17827.30,17969.65,240818368
Nifty200 Momentum 30,20220601,17997.70,18086.70,17686.70,17798.05,93765144
Nifty200 Momentum 30,20220602,17779.50,17935.00,17735.75,17913.25,87639064
Nifty200 Momentum 30,20220603,18066.35,18099.55,17644.35,17669.55,106527752
Nifty200 Momentum 30,20220606,17605.25,17680.25,17382.90,17650.70,89345504
Nifty200 Momentum 30,20220607,17553.90,17562.80,17393.95,17502.25,90735920
Nifty200 Momentum 30,20220608,17573.15,17612.10,17336.65,17401.20,102361304
Nifty200 Momentum 30,20220609,17278.10,17511.20,17241.10,17490.45,86112584
Nifty200 Momentum 30,20220610,17280.15,17398.65,17209.80,17357.80,77331168
Nifty200 Momentum 30,20220613,16982.15,17000.10,16671.20,16711.35,101244584
Nifty200 Momentum 30,20220614,16726.45,16979.00,16619.20,16834.25,107824656
Nifty200 Momentum 30,20220615,16922.85,16979.60,16827.15,16894.20,83441856
Nifty200 Momentum 30,20220616,17103.40,17109.25,16278.35,16311.15,126053784
Nifty200 Momentum 30,20220617,16200.85,16397.00,16039.55,16159.85,160406880
Nifty200 Momentum 30,20220620,16201.90,16243.60,15751.45,15962.95,170238240
Nifty200 Momentum 30,20220621,16140.85,16524.80,16100.00,16456.20,161360096
Nifty200 Momentum 30,20220622,16383.75,16383.75,16094.00,16141.45,106499080
Nifty200 Momentum 30,20220623,16190.40,16373.45,16100.95,16352.60,120557896
Nifty200 Momentum 30,20220624,16477.65,16565.95,16313.05,16454.05,107294400
Nifty200 Momentum 30,20220627,16693.60,16782.95,16635.75,16700.05,95990896
Nifty200 Momentum 30,20220628,16611.35,16765.70,16474.10,16739.95,98589696
Nifty200 Momentum 30,20220629,16532.40,16670.50,16500.15,16538.50,99759848
Nifty200 Momentum 30,20220630,16534.85,16603.85,16324.70,16361.50,216296480
Nifty200 Momentum 30,20220701,16275.90,16313.05,16030.90,16182.50,332857728
Nifty200 Momentum 30,20220704,16144.30,16325.65,16129.15,16310.45,268808352
Nifty200 Momentum 30,20220705,16381.40,16478.75,16239.25,16278.30,195890672
Nifty200 Momentum 30,20220706,16270.05,16423.25,16177.25,16397.40,222671120
Nifty200 Momentum 30,20220707,16546.00,16646.20,16509.45,16619.30,241380032
Nifty200 Momentum 30,20220708,16769.25,16794.95,16637.05,16783.55,210052816
Nifty200 Momentum 30,20220711,16737.70,16910.40,16709.45,16886.30,193523664
Nifty200 Momentum 30,20220712,16801.60,16896.55,16739.95,16775.05,161277600
Nifty200 Momentum 30,20220713,16825.00,16860.40,16718.70,16750.55,148261392
Nifty200 Momentum 30,20220714,16818.10,16852.90,16636.10,16759.90,178529104
Nifty200 Momentum 30,20220715,16830.75,16980.30,16792.25,16961.35,146888000
Nifty200 Momentum 30,20220718,17094.15,17200.85,17066.00,17184.70,195665200
Nifty200 Momentum 30,20220719,17151.80,17305.45,17136.95,17270.75,182697888
Nifty200 Momentum 30,20220720,17478.30,17479.35,17279.80,17302.80,198890192
Nifty200 Momentum 30,20220721,17327.25,17567.55,17306.45,17539.40,159895264
Nifty200 Momentum 30,20220722,17612.75,17650.35,17489.60,17520.50,135887056
Nifty200 Momentum 30,20220725,17530.30,17566.60,17458.05,17521.90,150211808
Nifty200 Momentum 30,20220726,17556.80,17562.90,17422.05,17449.55,148013728
Nifty200 Momentum 30,20220727,17440.80,17564.90,17410.10,17552.10,152583488
Nifty200 Momentum 30,20220728,17632.45,17683.70,17526.35,17655.55,187891616
Nifty200 Momentum 30,20220729,17777.20,17921.35,17760.80,17906.90,189612784
Nifty200 Momentum 30,20220801,17984.20,18334.00,17959.80,18313.15,239496880
Nifty200 Momentum 30,20220802,18332.60,18450.15,18262.30,18400.00,262057376
Nifty200 Momentum 30,20220803,18408.70,18426.25,18144.90,18322.70,176517632
Nifty200 Momentum 30,20220804,18399.45,18441.65,18050.40,18321.55,187932480
Nifty200 Momentum 30,20220805,18367.80,18407.45,18252.55,18331.05,306224928
Nifty200 Momentum 30,20220808,18381.45,18554.45,18364.80,18543.50,150840320
Nifty200 Momentum 30,20220810,18606.55,18625.90,18495.05,18595.60,186156160
Nifty200 Momentum 30,20220811,18740.70,18770.15,18616.50,18677.55,202068736
Nifty200 Momentum 30,20220812,18702.50,18851.50,18663.30,18832.60,201686720
Nifty200 Momentum 30,20220816,18918.85,19062.10,18901.30,19050.40,174447040
Nifty200 Momentum 30,20220817,19122.30,19169.95,19086.45,19110.85,178368288
Nifty200 Momentum 30,20220818,19082.25,19186.25,19044.85,19164.85,186071648
Nifty200 Momentum 30,20220819,19206.45,19228.50,18826.00,18876.70,222660816
Nifty200 Momentum 30,20220822,18845.15,18845.15,18570.80,18607.55,185239056
Nifty200 Momentum 30,20220823,18484.95,18945.50,18469.95,18903.10,190456176
Nifty200 Momentum 30,20220824,18897.30,18981.20,18797.05,18961.50,188228544
Nifty200 Momentum 30,20220825,19065.10,19089.05,18857.20,18894.20,175402048
Nifty200 Momentum 30,20220826,19006.70,19195.15,18988.55,19148.90,181136896
Nifty200 Momentum 30,20220829,18727.55,19081.80,18724.55,19047.15,153597152
Nifty200 Momentum 30,20220830,19160.95,19416.30,19157.35,19405.55,209711120
Nifty200 Momentum 30,20220901,19247.80,19541.95,19243.80,19450.15,195781264
Nifty200 Momentum 30,20220902,19532.20,19598.15,19412.25,19434.30,176549696
Nifty200 Momentum 30,20220905,19485.15,19582.85,19458.85,19568.40,149665808
Nifty200 Momentum 30,20220906,19653.35,19756.30,19607.55,19696.35,207719744
Nifty200 Momentum 30,20220907,19621.70,19733.65,19529.40,19702.55,285728992
Nifty200 Momentum 30,20220908,19835.30,19852.40,19693.90,19751.00,162638192
Nifty200 Momentum 30,20220909,19870.70,19872.60,19639.90,19692.95,143819632
Nifty200 Momentum 30,20220912,19777.35,19897.40,19762.75,19874.70,140616336
Nifty200 Momentum 30,20220913,19975.00,20085.60,19954.65,20061.65,141992352
Nifty200 Momentum 30,20220914,19827.30,20144.10,19812.35,20076.00,197693776
Nifty200 Momentum 30,20220915,20189.30,20235.00,20017.45,20188.40,189991088
Nifty200 Momentum 30,20220916,20167.00,20189.05,19620.70,19772.80,309306304
Nifty200 Momentum 30,20220919,19800.50,19886.85,19620.55,19792.75,176074464
Nifty200 Momentum 30,20220920,19940.05,20120.20,19925.15,20012.20,155083840
Nifty200 Momentum 30,20220921,20024.80,20134.85,19739.05,19819.75,164374128
Nifty200 Momentum 30,20220922,19748.25,19959.55,19667.70,19929.30,199293728
Nifty200 Momentum 30,20220923,19924.55,19983.45,19424.20,19498.35,249757056
Nifty200 Momentum 30,20220926,19312.60,19328.80,18702.60,18869.75,378706432
Nifty200 Momentum 30,20220927,18998.20,19095.75,18731.30,18873.30,217630416
Nifty200 Momentum 30,20220928,18740.25,18948.65,18684.80,18769.05,215577488
Nifty200 Momentum 30,20220929,18956.50,19118.60,18783.60,18901.30,302183680
Nifty200 Momentum 30,20220930,18880.70,19211.00,18712.20,19130.55,263876016
Nifty200 Momentum 30,20221003,19184.35,19268.20,18758.05,18842.80,226014240
Nifty200 Momentum 30,20221004,19138.30,19262.10,19051.05,19243.30,161916784
Nifty200 Momentum 30,20221006,19382.75,19482.55,19357.75,19405.60,179316416
Nifty200 Momentum 30,20221007,19443.90,19503.05,19315.50,19485.95,171586032
Nifty200 Momentum 30,20221010,19270.35,19393.70,19177.45,19279.70,160234496
Nifty200 Momentum 30,20221011,19362.90,19362.90,18997.10,19037.70,155496064
Nifty200 Momentum 30,20221012,19094.05,19217.85,18958.70,19187.75,155229328
Nifty200 Momentum 30,20221013,19182.10,19250.45,19002.20,19079.20,130040944
Nifty200 Momentum 30,20221014,19368.55,19376.40,19012.05,19030.50,130112024
Nifty200 Momentum 30,20221017,18986.95,19201.15,18865.70,19179.50,136890336
Nifty200 Momentum 30,20221018,19285.50,19508.25,19282.55,19489.60,180775648
Nifty200 Momentum 30,20221019,19552.80,19597.80,19428.85,19477.55,153337328
Nifty200 Momentum 30,20221020,19413.70,19582.05,19315.15,19553.70,180797856
Nifty200 Momentum 30,20221021,19598.65,19672.80,19338.45,19426.30,162687248
Nifty200 Momentum 30,20221024,19613.45,19644.65,19511.95,19541.85,26832620
Nifty200 Momentum 30,20221025,19598.90,19601.50,19449.05,19561.75,170630432
Nifty200 Momentum 30,20221027,19659.75,19791.80,19612.35,19748.90,195790800
Nifty200 Momentum 30,20221028,19783.05,19812.45,19701.15,19771.40,180572464
Nifty200 Momentum 30,20221031,19855.75,20033.65,19849.30,20019.85,172180912
Nifty200 Momentum 30,20221101,20114.65,20359.05,20089.60,20343.30,228922864
Nifty200 Momentum 30,20221102,20345.60,20384.45,20246.25,20292.75,192914768
Nifty200 Momentum 30,20221103,20182.90,20370.80,20168.75,20287.60,154555680
Nifty200 Momentum 30,20221104,20347.20,20374.40,20230.75,20337.70,154727328
Nifty200 Momentum 30,20221107,20458.85,20515.40,20337.85,20466.10,287096960
Nifty200 Momentum 30,20221109,20585.00,20587.35,20335.95,20381.45,265254480
Nifty200 Momentum 30,20221110,20319.45,20322.85,20044.00,20121.40,209493760
Nifty200 Momentum 30,20221111,20332.80,20380.15,20065.45,20118.45,211821200
Nifty200 Momentum 30,20221114,20143.35,20161.15,20019.75,20041.15,180223552
Nifty200 Momentum 30,20221115,20094.60,20152.55,20008.65,20128.95,171870032
Nifty200 Momentum 30,20221116,20153.65,20180.85,19953.90,20066.65,162575632
Nifty200 Momentum 30,20221117,20036.70,20083.90,19952.75,20003.30,155933440
Nifty200 Momentum 30,20221118,20032.70,20046.85,19727.55,19825.20,157750016
Nifty200 Momentum 30,20221121,19786.55,19796.25,19661.55,19781.00,132920920
Nifty200 Momentum 30,20221122,19793.40,19931.30,19765.20,19918.00,126275592
Nifty200 Momentum 30,20221123,20002.10,20002.10,19863.20,19890.60,145095520
Nifty200 Momentum 30,20221124,19943.55,20033.30,19885.55,20008.20,126890928
Nifty200 Momentum 30,20221125,20066.35,20103.45,19976.50,20080.00,137392960
Nifty200 Momentum 30,20221128,20045.40,20192.50,20013.55,20125.25,123161488
Nifty200 Momentum 30,20221129,20147.10,20181.55,20054.05,20079.05,111488752
Nifty200 Momentum 30,20221130,20101.15,20321.50,20093.90,20264.30,313064320
Nifty200 Momentum 30,20221201,20353.85,20361.45,20209.55,20264.60,185139872
Nifty200 Momentum 30,20221202,20268.50,20285.50,20176.15,20245.25,137040336
Nifty200 Momentum 30,20221205,20292.25,20310.75,20086.55,20291.05,148619728
Nifty200 Momentum 30,20221206,20256.60,20324.85,20231.05,20302.00,155142272
Nifty200 Momentum 30,20221207,20313.55,20336.90,20165.75,20200.45,123569968
Nifty200 Momentum 30,20221208,20232.45,20275.70,20174.90,20224.85,193582512
Nifty200 Momentum 30,20221209,20288.90,20380.95,20027.20,20197.15,204438784
Nifty200 Momentum 30,20221212,20178.10,20219.30,20051.35,20182.30,139267152
Nifty200 Momentum 30,20221213,20229.80,20280.55,20185.40,20265.00,124290264
Nifty200 Momentum 30,20221214,20319.40,20394.60,20313.75,20360.55,123732992
Nifty200 Momentum 30,20221215,20342.15,20394.45,20096.40,20131.40,145527184
Nifty200 Momentum 30,20221216,20048.70,20119.35,19784.35,19810.80,231026160
Nifty200 Momentum 30,20221219,19824.80,20058.70,19736.95,20035.30,131918256
Nifty200 Momentum 30,20221220,20015.85,20037.75,19817.30,20019.80,103958160
Nifty200 Momentum 30,20221221,20079.50,20122.65,19575.40,19631.95,131244624
Nifty200 Momentum 30,20221222,19722.45,19759.35,19342.10,19450.20,141857776
Nifty200 Momentum 30,20221223,19282.55,19389.25,18877.70,18925.10,171948880
Nifty200 Momentum 30,20221226,18931.10,19364.15,18822.85,19271.40,146935376
Nifty200 Momentum 30,20221227,19390.10,19467.75,19248.80,19394.95,118189008
Nifty200 Momentum 30,20221228,19366.00,19530.55,19338.50,19489.85,128365344
Nifty200 Momentum 30,20221229,19413.20,19477.35,19328.90,19450.65,193007728
Nifty200 Momentum 30,20221230,19533.50,19567.50,19409.20,19444.95,335820128
Nifty200 Momentum 30,20230102,19492.55,19576.35,19417.85,19515.15,244598960
Nifty200 Momentum 30,20230103,19528.35,19606.60,19457.80,19548.10,261863136
Nifty200 Momentum 30,20230104,19574.50,19608.15,19269.90,19296.95,288771616
Nifty200 Momentum 30,20230105,19373.05,19445.20,19232.10,19411.30,283870176
Nifty200 Momentum 30,20230106,19439.75,19462.35,19199.55,19287.60,265816032
Nifty200 Momentum 30,20230109,19412.50,19533.85,19389.65,19489.00,215339152
Nifty200 Momentum 30,20230110,19522.60,19526.70,19088.70,19200.90,247751712
Nifty200 Momentum 30,20230111,19231.55,19247.85,19050.15,19162.70,256264976
Nifty200 Momentum 30,20230112,19218.90,19231.60,19028.80,19129.60,218903088
Nifty200 Momentum 30,20230113,19166.40,19307.60,19071.25,19282.15,280331904
Nifty200 Momentum 30,20230116,19330.25,19378.65,19130.60,19188.15,376651264
Nifty200 Momentum 30,20230117,19230.45,19239.80,18998.50,19175.65,332574048
Nifty200 Momentum 30,20230118,19218.40,19255.25,19120.25,19239.30,238221328
Nifty200 Momentum 30,20230119,19172.65,19208.70,19105.85,19178.60,193966528
Nifty200 Momentum 30,20230120,19222.75,19251.20,19101.90,19123.15,242065104
Nifty200 Momentum 30,20230123,19224.75,19230.15,19153.30,19192.25,237565120
Nifty200 Momentum 30,20230124,19240.70,19248.85,19064.55,19101.85,207596416
Nifty200 Momentum 30,20230125,19076.75,19088.40,18628.60,18780.90,348850912
Nifty200 Momentum 30,20230127,18790.55,18792.90,17960.65,18167.25,548015552
Nifty200 Momentum 30,20230130,18177.20,18495.30,17910.10,18229.05,604826112
Nifty200 Momentum 30,20230131,18354.45,18658.60,18251.20,18610.65,502437920
Nifty200 Momentum 30,20230201,18797.25,18806.75,17700.50,18049.15,716031424
Nifty200 Momentum 30,20230202,18003.20,18198.00,17721.55,17965.75,599771136
Nifty200 Momentum 30,20230203,18049.45,18322.40,17659.15,18294.90,505276096
Nifty200 Momentum 30,20230206,18284.70,18350.00,18165.85,18318.75,323011360
Nifty200 Momentum 30,20230207,18370.25,18440.55,18225.95,18333.60,294826336
Nifty200 Momentum 30,20230208,18389.20,18504.55,18324.65,18486.50,239982384
Nifty200 Momentum 30,20230209,18516.35,18518.10,18313.95,18426.05,245230528
Nifty200 Momentum 30,20230210,18342.90,18509.25,18326.40,18404.70,239752016
Nifty200 Momentum 30,20230213,18441.50,18501.90,18193.25,18241.55,272394656
Nifty200 Momentum 30,20230214,18298.35,18367.60,18124.70,18316.80,284640800
Nifty200 Momentum 30,20230215,18302.00,18478.20,18286.85,18458.45,203971840
Nifty200 Momentum 30,20230216,18561.50,18636.75,18522.90,18587.25,222683856
Nifty200 Momentum 30,20230217,18540.70,18585.55,18360.50,18410.45,225272912
Nifty200 Momentum 30,20230220,18426.40,18466.05,18267.55,18309.85,222078784
Nifty200 Momentum 30,20230221,18373.10,18396.10,18230.65,18254.85,269927168
Nifty200 Momentum 30,20230222,18197.55,18197.55,17908.10,17958.90,246131424
Nifty200 Momentum 30,20230223,17994.75,18103.60,17861.75,17996.50,284832960
Nifty200 Momentum 30,20230224,18088.75,18097.75,17857.85,17916.00,219084448
Nifty200 Momentum 30,20230227,17875.10,17918.65,17703.05,17869.60,250793184
Nifty200 Momentum 30,20230228,17891.65,17984.45,17832.65,17890.95,480189216
Nifty200 Momentum 30,20230301,17937.80,18252.55,17934.20,18238.65,270014368
Nifty200 Momentum 30,20230302,18239.45,18262.50,18127.55,18206.90,277332704
Nifty200 Momentum 30,20230303,18354.35,18621.45,18345.70,18570.40,341132640
Nifty200 Momentum 30,20230306,18672.40,18829.40,18658.35,18704.70,276438112
Nifty200 Momentum 30,20230308,18666.00,18917.00,18605.25,18904.00,261604976
Nifty200 Momentum 30,20230309,18957.70,18971.35,18703.50,18730.20,213445120
Nifty200 Momentum 30,20230310,18589.20,18602.05,18429.20,18560.20,214664032
Nifty200 Momentum 30,20230313,18558.40,18661.60,18180.05,18214.90,236355376
Nifty200 Momentum 30,20230314,18214.55,18238.60,17970.70,18106.30,268415808
Nifty200 Momentum 30,20230315,18212.70,18270.30,18032.25,18066.30,224423056
Nifty200 Momentum 30,20230316,18065.05,18215.60,17846.45,18138.85,274966528
Nifty200 Momentum 30,20230317,18313.65,18337.60,18076.15,18210.95,331842560
Nifty200 Momentum 30,20230320,18124.75,18155.65,17840.65,18026.10,219182272
Nifty200 Momentum 30,20230321,18113.80,18160.25,18017.00,18130.00,233605264
Nifty200 Momentum 30,20230322,18190.55,18226.10,18114.95,18135.40,187768208
Nifty200 Momentum 30,20230323,18061.60,18158.30,18017.15,18037.75,199294256
Nifty200 Momentum 30,20230324,18063.15,18092.25,17828.45,17860.65,227030848
Nifty200 Momentum 30,20230327,17864.70,17950.85,17769.55,17836.55,264649984
Nifty200 Momentum 30,20230328,17889.80,17894.15,17666.65,17738.55,249901584
Nifty200 Momentum 30,20230329,17759.70,18092.75,17758.40,18044.45,370208192
Nifty200 Momentum 30,20230331,18163.50,18295.45,18154.05,18257.05,296112512
Nifty200 Momentum 30,20230403,18357.40,18360.40,18265.35,18319.90,223132512
Nifty200 Momentum 30,20230405,18341.00,18342.60,18199.65,18285.50,260354144
Nifty200 Momentum 30,20230406,18287.60,18426.10,18229.15,18371.05,269089216
Nifty200 Momentum 30,20230410,18431.00,18482.15,18393.40,18433.70,211712288
Nifty200 Momentum 30,20230411,18540.90,18608.70,18498.80,18570.00,266534352
Nifty200 Momentum 30,20230412,18600.10,18618.95,18552.20,18610.25,218521632
Nifty200 Momentum 30,20230413,18640.50,18677.15,18544.50,18658.05,245547296
Nifty200 Momentum 30,20230417,18704.30,18778.30,18632.75,18767.50,286357984
Nifty200 Momentum 30,20230418,18813.50,18835.65,18683.35,18788.80,300613056
Nifty200 Momentum 30,20230419,18792.15,18864.45,18725.35,18754.65,235382192
Nifty200 Momentum 30,20230420,18782.10,18842.85,18752.25,18800.05,227778192
Nifty200 Momentum 30,20230421,18815.35,18821.80,18645.00,18712.15,189679856
Nifty200 Momentum 30,20230424,18735.00,18858.85,18681.15,18847.65,230239200
Nifty200 Momentum 30,20230425,18872.95,19021.15,18865.55,18956.55,300418048
Nifty200 Momentum 30,20230426,18968.70,19052.65,18914.40,19036.60,221577888
Nifty200 Momentum 30,20230427,19022.85,19125.70,19021.65,19105.95,210332272
Nifty200 Momentum 30,20230428,19184.15,19344.00,19124.15,19315.75,338506752
Nifty200 Momentum 30,20230502,19411.30,19514.30,19383.10,19462.05,330947552
Nifty200 Momentum 30,20230503,19414.75,19523.40,19361.35,19445.30,331157312
Nifty200 Momentum 30,20230504,19467.20,19579.00,19448.50,19572.20,235250784
Nifty200 Momentum 30,20230505,19610.95,19692.75,19479.05,19502.60,343248288
Nifty200 Momentum 30,20230508,19539.85,19688.05,19507.60,19646.75,316818944
Nifty200 Momentum 30,20230509,19710.10,19733.70,19518.80,19567.45,311334144
Nifty200 Momentum 30,20230510,19589.35,19639.40,19450.05,19623.20,293923264
Nifty200 Momentum 30,20230511,19681.90,19745.60,19634.80,19696.05,250843456
Nifty200 Momentum 30,20230512,19745.20,19755.20,19645.10,19737.50,214852240
Nifty200 Momentum 30,20230515,19745.20,19882.05,19660.10,19838.95,212228032
Nifty200 Momentum 30,20230516,19914.20,19962.05,19834.30,19855.65,287157728
Nifty200 Momentum 30,20230517,19874.70,19947.70,19762.55,19867.65,278556768
Nifty200 Momentum 30,20230518,19968.95,19977.70,19659.30,19688.25,288062816
Nifty200 Momentum 30,20230519,19735.55,19763.70,19522.90,19733.30,267499296
Nifty200 Momentum 30,20230522,19743.10,19894.20,19672.40,19879.45,300853376
Nifty200 Momentum 30,20230523,19952.30,20060.90,19926.95,19995.00,229245440
Nifty200 Momentum 30,20230524,19980.50,20043.60,19893.40,19932.60,208123440
Nifty200 Momentum 30,20230525,19904.95,20082.85,19888.40,20059.50,239959280
Nifty200 Momentum 30,20230526,20107.30,20276.75,20079.20,20262.65,225554272
Nifty200 Momentum 30,20230529,20394.25,20422.40,20308.20,20397.45,283558304
Nifty200 Momentum 30,20230530,20406.40,20506.95,20377.10,20460.85,221301264
Nifty200 Momentum 30,20230531,20455.80,20526.55,20330.00,20459.90,401373280
Nifty200 Momentum 30,20230601,20438.75,20473.90,20376.20,20401.75,258809824
Nifty200 Momentum 30,20230602,20486.70,20588.45,20461.75,20568.35,235995184
Nifty200 Momentum 30,20230605,20643.60,20756.20,20635.10,20671.45,247372192
Nifty200 Momentum 30,20230606,20708.55,20837.65,20692.40,20822.25,220722512
Nifty200 Momentum 30,20230607,20908.40,20974.70,20863.90,20961.75,193213904
Nifty200 Momentum 30,20230608,21007.70,21012.35,20770.95,20797.15,237290176
Nifty200 Momentum 30,20230609,20850.55,20891.10,20778.60,20827.80,205552640
Nifty200 Momentum 30,20230612,20891.85,20927.15,20839.60,20896.60,174815712
Nifty200 Momentum 30,20230613,20971.30,21073.45,20962.35,21057.65,225048336
Nifty200 Momentum 30,20230614,21112.80,21152.00,21071.20,21096.70,213605824
Nifty200 Momentum 30,20230615,21139.40,21167.15,20976.45,21006.35,274081984
Nifty200 Momentum 30,20230616,21068.65,21322.20,21050.35,21281.40,355443552
Nifty200 Momentum 30,20230619,21357.50,21397.90,21172.15,21220.95,327986080
