NIFTY100 Alpha 30,20190628,7220.98,7220.98,7220.98,7220.98,88767200
NIFTY100 Alpha 30,20190701,7251.62,7251.62,7251.62,7251.62,57768852
NIFTY100 Alpha 30,20190702,7284.68,7284.68,7284.68,7284.68,63833828
NIFTY100 Alpha 30,20190703,7272.07,7272.07,7272.07,7272.07,63298760
NIFTY100 Alpha 30,20190704,7310.38,7310.38,7310.38,7310.38,82345592
NIFTY100 Alpha 30,20190705,7191.09,7191.09,7191.09,7191.09,102128488
NIFTY100 Alpha 30,20190708,7057.62,7057.62,7057.62,7057.62,95552512
NIFTY100 Alpha 30,20190709,7019.11,7019.11,7019.11,7019.11,111019792
NIFTY100 Alpha 30,20190710,6953.12,6953.12,6953.12,6953.12,104895536
NIFTY100 Alpha 30,20190711,6962.80,6962.80,6962.80,6962.80,99464688
NIFTY100 Alpha 30,20190712,6947.75,6947.75,6947.75,6947.75,89776736
NIFTY100 Alpha 30,20190715,7002.04,7002.04,7002.04,7002.04,100459872
NIFTY100 Alpha 30,20190716,7058.45,7058.45,7058.45,7058.45,85879088
NIFTY100 Alpha 30,20190717,7077.81,7077.81,7077.81,7077.81,86380576
NIFTY100 Alpha 30,20190718,7006.96,7006.96,7006.96,7006.96,108500736
NIFTY100 Alpha 30,20190719,6920.19,6920.19,6920.19,6920.19,97565056
NIFTY100 Alpha 30,20190722,6926.04,6926.04,6926.04,6926.04,107752680
NIFTY100 Alpha 30,20190723,6923.78,6923.78,6923.78,6923.78,112147816
NIFTY100 Alpha 30,20190724,6859.62,6859.62,6859.62,6859.62,95854904
NIFTY100 Alpha 30,20190725,6868.20,6868.20,6868.20,6868.20,114755336
NIFTY100 Alpha 30,20190726,6915.15,6915.15,6915.15,6915.15,89461840
NIFTY100 Alpha 30,20190730,6816.85,6816.85,6816.85,6816.85,115225184
NIFTY100 Alpha 30,20190731,6821.32,6821.32,6821.32,6821.32,154649232
NIFTY100 Alpha 30,20190801,6736.32,6736.32,6736.32,6736.32,160335456
NIFTY100 Alpha 30,20190802,6743.68,6743.68,6743.68,6743.68,178761600
NIFTY100 Alpha 30,20190805,6656.31,6656.31,6656.31,6656.31,151118080
NIFTY100 Alpha 30,20190806,6715.47,6715.47,6715.47,6715.47,141406608
NIFTY100 Alpha 30,20190807,6678.12,6678.12,6678.12,6678.12,122031832
NIFTY100 Alpha 30,20190808,6777.41,6777.41,6777.41,6777.41,142457648
NIFTY100 Alpha 30,20190809,6828.66,6828.66,6828.66,6828.66,108615632
NIFTY100 Alpha 30,20190813,6725.63,6725.63,6725.63,6725.63,143889584
NIFTY100 Alpha 30,20190814,6803.60,6803.60,6803.60,6803.60,99562536
NIFTY100 Alpha 30,20190816,6798.69,6798.69,6798.69,6798.69,97414264
NIFTY100 Alpha 30,20190819,6819.64,6819.64,6819.64,6819.64,80842768
NIFTY100 Alpha 30,20190820,6812.77,6812.77,6812.77,6812.77,98516080
NIFTY100 Alpha 30,20190821,6749.37,6749.37,6749.37,6749.37,88374144
NIFTY100 Alpha 30,20190822,6694.13,6694.13,6694.13,6694.13,101975376
NIFTY100 Alpha 30,20190823,6751.23,6751.23,6751.23,6751.23,129027904
NIFTY100 Alpha 30,20190826,6865.26,6865.26,6865.26,6865.26,153601296
NIFTY100 Alpha 30,20190827,6873.05,6873.05,6873.05,6873.05,161820672
NIFTY100 Alpha 30,20190828,6860.92,6860.92,6860.92,6860.92,80427392
NIFTY100 Alpha 30,20190829,6815.96,6815.96,6815.96,6815.96,114331664
NIFTY100 Alpha 30,20190830,6871.14,6871.14,6871.14,6871.14,139127024
NIFTY100 Alpha 30,20190903,6730.40,6730.40,6730.40,6730.40,96877248
NIFTY100 Alpha 30,20190904,6748.74,6748.74,6748.74,6748.74,113157584
NIFTY100 Alpha 30,20190905,6764.71,6764.71,6764.71,6764.71,108540568
NIFTY100 Alpha 30,20190906,6820.87,6820.87,6820.87,6820.87,96358280
NIFTY100 Alpha 30,20190909,6854.54,6854.54,6854.54,6854.54,85514464
NIFTY100 Alpha 30,20190911,6844.76,6844.76,6844.76,6844.76,115381088
NIFTY100 Alpha 30,20190912,6822.44,6822.44,6822.44,6822.44,90536816
NIFTY100 Alpha 30,20190913,6895.50,6895.50,6895.50,6895.50,99461984
NIFTY100 Alpha 30,20190916,6878.26,6878.26,6878.26,6878.26,88360168
NIFTY100 Alpha 30,20190917,6796.06,6796.06,6796.06,6796.06,103583040
NIFTY100 Alpha 30,20190918,6815.13,6815.13,6815.13,6815.13,90680048
NIFTY100 Alpha 30,20190919,6734.03,6734.03,6734.03,6734.03,93714264
NIFTY100 Alpha 30,20190920,7068.04,7068.04,7068.04,7068.04,333512896
NIFTY100 Alpha 30,20190923,7204.83,7204.83,7204.83,7204.83,246047072
NIFTY100 Alpha 30,20190924,7232.44,7232.44,7232.44,7232.44,163932496
NIFTY100 Alpha 30,20190925,7170.93,7170.93,7170.93,7170.93,170091600
NIFTY100 Alpha 30,20190926,7227.95,7227.95,7227.95,7227.95,221868560
NIFTY100 Alpha 30,20190927,7223.01,7223.01,7223.01,7223.01,92963848
NIFTY100 Alpha 30,20190930,7244.35,7244.35,7244.35,7244.35,129347456
NIFTY100 Alpha 30,20191001,7177.77,7177.77,7177.77,7177.77,160605440
NIFTY100 Alpha 30,20191003,7141.84,7141.84,7141.84,7141.84,105515288
NIFTY100 Alpha 30,20191004,7069.10,7069.10,7069.10,7069.10,104313840
NIFTY100 Alpha 30,20191007,7052.01,7052.01,7052.01,7052.01,94617504
NIFTY100 Alpha 30,20191009,7105.22,7105.22,7105.22,7105.22,116635888
NIFTY100 Alpha 30,20191010,7106.12,7106.12,7106.12,7106.12,99844320
NIFTY100 Alpha 30,20191011,7154.75,7154.75,7154.75,7154.75,115911520
NIFTY100 Alpha 30,20191014,7162.45,7162.45,7162.45,7162.45,97123264
NIFTY100 Alpha 30,20191015,7195.84,7195.84,7195.84,7195.84,89418768
NIFTY100 Alpha 30,20191016,7222.41,7222.41,7222.41,7222.41,142194416
NIFTY100 Alpha 30,20191017,7279.62,7279.62,7279.62,7279.62,94593232
NIFTY100 Alpha 30,20191018,7332.91,7332.91,7332.91,7332.91,93837192
NIFTY100 Alpha 30,20191022,7280.40,7280.40,7280.40,7280.40,219781776
NIFTY100 Alpha 30,20191023,7299.45,7299.45,7299.45,7299.45,166405840
NIFTY100 Alpha 30,20191024,7341.47,7341.47,7341.47,7341.47,120197584
NIFTY100 Alpha 30,20191025,7308.54,7308.54,7308.54,7308.54,124095104
NIFTY100 Alpha 30,20191029,7381.43,7381.43,7381.43,7381.43,127576864
NIFTY100 Alpha 30,20191030,7404.57,7404.57,7404.57,7404.57,142086944
NIFTY100 Alpha 30,20191031,7433.05,7433.05,7433.05,7433.05,124118768
NIFTY100 Alpha 30,20191101,7383.12,7383.12,7383.12,7383.12,89415136
NIFTY100 Alpha 30,20191104,7413.40,7413.40,7413.40,7413.40,113780384
NIFTY100 Alpha 30,20191105,7398.84,7398.84,7398.84,7398.84,100783232
NIFTY100 Alpha 30,20191106,7359.25,7359.25,7359.25,7359.25,124477656
NIFTY100 Alpha 30,20191107,7390.19,7390.19,7390.19,7390.19,107582680
NIFTY100 Alpha 30,20191108,7314.55,7314.55,7314.55,7314.55,132466688
NIFTY100 Alpha 30,20191111,7293.03,7293.03,7293.03,7293.03,84917480
NIFTY100 Alpha 30,20191113,7298.82,7298.82,7298.82,7298.82,105733368
NIFTY100 Alpha 30,20191114,7325.93,7325.93,7325.93,7325.93,110564656
NIFTY100 Alpha 30,20191115,7303.92,7303.92,7303.92,7303.92,108536128
NIFTY100 Alpha 30,20191118,7287.58,7287.58,7287.58,7287.58,95391600
NIFTY100 Alpha 30,20191119,7290.75,7290.75,7290.75,7290.75,166184544
NIFTY100 Alpha 30,20191120,7317.83,7317.83,7317.83,7317.83,100056720
NIFTY100 Alpha 30,20191121,7307.42,7307.42,7307.42,7307.42,88610688
NIFTY100 Alpha 30,20191122,7232.04,7232.04,7232.04,7232.04,92224776
NIFTY100 Alpha 30,20191125,7320.51,7320.51,7320.51,7320.51,90491432
NIFTY100 Alpha 30,20191126,7301.21,7301.21,7301.21,7301.21,478149472
NIFTY100 Alpha 30,20191127,7344.79,7344.79,7344.79,7344.79,90202600
NIFTY100 Alpha 30,20191128,7383.67,7383.67,7383.67,7383.67,99192792
NIFTY100 Alpha 30,20191129,7314.22,7314.22,7314.22,7314.22,76895232
NIFTY100 Alpha 30,20191202,7314.45,7314.45,7314.45,7314.45,85033536
NIFTY100 Alpha 30,20191203,7315.81,7315.81,7315.81,7315.81,73697160
NIFTY100 Alpha 30,20191204,7346.78,7346.78,7346.78,7346.78,98648248
NIFTY100 Alpha 30,20191205,7337.13,7337.13,7337.13,7337.13,101697680
NIFTY100 Alpha 30,20191206,7302.37,7302.37,7302.37,7302.37,93093888
NIFTY100 Alpha 30,20191209,7301.87,7301.87,7301.87,7301.87,70595528
NIFTY100 Alpha 30,20191210,7263.08,7263.08,7263.08,7263.08,69598912
NIFTY100 Alpha 30,20191211,7307.24,7307.24,7307.24,7307.24,73401856
NIFTY100 Alpha 30,20191212,7313.66,7313.66,7313.66,7313.66,78313504
NIFTY100 Alpha 30,20191213,7353.72,7353.72,7353.72,7353.72,94938528
NIFTY100 Alpha 30,20191216,7342.87,7342.87,7342.87,7342.87,75054336
NIFTY100 Alpha 30,20191217,7388.15,7388.15,7388.15,7388.15,90353136
NIFTY100 Alpha 30,20191218,7421.73,7421.73,7421.73,7421.73,98352288
NIFTY100 Alpha 30,20191219,7460.46,7460.46,7460.46,7460.46,82833536
NIFTY100 Alpha 30,20191220,7500.94,7500.94,7500.94,7500.94,119892320
NIFTY100 Alpha 30,20191223,7505.67,7505.67,7505.67,7505.67,78406848
NIFTY100 Alpha 30,20191224,7472.72,7472.72,7472.72,7472.72,52859592
NIFTY100 Alpha 30,20191226,7446.07,7446.07,7446.07,7446.07,72942656
NIFTY100 Alpha 30,20191227,7520.23,7520.23,7520.23,7520.23,74650784
NIFTY100 Alpha 30,20191230,7534.83,7534.83,7534.83,7534.83,75447584
NIFTY100 Alpha 30,20191231,7478.56,7478.56,7478.56,7478.56,83063816
NIFTY100 Alpha 30,20200102,7507.46,7507.46,7507.46,7507.46,54822640
NIFTY100 Alpha 30,20200103,7488.78,7488.78,7488.78,7488.78,78029448
NIFTY100 Alpha 30,20200106,7379.13,7379.13,7379.13,7379.13,86665280
NIFTY100 Alpha 30,20200107,7417.72,7417.72,7417.72,7417.72,91303912
NIFTY100 Alpha 30,20200108,7447.45,7447.45,7447.45,7447.45,94383112
NIFTY100 Alpha 30,20200109,7544.66,7544.66,7544.66,7544.66,91640416
NIFTY100 Alpha 30,20200110,7557.38,7557.38,7557.38,7557.38,103517472
NIFTY100 Alpha 30,20200113,7598.35,7598.35,7598.35,7598.35,74149456
NIFTY100 Alpha 30,20200114,7618.79,7618.79,7618.79,7618.79,71708296
NIFTY100 Alpha 30,20200115,7632.89,7632.89,7632.89,7632.89,79295376
NIFTY100 Alpha 30,20200116,7680.40,7680.40,7680.40,7680.40,75095184
NIFTY100 Alpha 30,20200117,7749.87,7749.87,7749.87,7749.87,142181072
NIFTY100 Alpha 30,20200120,7708.17,7708.17,7708.17,7708.17,157994496
NIFTY100 Alpha 30,20200121,7660.46,7660.46,7660.46,7660.46,154193056
NIFTY100 Alpha 30,20200122,7651.46,7651.46,7651.46,7651.46,155077584
NIFTY100 Alpha 30,20200123,7698.19,7698.19,7698.19,7698.19,195065056
NIFTY100 Alpha 30,20200124,7754.62,7754.62,7754.62,7754.62,117931680
NIFTY100 Alpha 30,20200127,7732.12,7732.12,7732.12,7732.12,117758320
NIFTY100 Alpha 30,20200128,7674.64,7674.64,7674.64,7674.64,137522848
NIFTY100 Alpha 30,20200129,7734.13,7734.13,7734.13,7734.13,110850864
NIFTY100 Alpha 30,20200130,7686.77,7686.77,7686.77,7686.77,98060888
NIFTY100 Alpha 30,20200131,7607.59,7607.59,7607.59,7607.59,116202328
NIFTY100 Alpha 30,20200203,7627.15,7627.15,7627.15,7627.15,144362384
NIFTY100 Alpha 30,20200204,7796.96,7796.96,7796.96,7796.96,117999216
NIFTY100 Alpha 30,20200205,7875.83,7875.83,7875.83,7875.83,140175664
NIFTY100 Alpha 30,20200206,7913.66,7913.66,7913.66,7913.66,109430640
NIFTY100 Alpha 30,20200207,7919.56,7919.56,7919.56,7919.56,73564480
NIFTY100 Alpha 30,20200210,7925.54,7925.54,7925.54,7925.54,80194648
NIFTY100 Alpha 30,20200211,7946.11,7946.11,7946.11,7946.11,72371152
NIFTY100 Alpha 30,20200212,7991.24,7991.24,7991.24,7991.24,91817208
NIFTY100 Alpha 30,20200213,8006.11,8006.11,8006.11,8006.11,77433168
NIFTY100 Alpha 30,20200214,8043.94,8043.94,8043.94,8043.94,127080784
NIFTY100 Alpha 30,20200217,8013.39,8013.39,8013.39,8013.39,78470912
NIFTY100 Alpha 30,20200218,7961.22,7961.22,7961.22,7961.22,90619072
NIFTY100 Alpha 30,20200219,8063.70,8063.70,8063.70,8063.70,81425320
NIFTY100 Alpha 30,20200220,8012.75,8012.75,8012.75,8012.75,91666728
NIFTY100 Alpha 30,20200224,7853.76,7853.76,7853.76,7853.76,88568768
NIFTY100 Alpha 30,20200225,7798.46,7798.46,7798.46,7798.46,92753352
NIFTY100 Alpha 30,20200226,7750.96,7750.96,7750.96,7750.96,110645304
NIFTY100 Alpha 30,20200227,7745.04,7745.04,7745.04,7745.04,120073336
NIFTY100 Alpha 30,20200228,7468.09,7468.09,7468.09,7468.09,179157056
NIFTY100 Alpha 30,20200302,7442.34,7442.34,7442.34,7442.34,132305176
NIFTY100 Alpha 30,20200303,7552.71,7552.71,7552.71,7552.71,125701848
NIFTY100 Alpha 30,20200304,7536.82,7536.82,7536.82,7536.82,143194976
NIFTY100 Alpha 30,20200305,7594.82,7594.82,7594.82,7594.82,118927944
NIFTY100 Alpha 30,20200306,7486.38,7486.38,7486.38,7486.38,138449344
NIFTY100 Alpha 30,20200309,7233.21,7233.21,7233.21,7233.21,226115456
NIFTY100 Alpha 30,20200311,7227.43,7227.43,7227.43,7227.43,180620048
NIFTY100 Alpha 30,20200312,6670.02,6670.02,6670.02,6670.02,246853136
NIFTY100 Alpha 30,20200313,6780.82,6780.82,6780.82,6780.82,306327936
NIFTY100 Alpha 30,20200316,6398.36,6398.36,6398.36,6398.36,183235152
NIFTY100 Alpha 30,20200317,6322.97,6322.97,6322.97,6322.97,196101472
NIFTY100 Alpha 30,20200318,5953.59,5953.59,5953.59,5953.59,267260240
NIFTY100 Alpha 30,20200319,5778.46,5778.46,5778.46,5778.46,286289632
NIFTY100 Alpha 30,20200320,6126.72,6126.72,6126.72,6126.72,313679776
NIFTY100 Alpha 30,20200323,5391.47,5391.47,5391.47,5391.47,228461536
NIFTY100 Alpha 30,20200324,5546.38,5546.38,5546.38,5546.38,273451008
NIFTY100 Alpha 30,20200325,5878.71,5878.71,5878.71,5878.71,272981696
NIFTY100 Alpha 30,20200326,6075.27,6075.27,6075.27,6075.27,297949312
NIFTY100 Alpha 30,20200327,6001.00,6001.00,6001.00,6001.00,295863552
NIFTY100 Alpha 30,20200330,5908.24,5908.24,5908.24,5908.24,210260448
NIFTY100 Alpha 30,20200331,6172.34,6172.34,6172.34,6172.34,218372112
NIFTY100 Alpha 30,20200401,5944.88,5944.88,5944.88,5944.88,180914480
NIFTY100 Alpha 30,20200403,5823.82,5823.82,5823.82,5823.82,238652736
NIFTY100 Alpha 30,20200407,6394.08,6394.08,6394.08,6394.08,271143104
NIFTY100 Alpha 30,20200408,6380.41,6380.41,6380.41,6380.41,297771104
NIFTY100 Alpha 30,20200409,6554.20,6554.20,6554.20,6554.20,225450384
NIFTY100 Alpha 30,20200413,6561.23,6561.23,6561.23,6561.23,180940752
NIFTY100 Alpha 30,20200415,6663.40,6663.40,6663.40,6663.40,296903072
NIFTY100 Alpha 30,20200416,6705.15,6705.15,6705.15,6705.15,251967600
NIFTY100 Alpha 30,20200417,6767.72,6767.72,6767.72,6767.72,265944048
NIFTY100 Alpha 30,20200420,6731.37,6731.37,6731.37,6731.37,229736512
NIFTY100 Alpha 30,20200421,6665.27,6665.27,6665.27,6665.27,203332064
NIFTY100 Alpha 30,20200422,6808.91,6808.91,6808.91,6808.91,255427296
NIFTY100 Alpha 30,20200423,6802.79,6802.79,6802.79,6802.79,209253120
NIFTY100 Alpha 30,20200424,6705.18,6705.18,6705.18,6705.18,242104352
NIFTY100 Alpha 30,20200427,6835.50,6835.50,6835.50,6835.50,209946464
NIFTY100 Alpha 30,20200428,6821.66,6821.66,6821.66,6821.66,223539376
NIFTY100 Alpha 30,20200429,6844.90,6844.90,6844.90,6844.90,242159040
NIFTY100 Alpha 30,20200430,7041.43,7041.43,7041.43,7041.43,264686144
NIFTY100 Alpha 30,20200504,6757.82,6757.82,6757.82,6757.82,227020368
NIFTY100 Alpha 30,20200505,6703.50,6703.50,6703.50,6703.50,259075008
NIFTY100 Alpha 30,20200506,6744.28,6744.28,6744.28,6744.28,282171840
NIFTY100 Alpha 30,20200507,6651.27,6651.27,6651.27,6651.27,384954272
NIFTY100 Alpha 30,20200508,6745.51,6745.51,6745.51,6745.51,233462880
NIFTY100 Alpha 30,20200511,6723.38,6723.38,6723.38,6723.38,254076576
NIFTY100 Alpha 30,20200512,6708.25,6708.25,6708.25,6708.25,300926048
NIFTY100 Alpha 30,20200513,6749.16,6749.16,6749.16,6749.16,290902112
NIFTY100 Alpha 30,20200514,6616.25,6616.25,6616.25,6616.25,206401344
NIFTY100 Alpha 30,20200515,6649.08,6649.08,6649.08,6649.08,186801744
NIFTY100 Alpha 30,20200518,6446.65,6446.65,6446.65,6446.65,284164640
NIFTY100 Alpha 30,20200519,6516.03,6516.03,6516.03,6516.03,309602176
NIFTY100 Alpha 30,20200520,6639.64,6639.64,6639.64,6639.64,244148720
NIFTY100 Alpha 30,20200521,6680.16,6680.16,6680.16,6680.16,223708272
NIFTY100 Alpha 30,20200522,6658.86,6658.86,6658.86,6658.86,282284832
NIFTY100 Alpha 30,20200526,6632.57,6632.57,6632.57,6632.57,277820352
NIFTY100 Alpha 30,20200527,6718.70,6718.70,6718.70,6718.70,327286816
NIFTY100 Alpha 30,20200528,6800.90,6800.90,6800.90,6800.90,298946176
NIFTY100 Alpha 30,20200529,6924.69,6924.69,6924.69,6924.69,382425632
NIFTY100 Alpha 30,20200601,7034.36,7034.36,7034.36,7034.36,284318464
NIFTY100 Alpha 30,20200602,7062.94,7062.94,7062.94,7062.94,253701648
NIFTY100 Alpha 30,20200603,7129.26,7129.26,7129.26,7129.26,318348672
NIFTY100 Alpha 30,20200604,7158.34,7158.34,7158.34,7158.34,283855968
NIFTY100 Alpha 30,20200605,7247.76,7247.76,7247.76,7247.76,256332720
NIFTY100 Alpha 30,20200608,7233.91,7233.91,7233.91,7233.91,269159424
NIFTY100 Alpha 30,20200609,7142.14,7142.14,7142.14,7142.14,256467520
NIFTY100 Alpha 30,20200610,7146.02,7146.02,7146.02,7146.02,198042000
NIFTY100 Alpha 30,20200611,7033.87,7033.87,7033.87,7033.87,208409248
NIFTY100 Alpha 30,20200612,7101.37,7101.37,7101.37,7101.37,252083648
NIFTY100 Alpha 30,20200615,7025.78,7025.78,7025.78,7025.78,213311280
NIFTY100 Alpha 30,20200616,7046.62,7046.62,7046.62,7046.62,303863616
NIFTY100 Alpha 30,20200617,7038.84,7038.84,7038.84,7038.84,223300048
NIFTY100 Alpha 30,20200618,7096.49,7096.49,7096.49,7096.49,212576912
NIFTY100 Alpha 30,20200619,7191.66,7191.66,7191.66,7191.66,346232320
NIFTY100 Alpha 30,20200622,7262.76,7262.76,7262.76,7262.76,225880608
NIFTY100 Alpha 30,20200623,7385.86,7385.86,7385.86,7385.86,190190016
NIFTY100 Alpha 30,20200624,7277.08,7277.08,7277.08,7277.08,245582512
NIFTY100 Alpha 30,20200625,7236.35,7236.35,7236.35,7236.35,280975424
NIFTY100 Alpha 30,20200626,7236.15,7236.15,7236.15,7236.15,119486896
NIFTY100 Alpha 30,20200629,7211.60,7211.60,7211.60,7211.60,100643664
NIFTY100 Alpha 30,20200630,7214.14,7214.14,7214.14,7214.14,121376544
NIFTY100 Alpha 30,20200701,7198.27,7198.27,7198.27,7198.27,103688376
NIFTY100 Alpha 30,20200702,7230.74,7230.74,7230.74,7230.74,125312336
NIFTY100 Alpha 30,20200703,7311.40,7311.40,7311.40,7311.40,124275136
NIFTY100 Alpha 30,20200706,7346.21,7346.21,7346.21,7346.21,119779056
NIFTY100 Alpha 30,20200707,7345.06,7345.06,7345.06,7345.06,135227328
NIFTY100 Alpha 30,20200708,7284.67,7284.67,7284.67,7284.67,121611616
NIFTY100 Alpha 30,20200709,7309.95,7309.95,7309.95,7309.95,105428320
NIFTY100 Alpha 30,20200710,7338.45,7338.45,7338.45,7338.45,113992400
NIFTY100 Alpha 30,20200713,7386.29,7386.29,7386.29,7386.29,143317792
NIFTY100 Alpha 30,20200714,7361.92,7361.92,7361.92,7361.92,171601856
NIFTY100 Alpha 30,20200715,7327.00,7327.00,7327.00,7327.00,169985744
NIFTY100 Alpha 30,20200716,7378.98,7378.98,7378.98,7378.98,151953696
NIFTY100 Alpha 30,20200717,7486.23,7486.23,7486.23,7486.23,201963824
NIFTY100 Alpha 30,20200720,7555.73,7555.73,7555.73,7555.73,138822832
NIFTY100 Alpha 30,20200721,7557.87,7557.87,7557.87,7557.87,190097872
NIFTY100 Alpha 30,20200722,7549.32,7549.32,7549.32,7549.32,164518368
NIFTY100 Alpha 30,20200723,7633.06,7633.06,7633.06,7633.06,158811520
NIFTY100 Alpha 30,20200724,7581.18,7581.18,7581.18,7581.18,192209536
NIFTY100 Alpha 30,20200727,7574.86,7574.86,7574.86,7574.86,201353568
NIFTY100 Alpha 30,20200728,7592.31,7592.31,7592.31,7592.31,231183808
NIFTY100 Alpha 30,20200729,7596.47,7596.47,7596.47,7596.47,157084192
NIFTY100 Alpha 30,20200730,7627.42,7627.42,7627.42,7627.42,231217216
NIFTY100 Alpha 30,20200731,7676.11,7676.11,7676.11,7676.11,172833248
NIFTY100 Alpha 30,20200803,7627.88,7627.88,7627.88,7627.88,135223968
NIFTY100 Alpha 30,20200804,7742.44,7742.44,7742.44,7742.44,161256928
NIFTY100 Alpha 30,20200805,7732.01,7732.01,7732.01,7732.01,155377312
NIFTY100 Alpha 30,20200806,7764.70,7764.70,7764.70,7764.70,159392304
NIFTY100 Alpha 30,20200807,7802.09,7802.09,7802.09,7802.09,125492848
NIFTY100 Alpha 30,20200810,7900.83,7900.83,7900.83,7900.83,117734088
NIFTY100 Alpha 30,20200811,7843.40,7843.40,7843.40,7843.40,135257696
NIFTY100 Alpha 30,20200812,7803.32,7803.32,7803.32,7803.32,124491048
NIFTY100 Alpha 30,20200813,7780.93,7780.93,7780.93,7780.93,139340304
NIFTY100 Alpha 30,20200814,7730.09,7730.09,7730.09,7730.09,133773384
NIFTY100 Alpha 30,20200817,7737.74,7737.74,7737.74,7737.74,106957176
NIFTY100 Alpha 30,20200818,7824.24,7824.24,7824.24,7824.24,108090344
NIFTY100 Alpha 30,20200819,7841.46,7841.46,7841.46,7841.46,132370096
NIFTY100 Alpha 30,20200820,7791.32,7791.32,7791.32,7791.32,158168096
NIFTY100 Alpha 30,20200821,7824.01,7824.01,7824.01,7824.01,125646120
NIFTY100 Alpha 30,20200824,7846.29,7846.29,7846.29,7846.29,125505664
NIFTY100 Alpha 30,20200825,7847.32,7847.32,7847.32,7847.32,134354880
NIFTY100 Alpha 30,20200826,7838.21,7838.21,7838.21,7838.21,134963616
NIFTY100 Alpha 30,20200827,7835.03,7835.03,7835.03,7835.03,123050744
NIFTY100 Alpha 30,20200828,7840.96,7840.96,7840.96,7840.96,167126656
NIFTY100 Alpha 30,20200831,7604.61,7604.61,7604.61,7604.61,371792032
NIFTY100 Alpha 30,20200901,7736.26,7736.26,7736.26,7736.26,193228192
NIFTY100 Alpha 30,20200902,7794.02,7794.02,7794.02,7794.02,129270000
NIFTY100 Alpha 30,20200903,7822.77,7822.77,7822.77,7822.77,106005320
NIFTY100 Alpha 30,20200904,7693.35,7693.35,7693.35,7693.35,127251088
NIFTY100 Alpha 30,20200907,7710.26,7710.26,7710.26,7710.26,94908640
NIFTY100 Alpha 30,20200908,7658.25,7658.25,7658.25,7658.25,143288800
NIFTY100 Alpha 30,20200909,7696.53,7696.53,7696.53,7696.53,138776784
NIFTY100 Alpha 30,20200910,7800.41,7800.41,7800.41,7800.41,180524736
NIFTY100 Alpha 30,20200911,7833.13,7833.13,7833.13,7833.13,129587888
NIFTY100 Alpha 30,20200914,7784.46,7784.46,7784.46,7784.46,172495600
NIFTY100 Alpha 30,20200915,7847.38,7847.38,7847.38,7847.38,138189296
NIFTY100 Alpha 30,20200916,7899.25,7899.25,7899.25,7899.25,113736320
NIFTY100 Alpha 30,20200917,7869.74,7869.74,7869.74,7869.74,118890688
NIFTY100 Alpha 30,20200918,7962.85,7962.85,7962.85,7962.85,270373024
NIFTY100 Alpha 30,20200921,7707.59,7707.59,7707.59,7707.59,159489072
NIFTY100 Alpha 30,20200922,7662.69,7662.69,7662.69,7662.69,141615776
NIFTY100 Alpha 30,20200923,7620.17,7620.17,7620.17,7620.17,189949216
NIFTY100 Alpha 30,20200924,7483.31,7483.31,7483.31,7483.31,153599280
NIFTY100 Alpha 30,20200925,7701.13,7701.13,7701.13,7701.13,146140896
NIFTY100 Alpha 30,20200928,7817.94,7817.94,7817.94,7817.94,106051624
NIFTY100 Alpha 30,20200929,7825.39,7825.39,7825.39,7825.39,113897528
NIFTY100 Alpha 30,20200930,7850.53,7850.53,7850.53,7850.53,169736576
NIFTY100 Alpha 30,20201001,7906.38,7906.38,7906.38,7906.38,95234432
NIFTY100 Alpha 30,20201005,7906.61,7906.61,7906.61,7906.61,95384728
NIFTY100 Alpha 30,20201006,7920.64,7920.64,7920.64,7920.64,96902992
NIFTY100 Alpha 30,20201007,7891.71,7891.71,7891.71,7891.71,102028736
NIFTY100 Alpha 30,20201008,7945.23,7945.23,7945.23,7945.23,132189880
NIFTY100 Alpha 30,20201009,7887.91,7887.91,7887.91,7887.91,118702296
NIFTY100 Alpha 30,20201012,7903.12,7903.12,7903.12,7903.12,91873824
NIFTY100 Alpha 30,20201013,7929.61,7929.61,7929.61,7929.61,130894208
NIFTY100 Alpha 30,20201014,7981.29,7981.29,7981.29,7981.29,109144448
NIFTY100 Alpha 30,20201015,7834.43,7834.43,7834.43,7834.43,118578512
NIFTY100 Alpha 30,20201016,7866.79,7866.79,7866.79,7866.79,147598896
NIFTY100 Alpha 30,20201019,7847.59,7847.59,7847.59,7847.59,114112648
NIFTY100 Alpha 30,20201020,7863.91,7863.91,7863.91,7863.91,120029776
NIFTY100 Alpha 30,20201021,7846.84,7846.84,7846.84,7846.84,130793832
NIFTY100 Alpha 30,20201022,7856.87,7856.87,7856.87,7856.87,126454608
NIFTY100 Alpha 30,20201023,7871.38,7871.38,7871.38,7871.38,97867248
NIFTY100 Alpha 30,20201026,7773.03,7773.03,7773.03,7773.03,106539432
NIFTY100 Alpha 30,20201027,7933.18,7933.18,7933.18,7933.18,109410936
NIFTY100 Alpha 30,20201028,7914.96,7914.96,7914.96,7914.96,203915776
NIFTY100 Alpha 30,20201029,7965.61,7965.61,7965.61,7965.61,105113776
NIFTY100 Alpha 30,20201030,7962.82,7962.82,7962.82,7962.82,116356032
NIFTY100 Alpha 30,20201102,7897.24,7897.24,7897.24,7897.24,130364168
NIFTY100 Alpha 30,20201103,7888.40,7888.40,7888.40,7888.40,158872144
NIFTY100 Alpha 30,20201104,7976.58,7976.58,7976.58,7976.58,124337144
NIFTY100 Alpha 30,20201105,8115.38,8115.38,8115.38,8115.38,108511832
NIFTY100 Alpha 30,20201106,8121.87,8121.87,8121.87,8121.87,111839680
NIFTY100 Alpha 30,20201109,8267.49,8267.49,8267.49,8267.49,139126384
NIFTY100 Alpha 30,20201110,8064.81,8064.81,8064.81,8064.81,129648240
NIFTY100 Alpha 30,20201111,8185.05,8185.05,8185.05,8185.05,155413440
NIFTY100 Alpha 30,20201112,8257.63,8257.63,8257.63,8257.63,129121376
NIFTY100 Alpha 30,20201113,8374.72,8374.72,8374.72,8374.72,110313568
NIFTY100 Alpha 30,20201117,8438.94,8438.94,8438.94,8438.94,129438160
NIFTY100 Alpha 30,20201118,8438.80,8438.80,8438.80,8438.80,107646208
NIFTY100 Alpha 30,20201119,8370.47,8370.47,8370.47,8370.47,107461200
NIFTY100 Alpha 30,20201120,8467.29,8467.29,8467.29,8467.29,108299456
NIFTY100 Alpha 30,20201123,8588.31,8588.31,8588.31,8588.31,114888776
NIFTY100 Alpha 30,20201124,8650.34,8650.34,8650.34,8650.34,101239376
NIFTY100 Alpha 30,20201125,8468.87,8468.87,8468.87,8468.87,98020064
NIFTY100 Alpha 30,20201126,8518.90,8518.90,8518.90,8518.90,99132064
NIFTY100 Alpha 30,20201127,8589.50,8589.50,8589.50,8589.50,297950176
NIFTY100 Alpha 30,20201201,8653.38,8653.38,8653.38,8653.38,100618440
NIFTY100 Alpha 30,20201202,8707.67,8707.67,8707.67,8707.67,102045184
NIFTY100 Alpha 30,20201203,8763.89,8763.89,8763.89,8763.89,110508088
NIFTY100 Alpha 30,20201204,8801.61,8801.61,8801.61,8801.61,111070216
NIFTY100 Alpha 30,20201207,8860.96,8860.96,8860.96,8860.96,104579544
NIFTY100 Alpha 30,20201208,8845.88,8845.88,8845.88,8845.88,105646184
NIFTY100 Alpha 30,20201209,8867.23,8867.23,8867.23,8867.23,86118136
NIFTY100 Alpha 30,20201210,8893.72,8893.72,8893.72,8893.72,85125056
NIFTY100 Alpha 30,20201211,8875.23,8875.23,8875.23,8875.23,87616512
NIFTY100 Alpha 30,20201214,8887.37,8887.37,8887.37,8887.37,94032624
NIFTY100 Alpha 30,20201215,8880.21,8880.21,8880.21,8880.21,92470920
NIFTY100 Alpha 30,20201216,8946.05,8946.05,8946.05,8946.05,83714624
NIFTY100 Alpha 30,20201217,8953.74,8953.74,8953.74,8953.74,84474048
NIFTY100 Alpha 30,20201218,8982.21,8982.21,8982.21,8982.21,92107232
NIFTY100 Alpha 30,20201221,8763.07,8763.07,8763.07,8763.07,131780672
NIFTY100 Alpha 30,20201222,8919.36,8919.36,8919.36,8919.36,111874920
NIFTY100 Alpha 30,20201223,9049.07,9049.07,9049.07,9049.07,90957992
NIFTY100 Alpha 30,20201224,9076.28,9076.28,9076.28,9076.28,90096400
NIFTY100 Alpha 30,20201228,9117.64,9117.64,9117.64,9117.64,84589032
NIFTY100 Alpha 30,20201229,9111.80,9111.80,9111.80,9111.80,86773088
NIFTY100 Alpha 30,20201230,9163.79,9163.79,9163.79,9163.79,72667608
NIFTY100 Alpha 30,20201231,9167.84,9167.84,9167.84,9167.84,84442232
NIFTY100 Alpha 30,20210101,9230.46,9230.46,9230.46,9230.46,66136664
NIFTY100 Alpha 30,20210104,9386.37,9386.37,9386.37,9386.37,125316264
NIFTY100 Alpha 30,20210105,9489.79,9489.79,9489.79,9489.79,133994672
NIFTY100 Alpha 30,20210106,9429.52,9429.52,9429.52,9429.52,131748288
NIFTY100 Alpha 30,20210107,9377.73,9377.73,9377.73,9377.73,130096904
NIFTY100 Alpha 30,20210108,9509.27,9509.27,9509.27,9509.27,151089760
NIFTY100 Alpha 30,20210111,9598.91,9598.91,9598.91,9598.91,175742000
NIFTY100 Alpha 30,20210112,9538.43,9538.43,9538.43,9538.43,134588400
NIFTY100 Alpha 30,20210113,9520.95,9520.95,9520.95,9520.95,146315680
NIFTY100 Alpha 30,20210114,9554.91,9554.91,9554.91,9554.91,191289664
NIFTY100 Alpha 30,20210115,9365.41,9365.41,9365.41,9365.41,150261392
NIFTY100 Alpha 30,20210118,9209.60,9209.60,9209.60,9209.60,137429280
NIFTY100 Alpha 30,20210119,9341.38,9341.38,9341.38,9341.38,116774328
NIFTY100 Alpha 30,20210120,9460.53,9460.53,9460.53,9460.53,119926680
NIFTY100 Alpha 30,20210121,9420.23,9420.23,9420.23,9420.23,117812752
NIFTY100 Alpha 30,20210122,9325.65,9325.65,9325.65,9325.65,145285664
NIFTY100 Alpha 30,20210125,9237.17,9237.17,9237.17,9237.17,148880816
NIFTY100 Alpha 30,20210127,9103.06,9103.06,9103.06,9103.06,143890256
NIFTY100 Alpha 30,20210128,9014.59,9014.59,9014.59,9014.59,112608248
NIFTY100 Alpha 30,20210129,8786.63,8786.63,8786.63,8786.63,152153792
NIFTY100 Alpha 30,20210201,8963.24,8963.24,8963.24,8963.24,131961016
NIFTY100 Alpha 30,20210202,9107.88,9107.88,9107.88,9107.88,128340744
NIFTY100 Alpha 30,20210203,9202.61,9202.61,9202.61,9202.61,135519632
NIFTY100 Alpha 30,20210204,9272.83,9272.83,9272.83,9272.83,102047792
NIFTY100 Alpha 30,20210205,9285.70,9285.70,9285.70,9285.70,137881168
NIFTY100 Alpha 30,20210208,9416.53,9416.53,9416.53,9416.53,129088904
NIFTY100 Alpha 30,20210209,9394.51,9394.51,9394.51,9394.51,152264800
NIFTY100 Alpha 30,20210210,9446.06,9446.06,9446.06,9446.06,159551376
NIFTY100 Alpha 30,20210211,9496.35,9496.35,9496.35,9496.35,110413072
NIFTY100 Alpha 30,20210212,9457.26,9457.26,9457.26,9457.26,104118616
NIFTY100 Alpha 30,20210215,9455.08,9455.08,9455.08,9455.08,79020128
NIFTY100 Alpha 30,20210216,9452.38,9452.38,9452.38,9452.38,125310096
NIFTY100 Alpha 30,20210217,9397.76,9397.76,9397.76,9397.76,102952672
NIFTY100 Alpha 30,20210218,9401.22,9401.22,9401.22,9401.22,114954560
NIFTY100 Alpha 30,20210219,9312.80,9312.80,9312.80,9312.80,103087712
NIFTY100 Alpha 30,20210222,9148.88,9148.88,9148.88,9148.88,115780240
NIFTY100 Alpha 30,20210223,9217.41,9217.41,9217.41,9217.41,138353280
NIFTY100 Alpha 30,20210224,9225.49,9225.49,9225.49,9225.49,84439360
NIFTY100 Alpha 30,20210225,9268.49,9268.49,9268.49,9268.49,122172752
NIFTY100 Alpha 30,20210226,9067.61,9067.61,9067.61,9067.61,164405344
NIFTY100 Alpha 30,20210301,9173.44,9173.44,9173.44,9173.44,83876720
NIFTY100 Alpha 30,20210302,9353.12,9353.12,9353.12,9353.12,102979360
NIFTY100 Alpha 30,20210303,9506.76,9506.76,9506.76,9506.76,115228216
NIFTY100 Alpha 30,20210304,9475.34,9475.34,9475.34,9475.34,108623240
NIFTY100 Alpha 30,20210305,9371.34,9371.34,9371.34,9371.34,128650504
NIFTY100 Alpha 30,20210308,9376.40,9376.40,9376.40,9376.40,75650512
NIFTY100 Alpha 30,20210309,9352.88,9352.88,9352.88,9352.88,83580656
NIFTY100 Alpha 30,20210310,9473.35,9473.35,9473.35,9473.35,99034592
NIFTY100 Alpha 30,20210312,9383.41,9383.41,9383.41,9383.41,91344872
NIFTY100 Alpha 30,20210315,9366.61,9366.61,9366.61,9366.61,80812424
NIFTY100 Alpha 30,20210316,9420.22,9420.22,9420.22,9420.22,87911496
NIFTY100 Alpha 30,20210317,9273.90,9273.90,9273.90,9273.90,78737912
NIFTY100 Alpha 30,20210318,9083.68,9083.68,9083.68,9083.68,95068392
NIFTY100 Alpha 30,20210319,9246.03,9246.03,9246.03,9246.03,146267152
NIFTY100 Alpha 30,20210322,9379.91,9379.91,9379.91,9379.91,78754256
NIFTY100 Alpha 30,20210323,9473.90,9473.90,9473.90,9473.90,84552128
NIFTY100 Alpha 30,20210324,9365.00,9365.00,9365.00,9365.00,91979400
NIFTY100 Alpha 30,20210325,9181.70,9181.70,9181.70,9181.70,121316888
NIFTY100 Alpha 30,20210326,9282.59,9282.59,9282.59,9282.59,119310112
NIFTY100 Alpha 30,20210330,9434.85,9434.85,9434.85,9434.85,142918336
NIFTY100 Alpha 30,20210331,9417.69,9417.69,9417.69,9417.69,199418800
NIFTY100 Alpha 30,20210401,9677.51,9677.51,9677.51,9677.51,246762256
NIFTY100 Alpha 30,20210405,9775.01,9775.01,9775.01,9775.01,279606880
NIFTY100 Alpha 30,20210406,9955.34,9955.34,9955.34,9955.34,291773696
NIFTY100 Alpha 30,20210407,9983.41,9983.41,9983.41,9983.41,327211840
NIFTY100 Alpha 30,20210408,10046.31,10046.31,10046.31,10046.31,359570304
NIFTY100 Alpha 30,20210409,10087.29,10087.29,10087.29,10087.29,322223360
NIFTY100 Alpha 30,20210412,9659.13,9659.13,9659.13,9659.13,383356960
NIFTY100 Alpha 30,20210413,9682.24,9682.24,9682.24,9682.24,384741536
NIFTY100 Alpha 30,20210415,9784.80,9784.80,9784.80,9784.80,326231552
NIFTY100 Alpha 30,20210416,9939.16,9939.16,9939.16,9939.16,405541184
NIFTY100 Alpha 30,20210419,9838.52,9838.52,9838.52,9838.52,304837216
NIFTY100 Alpha 30,20210420,9853.48,9853.48,9853.48,9853.48,274572160
NIFTY100 Alpha 30,20210422,9885.55,9885.55,9885.55,9885.55,308295424
NIFTY100 Alpha 30,20210423,9864.71,9864.71,9864.71,9864.71,265366816
NIFTY100 Alpha 30,20210426,9881.90,9881.90,9881.90,9881.90,233663376
NIFTY100 Alpha 30,20210427,10002.62,10002.62,10002.62,10002.62,235127104
NIFTY100 Alpha 30,20210428,10019.32,10019.32,10019.32,10019.32,222645376
NIFTY100 Alpha 30,20210429,10072.44,10072.44,10072.44,10072.44,298777216
NIFTY100 Alpha 30,20210430,9978.70,9978.70,9978.70,9978.70,273630752
NIFTY100 Alpha 30,20210503,10077.59,10077.59,10077.59,10077.59,219816688
NIFTY100 Alpha 30,20210504,9974.21,9974.21,9974.21,9974.21,260852848
NIFTY100 Alpha 30,20210505,10120.38,10120.38,10120.38,10120.38,321888064
NIFTY100 Alpha 30,20210506,10263.38,10263.38,10263.38,10263.38,303299616
NIFTY100 Alpha 30,20210507,10373.71,10373.71,10373.71,10373.71,328821920
NIFTY100 Alpha 30,20210510,10495.49,10495.49,10495.49,10495.49,280860224
NIFTY100 Alpha 30,20210511,10433.45,10433.45,10433.45,10433.45,266799776
NIFTY100 Alpha 30,20210512,10335.25,10335.25,10335.25,10335.25,308636160
NIFTY100 Alpha 30,20210514,10158.21,10158.21,10158.21,10158.21,333952864
NIFTY100 Alpha 30,20210517,10350.46,10350.46,10350.46,10350.46,242745088
NIFTY100 Alpha 30,20210518,10567.79,10567.79,10567.79,10567.79,268723040
NIFTY100 Alpha 30,20210519,10595.00,10595.00,10595.00,10595.00,270400000
NIFTY100 Alpha 30,20210520,10571.17,10571.17,10571.17,10571.17,241643648
NIFTY100 Alpha 30,20210521,10675.06,10675.06,10675.06,10675.06,186419072
NIFTY100 Alpha 30,20210524,10715.68,10715.68,10715.68,10715.68,210707248
NIFTY100 Alpha 30,20210525,10672.66,10672.66,10672.66,10672.66,189315440
NIFTY100 Alpha 30,20210526,10650.09,10650.09,10650.09,10650.09,179213360
NIFTY100 Alpha 30,20210527,10715.80,10715.80,10715.80,10715.80,343972576
NIFTY100 Alpha 30,20210528,10739.49,10739.49,10739.49,10739.49,185905216
NIFTY100 Alpha 30,20210531,10836.38,10836.38,10836.38,10836.38,196243296
NIFTY100 Alpha 30,20210601,10893.37,10893.37,10893.37,10893.37,183467392
NIFTY100 Alpha 30,20210602,11110.76,11110.76,11110.76,11110.76,295866848
NIFTY100 Alpha 30,20210603,11160.20,11160.20,11160.20,11160.20,248010224
NIFTY100 Alpha 30,20210604,11236.44,11236.44,11236.44,11236.44,200748240
NIFTY100 Alpha 30,20210607,11253.01,11253.01,11253.01,11253.01,209788992
NIFTY100 Alpha 30,20210608,11288.97,11288.97,11288.97,11288.97,188551808
NIFTY100 Alpha 30,20210609,11167.00,11167.00,11167.00,11167.00,224361696
NIFTY100 Alpha 30,20210610,11250.92,11250.92,11250.92,11250.92,133130224
NIFTY100 Alpha 30,20210611,11344.43,11344.43,11344.43,11344.43,181672224
NIFTY100 Alpha 30,20210614,11251.80,11251.80,11251.80,11251.80,278815200
NIFTY100 Alpha 30,20210615,11222.28,11222.28,11222.28,11222.28,178403824
NIFTY100 Alpha 30,20210616,11026.41,11026.41,11026.41,11026.41,197882160
NIFTY100 Alpha 30,20210617,10836.70,10836.70,10836.70,10836.70,235666160
NIFTY100 Alpha 30,20210618,10789.62,10789.62,10789.62,10789.62,353315168
NIFTY100 Alpha 30,20210621,10894.80,10894.80,10894.80,10894.80,195989616
NIFTY100 Alpha 30,20210622,11001.17,11001.17,11001.17,11001.17,162601616
NIFTY100 Alpha 30,20210623,10882.44,10882.44,10882.44,10882.44,163915872
NIFTY100 Alpha 30,20210624,10877.24,10877.24,10877.24,10877.24,171778112
NIFTY100 Alpha 30,20210625,10959.58,10959.58,10959.58,10959.58,165751888
NIFTY100 Alpha 30,20210628,10952.83,10952.83,10952.83,10952.83,126033240
NIFTY100 Alpha 30,20210629,10910.56,10910.56,10910.56,10910.56,152841824
NIFTY100 Alpha 30,20210630,10854.23,10854.23,10854.23,10854.23,118931800
NIFTY100 Alpha 30,20210701,10771.19,10771.19,10771.19,10771.19,107336456
NIFTY100 Alpha 30,20210702,10656.48,10656.48,10656.48,10656.48,105273320
NIFTY100 Alpha 30,20210705,10621.19,10621.19,10621.19,10621.19,132381016
NIFTY100 Alpha 30,20210706,10630.79,10630.79,10630.79,10630.79,314300704
NIFTY100 Alpha 30,20210707,10692.85,10692.85,10692.85,10692.85,262046944
NIFTY100 Alpha 30,20210708,10636.21,10636.21,10636.21,10636.21,200576944
NIFTY100 Alpha 30,20210709,10717.47,10717.47,10717.47,10717.47,160113728
NIFTY100 Alpha 30,20210712,10711.38,10711.38,10711.38,10711.38,133633552
NIFTY100 Alpha 30,20210713,10696.83,10696.83,10696.83,10696.83,131806328
NIFTY100 Alpha 30,20210714,10763.67,10763.67,10763.67,10763.67,156143248
NIFTY100 Alpha 30,20210715,10839.09,10839.09,10839.09,10839.09,150394496
NIFTY100 Alpha 30,20210716,10870.35,10870.35,10870.35,10870.35,175554176
NIFTY100 Alpha 30,20210719,10760.35,10760.35,10760.35,10760.35,123855312
NIFTY100 Alpha 30,20210720,10608.62,10608.62,10608.62,10608.62,132705248
NIFTY100 Alpha 30,20210722,10904.00,10904.00,10904.00,10904.00,157209840
NIFTY100 Alpha 30,20210723,10890.91,10890.91,10890.91,10890.91,168624240
NIFTY100 Alpha 30,20210726,10888.96,10888.96,10888.96,10888.96,128118048
NIFTY100 Alpha 30,20210727,10815.43,10815.43,10815.43,10815.43,183911648
NIFTY100 Alpha 30,20210728,10883.92,10883.92,10883.92,10883.92,149052560
NIFTY100 Alpha 30,20210729,11057.32,11057.32,11057.32,11057.32,289874912
NIFTY100 Alpha 30,20210730,11022.45,11022.45,11022.45,11022.45,210057648
NIFTY100 Alpha 30,20210802,11102.32,11102.32,11102.32,11102.32,132537040
NIFTY100 Alpha 30,20210803,11205.23,11205.23,11205.23,11205.23,148161632
NIFTY100 Alpha 30,20210804,11177.38,11177.38,11177.38,11177.38,133021776
NIFTY100 Alpha 30,20210805,11217.25,11217.25,11217.25,11217.25,143283408
NIFTY100 Alpha 30,20210806,11300.22,11300.22,11300.22,11300.22,157150912
NIFTY100 Alpha 30,20210809,11229.35,11229.35,11229.35,11229.35,116757464
NIFTY100 Alpha 30,20210810,11162.16,11162.16,11162.16,11162.16,113949640
NIFTY100 Alpha 30,20210811,11220.05,11220.05,11220.05,11220.05,166779920
NIFTY100 Alpha 30,20210812,11308.41,11308.41,11308.41,11308.41,137989680
NIFTY100 Alpha 30,20210813,11391.72,11391.72,11391.72,11391.72,191693520
NIFTY100 Alpha 30,20210816,11463.32,11463.32,11463.32,11463.32,143573760
NIFTY100 Alpha 30,20210817,11590.24,11590.24,11590.24,11590.24,241237888
NIFTY100 Alpha 30,20210818,11623.40,11623.40,11623.40,11623.40,157723168
NIFTY100 Alpha 30,20210820,11393.24,11393.24,11393.24,11393.24,222460272
NIFTY100 Alpha 30,20210823,11440.21,11440.21,11440.21,11440.21,205864112
NIFTY100 Alpha 30,20210824,11656.11,11656.11,11656.11,11656.11,188164064
NIFTY100 Alpha 30,20210825,11757.81,11757.81,11757.81,11757.81,167605296
NIFTY100 Alpha 30,20210826,11801.58,11801.58,11801.58,11801.58,156844672
NIFTY100 Alpha 30,20210827,11936.69,11936.69,11936.69,11936.69,138772032
NIFTY100 Alpha 30,20210830,12104.26,12104.26,12104.26,12104.26,129557472
NIFTY100 Alpha 30,20210831,12354.79,12354.79,12354.79,12354.79,217893232
NIFTY100 Alpha 30,20210901,12337.99,12337.99,12337.99,12337.99,149047888
NIFTY100 Alpha 30,20210902,12447.06,12447.06,12447.06,12447.06,124220976
NIFTY100 Alpha 30,20210903,12536.74,12536.74,12536.74,12536.74,105476576
NIFTY100 Alpha 30,20210906,12629.83,12629.83,12629.83,12629.83,115222080
NIFTY100 Alpha 30,20210907,12513.43,12513.43,12513.43,12513.43,90216816
NIFTY100 Alpha 30,20210908,12562.23,12562.23,12562.23,12562.23,95772096
NIFTY100 Alpha 30,20210909,12678.80,12678.80,12678.80,12678.80,99632712
NIFTY100 Alpha 30,20210913,12753.69,12753.69,12753.69,12753.69,95794560
NIFTY100 Alpha 30,20210914,12781.97,12781.97,12781.97,12781.97,108020864
NIFTY100 Alpha 30,20210915,12844.76,12844.76,12844.76,12844.76,116503456
NIFTY100 Alpha 30,20210916,12812.70,12812.70,12812.70,12812.70,104366480
NIFTY100 Alpha 30,20210917,12647.44,12647.44,12647.44,12647.44,172834208
NIFTY100 Alpha 30,20210920,12306.29,12306.29,12306.29,12306.29,159150992
NIFTY100 Alpha 30,20210921,12441.74,12441.74,12441.74,12441.74,187328672
NIFTY100 Alpha 30,20210922,12474.20,12474.20,12474.20,12474.20,133653976
NIFTY100 Alpha 30,20210923,12637.96,12637.96,12637.96,12637.96,136864368
NIFTY100 Alpha 30,20210924,12532.73,12532.73,12532.73,12532.73,145854848
NIFTY100 Alpha 30,20210927,12468.61,12468.61,12468.61,12468.61,146629184
NIFTY100 Alpha 30,20210928,12290.28,12290.28,12290.28,12290.28,124734552
NIFTY100 Alpha 30,20210929,12320.12,12320.12,12320.12,12320.12,129451656
NIFTY100 Alpha 30,20210930,12303.00,12303.00,12303.00,12303.00,148684912
NIFTY100 Alpha 30,20211001,12263.25,12263.25,12263.25,12263.25,121411144
NIFTY100 Alpha 30,20211004,12526.19,12526.19,12526.19,12526.19,166325808
NIFTY100 Alpha 30,20211005,12599.03,12599.03,12599.03,12599.03,118339656
NIFTY100 Alpha 30,20211006,12419.69,12419.69,12419.69,12419.69,135589472
NIFTY100 Alpha 30,20211007,12531.91,12531.91,12531.91,12531.91,94192096
NIFTY100 Alpha 30,20211008,12544.03,12544.03,12544.03,12544.03,98487264
NIFTY100 Alpha 30,20211011,12512.31,12512.31,12512.31,12512.31,100205616
NIFTY100 Alpha 30,20211012,12586.67,12586.67,12586.67,12586.67,117364912
NIFTY100 Alpha 30,20211013,12758.92,12758.92,12758.92,12758.92,192181312
NIFTY100 Alpha 30,20211014,12941.00,12941.00,12941.00,12941.00,256711168
NIFTY100 Alpha 30,20211018,13113.01,13113.01,13113.01,13113.01,297779168
NIFTY100 Alpha 30,20211019,13038.12,13038.12,13038.12,13038.12,185842656
NIFTY100 Alpha 30,20211020,12850.06,12850.06,12850.06,12850.06,131647600
NIFTY100 Alpha 30,20211021,12769.22,12769.22,12769.22,12769.22,155677808
NIFTY100 Alpha 30,20211022,12550.78,12550.78,12550.78,12550.78,139323808
NIFTY100 Alpha 30,20211025,12515.85,12515.85,12515.85,12515.85,122114984
NIFTY100 Alpha 30,20211026,12662.05,12662.05,12662.05,12662.05,128663048
NIFTY100 Alpha 30,20211027,12683.88,12683.88,12683.88,12683.88,127690528
NIFTY100 Alpha 30,20211028,12344.09,12344.09,12344.09,12344.09,174554816
NIFTY100 Alpha 30,20211029,12303.33,12303.33,12303.33,12303.33,152007392
NIFTY100 Alpha 30,20211101,12518.07,12518.07,12518.07,12518.07,289700096
NIFTY100 Alpha 30,20211102,12428.19,12428.19,12428.19,12428.19,119665912
NIFTY100 Alpha 30,20211103,12561.98,12561.98,12561.98,12561.98,105870656
NIFTY100 Alpha 30,20211104,12579.44,12579.44,12579.44,12579.44,17436192
NIFTY100 Alpha 30,20211108,12788.51,12788.51,12788.51,12788.51,130250928
NIFTY100 Alpha 30,20211109,12844.96,12844.96,12844.96,12844.96,142573216
NIFTY100 Alpha 30,20211110,12817.88,12817.88,12817.88,12817.88,160874816
NIFTY100 Alpha 30,20211111,12771.78,12771.78,12771.78,12771.78,109092680
NIFTY100 Alpha 30,20211112,13050.16,13050.16,13050.16,13050.16,130824352
NIFTY100 Alpha 30,20211115,13073.24,13073.24,13073.24,13073.24,93366416
NIFTY100 Alpha 30,20211116,13016.91,13016.91,13016.91,13016.91,110438432
NIFTY100 Alpha 30,20211117,13068.15,13068.15,13068.15,13068.15,93009376
NIFTY100 Alpha 30,20211118,12910.53,12910.53,12910.53,12910.53,159217424
NIFTY100 Alpha 30,20211122,12730.85,12730.85,12730.85,12730.85,165105776
NIFTY100 Alpha 30,20211123,12931.56,12931.56,12931.56,12931.56,458958080
NIFTY100 Alpha 30,20211124,12848.82,12848.82,12848.82,12848.82,128061512
NIFTY100 Alpha 30,20211125,13024.52,13024.52,13024.52,13024.52,127164976
NIFTY100 Alpha 30,20211126,12630.32,12630.32,12630.32,12630.32,186627424
NIFTY100 Alpha 30,20211129,12589.60,12589.60,12589.60,12589.60,145446224
NIFTY100 Alpha 30,20211130,12474.33,12474.33,12474.33,12474.33,199492400
NIFTY100 Alpha 30,20211201,12588.63,12588.63,12588.63,12588.63,120216248
NIFTY100 Alpha 30,20211202,12811.81,12811.81,12811.81,12811.81,120866384
NIFTY100 Alpha 30,20211203,12718.56,12718.56,12718.56,12718.56,121011560
NIFTY100 Alpha 30,20211206,12468.23,12468.23,12468.23,12468.23,113818464
NIFTY100 Alpha 30,20211207,12667.26,12667.26,12667.26,12667.26,150612368
NIFTY100 Alpha 30,20211208,12842.17,12842.17,12842.17,12842.17,132459976
NIFTY100 Alpha 30,20211209,12852.95,12852.95,12852.95,12852.95,109968888
NIFTY100 Alpha 30,20211210,12869.10,12869.10,12869.10,12869.10,90512728
NIFTY100 Alpha 30,20211213,12764.05,12764.05,12764.05,12764.05,148136832
NIFTY100 Alpha 30,20211214,12818.62,12818.62,12818.62,12818.62,112079984
NIFTY100 Alpha 30,20211215,12699.07,12699.07,12699.07,12699.07,92569936
NIFTY100 Alpha 30,20211216,12725.27,12725.27,12725.27,12725.27,93702048
NIFTY100 Alpha 30,20211217,12504.45,12504.45,12504.45,12504.45,182661488
NIFTY100 Alpha 30,20211220,12147.44,12147.44,12147.44,12147.44,142224656
NIFTY100 Alpha 30,20211221,12423.61,12423.61,12423.61,12423.61,123125432
NIFTY100 Alpha 30,20211222,12581.28,12581.28,12581.28,12581.28,80081008
NIFTY100 Alpha 30,20211223,12698.96,12698.96,12698.96,12698.96,92423272
NIFTY100 Alpha 30,20211224,12625.75,12625.75,12625.75,12625.75,95634136
NIFTY100 Alpha 30,20211227,12660.31,12660.31,12660.31,12660.31,73209568
NIFTY100 Alpha 30,20211228,12762.79,12762.79,12762.79,12762.79,60628012
NIFTY100 Alpha 30,20211229,12725.25,12725.25,12725.25,12725.25,69321488
NIFTY100 Alpha 30,20211230,12630.82,12630.82,12630.82,12630.82,87592128
NIFTY100 Alpha 30,20211231,12810.02,12810.02,12810.02,12810.02,102872944
NIFTY100 Alpha 30,20220103,12931.81,12931.81,12931.81,12931.81,104940280
NIFTY100 Alpha 30,20220104,12933.18,12933.18,12933.18,12933.18,136099456
NIFTY100 Alpha 30,20220105,12944.78,12944.78,12944.78,12944.78,133289184
NIFTY100 Alpha 30,20220106,12872.32,12872.32,12872.32,12872.32,121130216
NIFTY100 Alpha 30,20220107,12923.98,12923.98,12923.98,12923.98,132450144
NIFTY100 Alpha 30,20220110,13020.77,13020.77,13020.77,13020.77,138189072
NIFTY100 Alpha 30,20220111,13043.93,13043.93,13043.93,13043.93,189315888
NIFTY100 Alpha 30,20220112,13097.83,13097.83,13097.83,13097.83,144139984
NIFTY100 Alpha 30,20220113,13215.55,13215.55,13215.55,13215.55,196391760
NIFTY100 Alpha 30,20220114,13236.02,13236.02,13236.02,13236.02,123022760
NIFTY100 Alpha 30,20220117,13280.34,13280.34,13280.34,13280.34,171707808
NIFTY100 Alpha 30,20220118,13047.84,13047.84,13047.84,13047.84,128468528
NIFTY100 Alpha 30,20220119,13010.65,13010.65,13010.65,13010.65,194642944
NIFTY100 Alpha 30,20220120,12953.90,12953.90,12953.90,12953.90,138789440
NIFTY100 Alpha 30,20220121,12714.69,12714.69,12714.69,12714.69,165915808
NIFTY100 Alpha 30,20220124,12168.18,12168.18,12168.18,12168.18,200834064
NIFTY100 Alpha 30,20220125,12211.68,12211.68,12211.68,12211.68,158156720
NIFTY100 Alpha 30,20220127,12039.82,12039.82,12039.82,12039.82,197356416
NIFTY100 Alpha 30,20220128,12090.80,12090.80,12090.80,12090.80,183080608
NIFTY100 Alpha 30,20220131,12283.24,12283.24,12283.24,12283.24,152172912
NIFTY100 Alpha 30,20220201,12507.49,12507.49,12507.49,12507.49,222789472
NIFTY100 Alpha 30,20220202,12649.47,12649.47,12649.47,12649.47,148127184
NIFTY100 Alpha 30,20220203,12526.70,12526.70,12526.70,12526.70,132671704
NIFTY100 Alpha 30,20220204,12565.37,12565.37,12565.37,12565.37,151209888
NIFTY100 Alpha 30,20220207,12409.94,12409.94,12409.94,12409.94,142432576
NIFTY100 Alpha 30,20220208,12383.22,12383.22,12383.22,12383.22,155927392
NIFTY100 Alpha 30,20220209,12559.43,12559.43,12559.43,12559.43,135515440
NIFTY100 Alpha 30,20220210,12708.09,12708.09,12708.09,12708.09,196209680
NIFTY100 Alpha 30,20220211,12515.23,12515.23,12515.23,12515.23,122066176
NIFTY100 Alpha 30,20220214,12092.23,12092.23,12092.23,12092.23,173379632
NIFTY100 Alpha 30,20220215,12438.92,12438.92,12438.92,12438.92,170485904
NIFTY100 Alpha 30,20220216,12418.51,12418.51,12418.51,12418.51,121428120
NIFTY100 Alpha 30,20220217,12474.16,12474.16,12474.16,12474.16,122915912
NIFTY100 Alpha 30,20220218,12328.03,12328.03,12328.03,12328.03,108155472
NIFTY100 Alpha 30,20220221,12192.27,12192.27,12192.27,12192.27,116594872
NIFTY100 Alpha 30,20220222,12203.44,12203.44,12203.44,12203.44,168244400
NIFTY100 Alpha 30,20220223,12300.60,12300.60,12300.60,12300.60,126333344
NIFTY100 Alpha 30,20220224,11651.76,11651.76,11651.76,11651.76,290248640
NIFTY100 Alpha 30,20220225,12109.93,12109.93,12109.93,12109.93,200683344
NIFTY100 Alpha 30,20220228,12399.49,12399.49,12399.49,12399.49,241439552
NIFTY100 Alpha 30,20220302,12481.20,12481.20,12481.20,12481.20,263513856
NIFTY100 Alpha 30,20220303,12577.88,12577.88,12577.88,12577.88,278690944
NIFTY100 Alpha 30,20220304,12297.33,12297.33,12297.33,12297.33,242413344
NIFTY100 Alpha 30,20220307,12138.36,12138.36,12138.36,12138.36,327603968
NIFTY100 Alpha 30,20220308,12226.59,12226.59,12226.59,12226.59,278255936
NIFTY100 Alpha 30,20220309,12325.05,12325.05,12325.05,12325.05,226803168
NIFTY100 Alpha 30,20220310,12608.29,12608.29,12608.29,12608.29,259395664
NIFTY100 Alpha 30,20220311,12653.42,12653.42,12653.42,12653.42,200990608
NIFTY100 Alpha 30,20220314,12679.47,12679.47,12679.47,12679.47,175590032
NIFTY100 Alpha 30,20220315,12449.90,12449.90,12449.90,12449.90,230163344
NIFTY100 Alpha 30,20220316,12734.15,12734.15,12734.15,12734.15,151774864
NIFTY100 Alpha 30,20220317,12914.97,12914.97,12914.97,12914.97,260163520
NIFTY100 Alpha 30,20220321,12814.81,12814.81,12814.81,12814.81,182792480
NIFTY100 Alpha 30,20220322,12939.43,12939.43,12939.43,12939.43,199857520
NIFTY100 Alpha 30,20220323,12980.84,12980.84,12980.84,12980.84,228085856
NIFTY100 Alpha 30,20220324,13024.10,13024.10,13024.10,13024.10,151148272
NIFTY100 Alpha 30,20220325,12996.42,12996.42,12996.42,12996.42,136438832
NIFTY100 Alpha 30,20220328,13016.80,13016.80,13016.80,13016.80,129962512
NIFTY100 Alpha 30,20220329,13055.70,13055.70,13055.70,13055.70,139638080
NIFTY100 Alpha 30,20220330,13010.92,13010.92,13010.92,13010.92,241484352
NIFTY100 Alpha 30,20220331,12979.75,12979.75,12979.75,12979.75,126135896
NIFTY100 Alpha 30,20220401,13050.72,13050.72,13050.72,13050.72,111957648
NIFTY100 Alpha 30,20220404,13233.22,13233.22,13233.22,13233.22,105311872
NIFTY100 Alpha 30,20220405,13329.82,13329.82,13329.82,13329.82,111542096
NIFTY100 Alpha 30,20220406,13332.98,13332.98,13332.98,13332.98,102884056
NIFTY100 Alpha 30,20220407,13183.61,13183.61,13183.61,13183.61,111530928
NIFTY100 Alpha 30,20220408,13389.09,13389.09,13389.09,13389.09,86964296
NIFTY100 Alpha 30,20220411,13505.50,13505.50,13505.50,13505.50,91677104
NIFTY100 Alpha 30,20220412,13266.30,13266.30,13266.30,13266.30,121601840
NIFTY100 Alpha 30,20220413,13306.46,13306.46,13306.46,13306.46,93495440
NIFTY100 Alpha 30,20220418,13201.82,13201.82,13201.82,13201.82,129676912
NIFTY100 Alpha 30,20220419,12911.88,12911.88,12911.88,12911.88,107885320
NIFTY100 Alpha 30,20220420,12970.39,12970.39,12970.39,12970.39,84328840
NIFTY100 Alpha 30,20220421,13103.14,13103.14,13103.14,13103.14,91288376
NIFTY100 Alpha 30,20220422,12980.97,12980.97,12980.97,12980.97,100141320
NIFTY100 Alpha 30,20220425,12707.39,12707.39,12707.39,12707.39,84177056
NIFTY100 Alpha 30,20220426,12976.82,12976.82,12976.82,12976.82,91593664
NIFTY100 Alpha 30,20220427,12758.23,12758.23,12758.23,12758.23,97973416
NIFTY100 Alpha 30,20220428,12941.06,12941.06,12941.06,12941.06,105124216
NIFTY100 Alpha 30,20220429,12813.90,12813.90,12813.90,12813.90,125210800
NIFTY100 Alpha 30,20220502,12723.49,12723.49,12723.49,12723.49,118982680
NIFTY100 Alpha 30,20220504,12387.98,12387.98,12387.98,12387.98,120148288
NIFTY100 Alpha 30,20220505,12469.53,12469.53,12469.53,12469.53,106554216
NIFTY100 Alpha 30,20220506,12249.53,12249.53,12249.53,12249.53,118223272
NIFTY100 Alpha 30,20220509,12013.05,12013.05,12013.05,12013.05,94307104
NIFTY100 Alpha 30,20220510,11595.66,11595.66,11595.66,11595.66,119087024
NIFTY100 Alpha 30,20220511,11529.20,11529.20,11529.20,11529.20,133030352
NIFTY100 Alpha 30,20220512,11188.51,11188.51,11188.51,11188.51,146050320
NIFTY100 Alpha 30,20220513,11111.35,11111.35,11111.35,11111.35,176047856
NIFTY100 Alpha 30,20220516,11202.16,11202.16,11202.16,11202.16,112134424
NIFTY100 Alpha 30,20220517,11599.85,11599.85,11599.85,11599.85,160724400
NIFTY100 Alpha 30,20220518,11590.24,11590.24,11590.24,11590.24,117917520
NIFTY100 Alpha 30,20220519,11207.87,11207.87,11207.87,11207.87,113603696
NIFTY100 Alpha 30,20220520,11433.73,11433.73,11433.73,11433.73,101806192
NIFTY100 Alpha 30,20220523,11223.22,11223.22,11223.22,11223.22,146420512
NIFTY100 Alpha 30,20220524,11057.28,11057.28,11057.28,11057.28,115880680
NIFTY100 Alpha 30,20220525,10792.61,10792.61,10792.61,10792.61,114980920
NIFTY100 Alpha 30,20220526,10917.00,10917.00,10917.00,10917.00,129433016
NIFTY100 Alpha 30,20220527,11070.30,11070.30,11070.30,11070.30,148702128
NIFTY100 Alpha 30,20220530,11300.48,11300.48,11300.48,11300.48,135661456
NIFTY100 Alpha 30,20220531,11239.26,11239.26,11239.26,11239.26,320769248
NIFTY100 Alpha 30,20220601,11058.69,11058.69,11058.69,11058.69,116784520
NIFTY100 Alpha 30,20220602,11208.74,11208.74,11208.74,11208.74,105883912
NIFTY100 Alpha 30,20220603,11077.94,11077.94,11077.94,11077.94,112553592
NIFTY100 Alpha 30,20220606,11107.43,11107.43,11107.43,11107.43,113578408
NIFTY100 Alpha 30,20220607,11009.12,11009.12,11009.12,11009.12,130369752
NIFTY100 Alpha 30,20220608,10995.55,10995.55,10995.55,10995.55,111079416
NIFTY100 Alpha 30,20220609,11040.80,11040.80,11040.80,11040.80,105492112
NIFTY100 Alpha 30,20220610,10916.98,10916.98,10916.98,10916.98,99360312
NIFTY100 Alpha 30,20220613,10621.63,10621.63,10621.63,10621.63,98233880
NIFTY100 Alpha 30,20220614,10654.13,10654.13,10654.13,10654.13,103623696
NIFTY100 Alpha 30,20220615,10644.11,10644.11,10644.11,10644.11,86085584
NIFTY100 Alpha 30,20220616,10360.14,10360.14,10360.14,10360.14,135885536
NIFTY100 Alpha 30,20220617,10180.08,10180.08,10180.08,10180.08,170605632
NIFTY100 Alpha 30,20220620,10161.84,10161.84,10161.84,10161.84,171488672
NIFTY100 Alpha 30,20220621,10493.28,10493.28,10493.28,10493.28,149508576
NIFTY100 Alpha 30,20220622,10214.18,10214.18,10214.18,10214.18,139332864
NIFTY100 Alpha 30,20220623,10337.58,10337.58,10337.58,10337.58,142016544
NIFTY100 Alpha 30,20220624,10422.45,10422.45,10422.45,10422.45,118203520
NIFTY100 Alpha 30,20220627,10553.71,10553.71,10553.71,10553.71,110459128
NIFTY100 Alpha 30,20220628,10587.98,10587.98,10587.98,10587.98,149941056
NIFTY100 Alpha 30,20220629,10586.29,10586.29,10586.29,10586.29,256681856
NIFTY100 Alpha 30,20220630,10547.94,10547.94,10547.94,10547.94,205983872
NIFTY100 Alpha 30,20220701,10488.45,10488.45,10488.45,10488.45,303431680
NIFTY100 Alpha 30,20220704,10521.38,10521.38,10521.38,10521.38,239703504
NIFTY100 Alpha 30,20220705,10506.55,10506.55,10506.55,10506.55,178536272
NIFTY100 Alpha 30,20220706,10594.60,10594.60,10594.60,10594.60,210145504
NIFTY100 Alpha 30,20220707,10716.79,10716.79,10716.79,10716.79,220043456
NIFTY100 Alpha 30,20220708,10854.63,10854.63,10854.63,10854.63,196248592
NIFTY100 Alpha 30,20220711,11024.44,11024.44,11024.44,11024.44,194770784
NIFTY100 Alpha 30,20220712,11011.10,11011.10,11011.10,11011.10,165833472
NIFTY100 Alpha 30,20220713,10923.85,10923.85,10923.85,10923.85,147538992
NIFTY100 Alpha 30,20220714,10956.27,10956.27,10956.27,10956.27,186942560
NIFTY100 Alpha 30,20220715,11044.85,11044.85,11044.85,11044.85,156953200
NIFTY100 Alpha 30,20220718,11211.36,11211.36,11211.36,11211.36,161861232
NIFTY100 Alpha 30,20220719,11273.96,11273.96,11273.96,11273.96,178110368
NIFTY100 Alpha 30,20220720,11298.92,11298.92,11298.92,11298.92,235786464
NIFTY100 Alpha 30,20220721,11426.80,11426.80,11426.80,11426.80,146524688
NIFTY100 Alpha 30,20220722,11385.15,11385.15,11385.15,11385.15,129296904
NIFTY100 Alpha 30,20220725,11424.77,11424.77,11424.77,11424.77,144684304
NIFTY100 Alpha 30,20220726,11364.01,11364.01,11364.01,11364.01,153709440
NIFTY100 Alpha 30,20220727,11406.00,11406.00,11406.00,11406.00,122852992
NIFTY100 Alpha 30,20220728,11535.80,11535.80,11535.80,11535.80,172270416
NIFTY100 Alpha 30,20220729,11710.10,11710.10,11710.10,11710.10,187117952
NIFTY100 Alpha 30,20220801,11982.11,11982.11,11982.11,11982.11,213573984
NIFTY100 Alpha 30,20220802,12062.84,12062.84,12062.84,12062.84,232947632
NIFTY100 Alpha 30,20220803,12050.65,12050.65,12050.65,12050.65,153618560
NIFTY100 Alpha 30,20220804,12071.51,12071.51,12071.51,12071.51,176891744
NIFTY100 Alpha 30,20220805,12008.79,12008.79,12008.79,12008.79,253815424
NIFTY100 Alpha 30,20220808,12152.98,12152.98,12152.98,12152.98,124905824
NIFTY100 Alpha 30,20220810,12150.87,12150.87,12150.87,12150.87,136060880
NIFTY100 Alpha 30,20220811,12165.19,12165.19,12165.19,12165.19,165889824
NIFTY100 Alpha 30,20220812,12234.69,12234.69,12234.69,12234.69,157473040
NIFTY100 Alpha 30,20220816,12382.66,12382.66,12382.66,12382.66,154029056
NIFTY100 Alpha 30,20220817,12454.38,12454.38,12454.38,12454.38,160627616
NIFTY100 Alpha 30,20220818,12540.14,12540.14,12540.14,12540.14,163766000
NIFTY100 Alpha 30,20220819,12436.37,12436.37,12436.37,12436.37,178738784
NIFTY100 Alpha 30,20220822,12268.35,12268.35,12268.35,12268.35,153994208
NIFTY100 Alpha 30,20220823,12351.45,12351.45,12351.45,12351.45,162827712
NIFTY100 Alpha 30,20220824,12412.28,12412.28,12412.28,12412.28,170871264
NIFTY100 Alpha 30,20220825,12371.49,12371.49,12371.49,12371.49,160533920
NIFTY100 Alpha 30,20220826,12506.87,12506.87,12506.87,12506.87,151479776
NIFTY100 Alpha 30,20220829,12437.15,12437.15,12437.15,12437.15,130588816
NIFTY100 Alpha 30,20220830,12741.13,12741.13,12741.13,12741.13,184738160
NIFTY100 Alpha 30,20220901,12728.16,12728.16,12728.16,12728.16,175364416
NIFTY100 Alpha 30,20220902,12731.97,12731.97,12731.97,12731.97,153638336
NIFTY100 Alpha 30,20220905,12773.03,12773.03,12773.03,12773.03,126993440
NIFTY100 Alpha 30,20220906,12876.39,12876.39,12876.39,12876.39,140313104
NIFTY100 Alpha 30,20220907,12826.47,12826.47,12826.47,12826.47,248270624
NIFTY100 Alpha 30,20220908,12922.52,12922.52,12922.52,12922.52,143645360
NIFTY100 Alpha 30,20220909,12941.11,12941.11,12941.11,12941.11,133439280
NIFTY100 Alpha 30,20220912,13058.82,13058.82,13058.82,13058.82,122897624
NIFTY100 Alpha 30,20220913,13198.07,13198.07,13198.07,13198.07,140043248
NIFTY100 Alpha 30,20220914,13221.52,13221.52,13221.52,13221.52,231975360
NIFTY100 Alpha 30,20220915,13312.95,13312.95,13312.95,13312.95,216383216
NIFTY100 Alpha 30,20220916,13034.34,13034.34,13034.34,13034.34,275862528
NIFTY100 Alpha 30,20220919,13086.23,13086.23,13086.23,13086.23,164307088
NIFTY100 Alpha 30,20220920,13242.05,13242.05,13242.05,13242.05,153651456
NIFTY100 Alpha 30,20220921,13047.35,13047.35,13047.35,13047.35,147844064
NIFTY100 Alpha 30,20220922,13114.59,13114.59,13114.59,13114.59,173939056
NIFTY100 Alpha 30,20220923,12865.15,12865.15,12865.15,12865.15,237509024
NIFTY100 Alpha 30,20220926,12534.59,12534.59,12534.59,12534.59,323501536
NIFTY100 Alpha 30,20220927,12475.39,12475.39,12475.39,12475.39,181825264
NIFTY100 Alpha 30,20220928,12404.02,12404.02,12404.02,12404.02,182919840
NIFTY100 Alpha 30,20220929,12347.70,12347.70,12347.70,12347.70,207873264
NIFTY100 Alpha 30,20220930,12517.10,12517.10,12517.10,12517.10,255709552
NIFTY100 Alpha 30,20221003,12114.84,12114.84,12114.84,12114.84,210857680
NIFTY100 Alpha 30,20221004,12432.08,12432.08,12432.08,12432.08,153850992
NIFTY100 Alpha 30,20221006,12584.54,12584.54,12584.54,12584.54,166312512
NIFTY100 Alpha 30,20221007,12548.95,12548.95,12548.95,12548.95,155449136
NIFTY100 Alpha 30,20221010,12395.44,12395.44,12395.44,12395.44,148199584
NIFTY100 Alpha 30,20221011,12262.92,12262.92,12262.92,12262.92,144973632
NIFTY100 Alpha 30,20221012,12346.98,12346.98,12346.98,12346.98,146792080
NIFTY100 Alpha 30,20221013,12274.00,12274.00,12274.00,12274.00,117036808
NIFTY100 Alpha 30,20221014,12172.92,12172.92,12172.92,12172.92,117205264
NIFTY100 Alpha 30,20221017,12311.19,12311.19,12311.19,12311.19,124752664
NIFTY100 Alpha 30,20221018,12544.29,12544.29,12544.29,12544.29,168237328
NIFTY100 Alpha 30,20221019,12481.72,12481.72,12481.72,12481.72,140679952
NIFTY100 Alpha 30,20221020,12627.41,12627.41,12627.41,12627.41,170204544
NIFTY100 Alpha 30,20221021,12543.47,12543.47,12543.47,12543.47,158703456
NIFTY100 Alpha 30,20221024,12616.25,12616.25,12616.25,12616.25,24514312
NIFTY100 Alpha 30,20221025,12656.70,12656.70,12656.70,12656.70,164889328
NIFTY100 Alpha 30,20221027,12823.82,12823.82,12823.82,12823.82,188584272
NIFTY100 Alpha 30,20221028,12837.48,12837.48,12837.48,12837.48,165995728
NIFTY100 Alpha 30,20221031,13003.32,13003.32,13003.32,13003.32,159825984
NIFTY100 Alpha 30,20221101,13171.10,13171.10,13171.10,13171.10,214665312
NIFTY100 Alpha 30,20221102,13131.84,13131.84,13131.84,13131.84,185189296
NIFTY100 Alpha 30,20221103,13117.55,13117.55,13117.55,13117.55,147221968
NIFTY100 Alpha 30,20221104,13224.40,13224.40,13224.40,13224.40,138692160
NIFTY100 Alpha 30,20221107,13372.90,13372.90,13372.90,13372.90,274768352
NIFTY100 Alpha 30,20221109,13394.69,13394.69,13394.69,13394.69,249150432
NIFTY100 Alpha 30,20221110,13202.29,13202.29,13202.29,13202.29,198926720
NIFTY100 Alpha 30,20221111,13247.39,13247.39,13247.39,13247.39,173192448
NIFTY100 Alpha 30,20221114,13227.79,13227.79,13227.79,13227.79,161341504
NIFTY100 Alpha 30,20221115,13284.42,13284.42,13284.42,13284.42,164115856
NIFTY100 Alpha 30,20221116,13181.71,13181.71,13181.71,13181.71,145715568
NIFTY100 Alpha 30,20221117,13071.02,13071.02,13071.02,13071.02,141615120
NIFTY100 Alpha 30,20221118,12935.47,12935.47,12935.47,12935.47,144190160
NIFTY100 Alpha 30,20221121,12838.99,12838.99,12838.99,12838.99,123613152
NIFTY100 Alpha 30,20221122,12873.60,12873.60,12873.60,12873.60,118647096
NIFTY100 Alpha 30,20221123,12891.61,12891.61,12891.61,12891.61,136933328
NIFTY100 Alpha 30,20221124,12917.08,12917.08,12917.08,12917.08,117042816
NIFTY100 Alpha 30,20221125,12891.29,12891.29,12891.29,12891.29,127969648
NIFTY100 Alpha 30,20221128,12848.19,12848.19,12848.19,12848.19,102186168
NIFTY100 Alpha 30,20221129,12862.70,12862.70,12862.70,12862.70,103830656
NIFTY100 Alpha 30,20221130,13048.48,13048.48,13048.48,13048.48,189445376
NIFTY100 Alpha 30,20221201,13012.99,13012.99,13012.99,13012.99,175074288
NIFTY100 Alpha 30,20221202,12919.89,12919.89,12919.89,12919.89,131566616
NIFTY100 Alpha 30,20221205,12920.46,12920.46,12920.46,12920.46,138173120
NIFTY100 Alpha 30,20221206,13000.00,13000.00,13000.00,13000.00,146241952
NIFTY100 Alpha 30,20221207,12952.44,12952.44,12952.44,12952.44,115082624
NIFTY100 Alpha 30,20221208,12971.70,12971.70,12971.70,12971.70,184396720
NIFTY100 Alpha 30,20221209,12910.75,12910.75,12910.75,12910.75,190324528
NIFTY100 Alpha 30,20221212,12916.87,12916.87,12916.87,12916.87,130736624
NIFTY100 Alpha 30,20221213,12948.56,12948.56,12948.56,12948.56,114892672
NIFTY100 Alpha 30,20221214,12967.14,12967.14,12967.14,12967.14,114589472
NIFTY100 Alpha 30,20221215,12857.14,12857.14,12857.14,12857.14,137386176
NIFTY100 Alpha 30,20221216,12719.10,12719.10,12719.10,12719.10,214609872
NIFTY100 Alpha 30,20221219,12879.98,12879.98,12879.98,12879.98,121911952
NIFTY100 Alpha 30,20221220,12871.34,12871.34,12871.34,12871.34,95132976
NIFTY100 Alpha 30,20221221,12581.09,12581.09,12581.09,12581.09,121674096
NIFTY100 Alpha 30,20221222,12458.19,12458.19,12458.19,12458.19,126985456
NIFTY100 Alpha 30,20221223,11939.01,11939.01,11939.01,11939.01,157275184
NIFTY100 Alpha 30,20221226,12227.45,12227.45,12227.45,12227.45,137556240
NIFTY100 Alpha 30,20221227,12327.08,12327.08,12327.08,12327.08,112597824
NIFTY100 Alpha 30,20221228,12473.63,12473.63,12473.63,12473.63,120892440
NIFTY100 Alpha 30,20221229,12572.40,12572.40,12572.40,12572.40,184162416
NIFTY100 Alpha 30,20221230,12505.71,12505.71,12505.71,12505.71,110696368
NIFTY100 Alpha 30,20230102,12470.69,12470.69,12470.69,12470.69,77532400
NIFTY100 Alpha 30,20230103,12506.41,12506.41,12506.41,12506.41,90071408
NIFTY100 Alpha 30,20230104,12342.09,12342.09,12342.09,12342.09,131529384
NIFTY100 Alpha 30,20230105,12439.35,12439.35,12439.35,12439.35,146190704
NIFTY100 Alpha 30,20230106,12346.77,12346.77,12346.77,12346.77,121126440
NIFTY100 Alpha 30,20230109,12514.91,12514.91,12514.91,12514.91,151445424
NIFTY100 Alpha 30,20230110,12379.41,12379.41,12379.41,12379.41,129367480
NIFTY100 Alpha 30,20230111,12309.29,12309.29,12309.29,12309.29,141963920
NIFTY100 Alpha 30,20230112,12325.30,12325.30,12325.30,12325.30,130840296
NIFTY100 Alpha 30,20230113,12452.59,12452.59,12452.59,12452.59,122111864
NIFTY100 Alpha 30,20230116,12450.18,12450.18,12450.18,12450.18,119583672
NIFTY100 Alpha 30,20230117,12520.03,12520.03,12520.03,12520.03,138472032
NIFTY100 Alpha 30,20230118,12501.02,12501.02,12501.02,12501.02,126409880
NIFTY100 Alpha 30,20230119,12424.78,12424.78,12424.78,12424.78,111216144
NIFTY100 Alpha 30,20230120,12460.84,12460.84,12460.84,12460.84,122783480
NIFTY100 Alpha 30,20230123,12493.80,12493.80,12493.80,12493.80,111027808
NIFTY100 Alpha 30,20230124,12459.81,12459.81,12459.81,12459.81,116372240
NIFTY100 Alpha 30,20230125,12148.89,12148.89,12148.89,12148.89,211736608
NIFTY100 Alpha 30,20230127,11327.70,11327.70,11327.70,11327.70,423211552
NIFTY100 Alpha 30,20230130,11035.87,11035.87,11035.87,11035.87,481889984
NIFTY100 Alpha 30,20230131,11160.79,11160.79,11160.79,11160.79,368520544
NIFTY100 Alpha 30,20230201,10675.13,10675.13,10675.13,10675.13,510536448
NIFTY100 Alpha 30,20230202,10466.31,10466.31,10466.31,10466.31,494626752
NIFTY100 Alpha 30,20230203,10552.79,10552.79,10552.79,10552.79,415066784
NIFTY100 Alpha 30,20230206,10514.12,10514.12,10514.12,10514.12,240292976
NIFTY100 Alpha 30,20230207,10501.93,10501.93,10501.93,10501.93,255469072
NIFTY100 Alpha 30,20230208,10612.97,10612.97,10612.97,10612.97,200026384
NIFTY100 Alpha 30,20230209,10470.21,10470.21,10470.21,10470.21,177446624
NIFTY100 Alpha 30,20230210,10385.67,10385.67,10385.67,10385.67,159672384
NIFTY100 Alpha 30,20230213,10267.62,10267.62,10267.62,10267.62,171791376
NIFTY100 Alpha 30,20230214,10297.33,10297.33,10297.33,10297.33,201299536
NIFTY100 Alpha 30,20230215,10303.73,10303.73,10303.73,10303.73,148479936
NIFTY100 Alpha 30,20230216,10323.36,10323.36,10323.36,10323.36,182271280
NIFTY100 Alpha 30,20230217,10218.41,10218.41,10218.41,10218.41,154920496
NIFTY100 Alpha 30,20230220,10101.59,10101.59,10101.59,10101.59,139201248
NIFTY100 Alpha 30,20230221,10051.95,10051.95,10051.95,10051.95,172470224
NIFTY100 Alpha 30,20230222,9863.37,9863.37,9863.37,9863.37,159371024
NIFTY100 Alpha 30,20230223,9829.92,9829.92,9829.92,9829.92,173463120
NIFTY100 Alpha 30,20230224,9770.43,9770.43,9770.43,9770.43,139702160
NIFTY100 Alpha 30,20230227,9708.68,9708.68,9708.68,9708.68,167000656
NIFTY100 Alpha 30,20230228,9716.81,9716.81,9716.81,9716.81,433614400
NIFTY100 Alpha 30,20230301,9908.86,9908.86,9908.86,9908.86,192172080
NIFTY100 Alpha 30,20230302,9910.01,9910.01,9910.01,9910.01,244585248
NIFTY100 Alpha 30,20230303,10159.55,10159.55,10159.55,10159.55,256716688
NIFTY100 Alpha 30,20230306,10263.33,10263.33,10263.33,10263.33,227367856
NIFTY100 Alpha 30,20230308,10397.34,10397.34,10397.34,10397.34,188799488
NIFTY100 Alpha 30,20230309,10314.51,10314.51,10314.51,10314.51,166150064
NIFTY100 Alpha 30,20230310,10262.92,10262.92,10262.92,10262.92,153795376
NIFTY100 Alpha 30,20230313,10125.85,10125.85,10125.85,10125.85,165962672
NIFTY100 Alpha 30,20230314,10012.38,10012.38,10012.38,10012.38,199940848
NIFTY100 Alpha 30,20230315,10020.97,10020.97,10020.97,10020.97,169445168
NIFTY100 Alpha 30,20230316,10069.81,10069.81,10069.81,10069.81,200853856
NIFTY100 Alpha 30,20230317,10114.44,10114.44,10114.44,10114.44,277898880
NIFTY100 Alpha 30,20230320,10018.64,10018.64,10018.64,10018.64,149992224
NIFTY100 Alpha 30,20230321,10093.22,10093.22,10093.22,10093.22,176306400
NIFTY100 Alpha 30,20230322,10140.14,10140.14,10140.14,10140.14,135275904
NIFTY100 Alpha 30,20230323,10134.70,10134.70,10134.70,10134.70,155846288
NIFTY100 Alpha 30,20230324,10091.39,10091.39,10091.39,10091.39,168413536
NIFTY100 Alpha 30,20230327,10048.16,10048.16,10048.16,10048.16,201222160
NIFTY100 Alpha 30,20230328,9947.87,9947.87,9947.87,9947.87,195294928
NIFTY100 Alpha 30,20230329,10063.04,10063.04,10063.04,10063.04,290616736
NIFTY100 Alpha 30,20230331,10192.33,10192.33,10192.33,10192.33,234978544
NIFTY100 Alpha 30,20230403,10239.42,10239.42,10239.42,10239.42,171881920
NIFTY100 Alpha 30,20230405,10303.40,10303.40,10303.40,10303.40,201152144
NIFTY100 Alpha 30,20230406,10321.37,10321.37,10321.37,10321.37,202456896
NIFTY100 Alpha 30,20230410,10355.36,10355.36,10355.36,10355.36,153962064
NIFTY100 Alpha 30,20230411,10429.59,10429.59,10429.59,10429.59,210688272
NIFTY100 Alpha 30,20230412,10434.19,10434.19,10434.19,10434.19,160036672
NIFTY100 Alpha 30,20230413,10441.98,10441.98,10441.98,10441.98,201985632
NIFTY100 Alpha 30,20230417,10488.60,10488.60,10488.60,10488.60,234229472
NIFTY100 Alpha 30,20230418,10488.86,10488.86,10488.86,10488.86,200450752
NIFTY100 Alpha 30,20230419,10465.98,10465.98,10465.98,10465.98,176101328
NIFTY100 Alpha 30,20230420,10466.65,10466.65,10466.65,10466.65,169472032
NIFTY100 Alpha 30,20230421,10459.91,10459.91,10459.91,10459.91,146564816
NIFTY100 Alpha 30,20230424,10516.93,10516.93,10516.93,10516.93,172158720
NIFTY100 Alpha 30,20230425,10559.00,10559.00,10559.00,10559.00,240932208
NIFTY100 Alpha 30,20230426,10619.09,10619.09,10619.09,10619.09,167121456
NIFTY100 Alpha 30,20230427,10665.94,10665.94,10665.94,10665.94,170724432
NIFTY100 Alpha 30,20230428,10787.16,10787.16,10787.16,10787.16,201280416
NIFTY100 Alpha 30,20230502,10833.89,10833.89,10833.89,10833.89,158857616
NIFTY100 Alpha 30,20230503,10846.08,10846.08,10846.08,10846.08,167905168
NIFTY100 Alpha 30,20230504,10897.72,10897.72,10897.72,10897.72,174685648
NIFTY100 Alpha 30,20230505,10870.28,10870.28,10870.28,10870.28,184428000
NIFTY100 Alpha 30,20230508,10950.62,10950.62,10950.62,10950.62,176942976
NIFTY100 Alpha 30,20230509,10938.59,10938.59,10938.59,10938.59,193098304
NIFTY100 Alpha 30,20230510,11013.04,11013.04,11013.04,11013.04,188432416
NIFTY100 Alpha 30,20230511,11018.60,11018.60,11018.60,11018.60,182723056
NIFTY100 Alpha 30,20230512,11045.69,11045.69,11045.69,11045.69,146171872
NIFTY100 Alpha 30,20230515,11105.81,11105.81,11105.81,11105.81,133340992
NIFTY100 Alpha 30,20230516,11091.34,11091.34,11091.34,11091.34,196350880
NIFTY100 Alpha 30,20230517,11092.39,11092.39,11092.39,11092.39,187780848
NIFTY100 Alpha 30,20230518,10988.35,10988.35,10988.35,10988.35,233057024
NIFTY100 Alpha 30,20230519,10994.97,10994.97,10994.97,10994.97,181785024
NIFTY100 Alpha 30,20230522,11007.18,11007.18,11007.18,11007.18,189584448
NIFTY100 Alpha 30,20230523,11016.70,11016.70,11016.70,11016.70,156509760
NIFTY100 Alpha 30,20230524,11055.00,11055.00,11055.00,11055.00,146936336
NIFTY100 Alpha 30,20230525,11100.31,11100.31,11100.31,11100.31,156800608
NIFTY100 Alpha 30,20230526,11213.05,11213.05,11213.05,11213.05,126797808
NIFTY100 Alpha 30,20230529,11285.83,11285.83,11285.83,11285.83,157419088
NIFTY100 Alpha 30,20230530,11298.80,11298.80,11298.80,11298.80,146165824
NIFTY100 Alpha 30,20230531,11314.95,11314.95,11314.95,11314.95,358201312
NIFTY100 Alpha 30,20230601,11245.51,11245.51,11245.51,11245.51,194831936
NIFTY100 Alpha 30,20230602,11328.94,11328.94,11328.94,11328.94,158066768
NIFTY100 Alpha 30,20230605,11409.80,11409.80,11409.80,11409.80,183750352
NIFTY100 Alpha 30,20230606,11480.81,11480.81,11480.81,11480.81,148039856
NIFTY100 Alpha 30,20230607,11565.76,11565.76,11565.76,11565.76,158436352
NIFTY100 Alpha 30,20230608,11493.99,11493.99,11493.99,11493.99,176609136
NIFTY100 Alpha 30,20230609,11508.48,11508.48,11508.48,11508.48,147971504
NIFTY100 Alpha 30,20230612,11526.01,11526.01,11526.01,11526.01,124024520
NIFTY100 Alpha 30,20230613,11605.69,11605.69,11605.69,11605.69,143747616
NIFTY100 Alpha 30,20230614,11630.59,11630.59,11630.59,11630.59,133299704
NIFTY100 Alpha 30,20230615,11624.51,11624.51,11624.51,11624.51,166783328
NIFTY100 Alpha 30,20230616,11731.22,11731.22,11731.22,11731.22,166236992
NIFTY100 Alpha 30,20230619,11689.98,11689.98,11689.98,11689.98,157738384
