NIFTY Midcap 100,20180402,18833.30,19110.90,18813.15,19097.40,232273456
NIFTY Midcap 100,20180403,19054.50,19275.45,19046.00,19266.05,313757664
NIFTY Midcap 100,20180404,19345.55,19425.75,19020.90,19040.85,400497344
NIFTY Midcap 100,20180405,19276.95,19430.35,19275.00,19418.95,315729632
NIFTY Midcap 100,20180406,19420.90,19536.65,19352.80,19519.25,402337696
NIFTY Midcap 100,20180409,19562.00,19649.55,19539.70,19594.70,307143104
NIFTY Midcap 100,20180410,19671.95,19698.75,19552.35,19630.95,315130048
NIFTY Midcap 100,20180411,19679.75,19683.25,19500.65,19633.20,320491872
NIFTY Midcap 100,20180412,19620.75,19683.35,19515.40,19571.55,374222240
NIFTY Midcap 100,20180413,19627.85,19738.20,19577.00,19676.20,307011360
NIFTY Midcap 100,20180416,19570.80,19849.75,19532.20,19834.35,302774016
NIFTY Midcap 100,20180417,19894.40,19936.35,19780.75,19860.25,273893952
NIFTY Midcap 100,20180418,19932.05,19937.10,19783.50,19841.45,338582720
NIFTY Midcap 100,20180419,19916.40,19989.55,19851.15,19974.10,314266400
NIFTY Midcap 100,20180420,19933.25,19935.70,19794.75,19905.75,329456864
NIFTY Midcap 100,20180423,19915.75,20051.25,19875.25,20006.45,264215360
NIFTY Midcap 100,20180424,20049.20,20102.05,19945.10,19994.15,322044800
NIFTY Midcap 100,20180425,19961.20,20043.40,19850.60,19912.90,315723872
NIFTY Midcap 100,20180426,19986.85,20001.40,19892.65,19987.00,442527264
NIFTY Midcap 100,20180427,20055.70,20179.40,20050.20,20120.80,318988800
NIFTY Midcap 100,20180430,20184.00,20301.80,20158.20,20290.30,361814784
NIFTY Midcap 100,20180502,20328.65,20328.85,19894.45,19987.75,400386432
NIFTY Midcap 100,20180503,19957.95,19959.75,19647.55,19775.00,455100096
NIFTY Midcap 100,20180504,19759.95,19815.00,19659.80,19720.00,422085472
NIFTY Midcap 100,20180507,19787.80,19883.70,19710.85,19867.75,406282560
NIFTY Midcap 100,20180508,19914.20,19920.20,19764.25,19839.05,444414176
NIFTY Midcap 100,20180509,19805.35,19841.85,19722.05,19733.85,325971456
NIFTY Midcap 100,20180510,19734.70,19744.30,19398.50,19423.90,436337504
NIFTY Midcap 100,20180511,19485.20,19536.25,19357.25,19507.10,341671232
NIFTY Midcap 100,20180514,19481.80,19485.45,19244.30,19275.25,370995936
NIFTY Midcap 100,20180515,19225.55,19449.15,18999.25,19097.10,377084608
NIFTY Midcap 100,20180516,19022.10,19147.60,18896.65,19082.90,337802944
NIFTY Midcap 100,20180517,19148.15,19209.05,19071.05,19153.30,293924960
NIFTY Midcap 100,20180518,19134.70,19142.80,18839.45,18891.80,288539424
NIFTY Midcap 100,20180521,18863.60,18891.95,18544.10,18571.25,269717568
NIFTY Midcap 100,20180522,18568.25,18664.85,18427.00,18619.20,276185792
NIFTY Midcap 100,20180523,18595.95,18683.70,18474.50,18506.80,289474976
NIFTY Midcap 100,20180524,18553.90,18591.60,18328.55,18427.65,251192304
NIFTY Midcap 100,20180525,18461.85,18819.60,18437.15,18787.40,279652288
NIFTY Midcap 100,20180528,18898.10,19060.95,18843.15,19051.55,300512544
NIFTY Midcap 100,20180529,19059.05,19138.35,18901.95,18985.05,255306080
NIFTY Midcap 100,20180530,18853.95,19023.75,18824.10,18975.30,278637472
NIFTY Midcap 100,20180531,19049.15,19065.30,18865.95,18903.30,604714688
NIFTY Midcap 100,20180601,18884.60,18914.55,18577.95,18638.40,480550112
NIFTY Midcap 100,20180604,18712.50,18731.60,18372.40,18428.10,297655904
NIFTY Midcap 100,20180605,18457.20,18458.25,18033.55,18194.60,477365888
NIFTY Midcap 100,20180606,18183.75,18486.95,18102.90,18452.70,340246560
NIFTY Midcap 100,20180607,18564.70,18768.90,18532.60,18734.15,362296672
NIFTY Midcap 100,20180608,18686.30,18852.65,18625.25,18830.60,263835648
NIFTY Midcap 100,20180611,18879.75,18987.00,18800.00,18825.10,306926944
NIFTY Midcap 100,20180612,18851.90,19003.10,18841.75,18985.50,237325024
NIFTY Midcap 100,20180613,19054.60,19115.60,18905.50,18919.45,329273632
NIFTY Midcap 100,20180614,18904.40,18943.25,18830.80,18934.20,276466912
NIFTY Midcap 100,20180615,18945.90,18996.85,18772.50,18812.60,305951552
NIFTY Midcap 100,20180618,18795.30,18863.80,18696.95,18746.60,224908848
NIFTY Midcap 100,20180619,18692.30,18715.75,18452.80,18518.10,240749808
NIFTY Midcap 100,20180620,18545.35,18635.85,18500.10,18613.30,202062912
NIFTY Midcap 100,20180621,18669.20,18678.90,18476.65,18507.20,209953456
NIFTY Midcap 100,20180622,18509.65,18607.70,18404.00,18595.85,259955264
NIFTY Midcap 100,20180625,18595.25,18685.60,18452.35,18494.80,250411616
NIFTY Midcap 100,20180626,18443.90,18524.95,18411.80,18460.10,302836352
NIFTY Midcap 100,20180627,18488.50,18488.50,18091.10,18182.75,330171552
NIFTY Midcap 100,20180628,18155.85,18156.00,17813.75,17844.65,615679296
NIFTY Midcap 100,20180629,17937.10,18196.95,17936.35,18181.30,330437280
NIFTY Midcap 100,20180702,18271.35,18271.35,17926.50,18063.75,344792448
NIFTY Midcap 100,20180703,18027.65,18242.85,17959.30,18229.80,297910464
NIFTY Midcap 100,20180704,18240.75,18280.45,18142.90,18255.80,255089344
NIFTY Midcap 100,20180705,18276.60,18281.70,18098.40,18128.10,232951888
NIFTY Midcap 100,20180706,18104.30,18303.40,18078.70,18222.05,266438016
NIFTY Midcap 100,20180709,18323.10,18530.40,18313.80,18512.95,284310752
NIFTY Midcap 100,20180710,18591.35,18666.20,18573.50,18646.20,286286048
NIFTY Midcap 100,20180711,18636.40,18732.00,18533.75,18555.05,450144960
NIFTY Midcap 100,20180712,18651.55,18715.50,18430.85,18473.85,403239360
NIFTY Midcap 100,20180713,18525.75,18528.00,18226.80,18263.00,390324128
NIFTY Midcap 100,20180716,18255.85,18255.85,17772.40,17794.00,410692064
NIFTY Midcap 100,20180717,17776.20,18217.65,17700.90,18209.10,496399296
NIFTY Midcap 100,20180718,18296.90,18332.25,17895.25,18017.95,412302816
NIFTY Midcap 100,20180719,18025.80,18031.75,17730.60,17887.45,366502048
NIFTY Midcap 100,20180720,17854.75,18073.15,17787.35,18055.15,394374880
NIFTY Midcap 100,20180723,18105.95,18266.70,17992.75,18255.20,429020288
NIFTY Midcap 100,20180724,18297.10,18512.75,18268.05,18496.70,474278528
NIFTY Midcap 100,20180725,18549.05,18609.05,18476.15,18505.25,428476160
NIFTY Midcap 100,20180726,18535.95,18645.55,18514.85,18614.25,542505920
NIFTY Midcap 100,20180727,18692.05,18846.05,18691.75,18781.45,353886304
NIFTY Midcap 100,20180730,18815.85,18839.05,18700.35,18801.85,406626496
NIFTY Midcap 100,20180731,18829.90,18897.00,18774.80,18876.90,431301792
NIFTY Midcap 100,20180801,18936.35,18999.00,18837.70,18905.25,415134176
NIFTY Midcap 100,20180802,18907.60,19024.15,18742.35,18926.45,377398912
NIFTY Midcap 100,20180803,19009.65,19137.80,19002.90,19112.70,355022720
NIFTY Midcap 100,20180806,19201.65,19245.25,19114.70,19199.20,351795904
NIFTY Midcap 100,20180807,19267.30,19274.75,19054.65,19145.55,392119488
NIFTY Midcap 100,20180808,19172.45,19218.40,19086.45,19142.80,363454528
NIFTY Midcap 100,20180809,19226.25,19270.90,19148.05,19236.70,425810208
NIFTY Midcap 100,20180810,19278.65,19322.55,19111.25,19135.95,372887264
NIFTY Midcap 100,20180813,19026.95,19136.20,18929.35,19012.40,314729792
NIFTY Midcap 100,20180814,19066.75,19255.10,19043.25,19239.20,315729664
NIFTY Midcap 100,20180816,19173.70,19308.25,19131.65,19221.25,338153984
NIFTY Midcap 100,20180817,19311.20,19458.45,19302.55,19443.00,381442432
NIFTY Midcap 100,20180820,19524.65,19620.90,19504.25,19598.40,363694112
NIFTY Midcap 100,20180821,19654.60,19665.75,19557.25,19634.05,289387392
NIFTY Midcap 100,20180823,19687.75,19687.75,19496.95,19599.50,278005344
NIFTY Midcap 100,20180824,19579.40,19661.95,19435.30,19542.05,310097152
NIFTY Midcap 100,20180827,19660.50,19814.60,19642.70,19773.85,292185056
NIFTY Midcap 100,20180828,19816.35,19859.20,19687.50,19718.40,355360192
NIFTY Midcap 100,20180829,19756.70,19922.00,19744.65,19826.70,395165952
NIFTY Midcap 100,20180830,19840.60,19911.10,19769.40,19851.85,411348864
NIFTY Midcap 100,20180831,19857.75,20005.85,19794.70,19920.45,400390080
NIFTY Midcap 100,20180903,20015.20,20088.05,19833.45,19866.70,353625088
NIFTY Midcap 100,20180904,19888.80,19914.15,19280.70,19326.90,367236704
NIFTY Midcap 100,20180905,19298.15,19381.00,18961.55,19245.55,359140224
NIFTY Midcap 100,20180906,19361.35,19388.65,19155.20,19327.05,313076096
NIFTY Midcap 100,20180907,19354.65,19602.35,19245.35,19579.25,278409376
NIFTY Midcap 100,20180910,19570.85,19634.85,19206.75,19241.85,286317760
NIFTY Midcap 100,20180911,19286.65,19353.05,18959.10,18983.05,280007328
NIFTY Midcap 100,20180912,19006.20,19079.20,18763.30,19046.55,303238176
NIFTY Midcap 100,20180914,19184.85,19396.50,19184.85,19389.15,237592544
NIFTY Midcap 100,20180917,19316.15,19350.35,19160.15,19262.75,328234176
NIFTY Midcap 100,20180918,19276.10,19358.60,18965.55,18992.75,312087872
NIFTY Midcap 100,20180919,19078.00,19119.55,18713.15,18816.75,294533856
NIFTY Midcap 100,20180921,18951.80,18988.35,17430.45,18347.50,683081984
NIFTY Midcap 100,20180924,18364.60,18389.40,17772.20,17847.90,457260480
NIFTY Midcap 100,20180925,17800.70,17979.10,17542.30,17864.50,554444800
NIFTY Midcap 100,20180926,17972.40,18028.80,17791.70,17920.75,394771680
NIFTY Midcap 100,20180927,17915.75,17927.20,17493.65,17509.85,400509536
NIFTY Midcap 100,20180928,17576.35,17626.20,16972.70,17154.35,496917120
NIFTY Midcap 100,20181001,17090.45,17312.55,16682.15,17285.30,417466720
NIFTY Midcap 100,20181003,17231.50,17341.65,17044.20,17085.75,415900416
NIFTY Midcap 100,20181004,16830.15,16963.95,16576.60,16736.50,366171712
NIFTY Midcap 100,20181005,16640.35,16733.95,16212.80,16299.75,355793440
NIFTY Midcap 100,20181008,16205.45,16328.60,15823.70,16055.40,432192928
NIFTY Midcap 100,20181009,16090.75,16151.00,15802.95,16003.75,351776000
NIFTY Midcap 100,20181010,16062.55,16686.35,16060.55,16666.50,419194720
NIFTY Midcap 100,20181011,16090.85,16582.70,16010.25,16277.15,394347456
NIFTY Midcap 100,20181012,16471.15,16806.10,16469.80,16746.00,401085536
NIFTY Midcap 100,20181015,16880.25,16921.40,16708.05,16902.10,326854400
NIFTY Midcap 100,20181016,17012.05,17177.65,17001.85,17163.50,355955712
NIFTY Midcap 100,20181017,17365.25,17387.15,16743.00,16774.90,372911072
NIFTY Midcap 100,20181019,16634.70,16772.55,16328.60,16514.95,367462688
NIFTY Midcap 100,20181022,16613.05,16634.85,16267.90,16308.15,312469280
NIFTY Midcap 100,20181023,16163.60,16327.50,16022.00,16167.50,313189184
NIFTY Midcap 100,20181024,16303.30,16412.05,16156.45,16378.50,295832160
NIFTY Midcap 100,20181025,16191.40,16354.15,16087.90,16276.05,464829792
NIFTY Midcap 100,20181026,16261.95,16432.90,16014.25,16256.60,342448096
NIFTY Midcap 100,20181029,16340.95,16765.05,16249.15,16750.05,439907840
NIFTY Midcap 100,20181030,16777.10,16940.80,16731.70,16865.80,463883040
NIFTY Midcap 100,20181031,16953.00,17195.70,16792.95,17189.15,390794016
NIFTY Midcap 100,20181101,17257.30,17421.75,17234.85,17338.95,419343648
NIFTY Midcap 100,20181102,17505.85,17660.85,17379.50,17430.95,558715008
NIFTY Midcap 100,20181105,17412.80,17529.05,17275.95,17363.20,426472992
NIFTY Midcap 100,20181106,17403.40,17465.20,17234.55,17265.65,330009728
NIFTY Midcap 100,20181107,17403.55,17423.00,17361.85,17400.20,52139920
NIFTY Midcap 100,20181109,17417.30,17625.05,17359.65,17605.50,353968192
NIFTY Midcap 100,20181112,17651.50,17705.80,17413.35,17439.25,319030112
NIFTY Midcap 100,20181113,17382.35,17503.65,17209.95,17489.60,338294464
NIFTY Midcap 100,20181114,17608.10,17625.55,17418.65,17483.90,320525984
NIFTY Midcap 100,20181115,17499.60,17596.00,17359.45,17568.65,281407552
NIFTY Midcap 100,20181116,17595.40,17632.50,17419.70,17507.85,315939328
NIFTY Midcap 100,20181119,17557.50,17625.35,17466.35,17591.95,265805888
NIFTY Midcap 100,20181120,17551.05,17629.65,17384.10,17419.90,294551328
NIFTY Midcap 100,20181121,17446.85,17524.20,17334.30,17507.15,271202016
NIFTY Midcap 100,20181122,17552.10,17581.60,17325.95,17347.20,267240704
NIFTY Midcap 100,20181126,17415.05,17443.55,17235.10,17380.95,271147232
NIFTY Midcap 100,20181127,17383.45,17486.70,17368.25,17469.40,256740320
NIFTY Midcap 100,20181128,17492.80,17518.40,17278.80,17305.20,321324960
NIFTY Midcap 100,20181129,17389.35,17411.45,17304.30,17394.20,396108768
NIFTY Midcap 100,20181130,17452.15,17526.80,17429.20,17503.60,366598080
NIFTY Midcap 100,20181203,17592.45,17686.95,17537.35,17629.95,358149600
NIFTY Midcap 100,20181204,17650.15,17675.15,17565.70,17588.55,273739840
NIFTY Midcap 100,20181205,17494.20,17512.10,17248.35,17331.20,294673984
NIFTY Midcap 100,20181206,17216.60,17217.35,17027.20,17050.40,341449856
NIFTY Midcap 100,20181207,17115.55,17167.05,16929.90,17054.50,313998432
NIFTY Midcap 100,20181210,16726.05,16797.70,16640.90,16693.70,272209056
NIFTY Midcap 100,20181211,16441.65,17011.60,16435.30,16972.05,309352320
NIFTY Midcap 100,20181212,17042.65,17431.90,17039.65,17419.80,345958048
NIFTY Midcap 100,20181213,17523.40,17656.85,17412.85,17539.55,350577664
NIFTY Midcap 100,20181214,17514.25,17625.85,17449.35,17591.60,365757152
NIFTY Midcap 100,20181217,17650.30,17713.05,17592.90,17672.30,226572480
NIFTY Midcap 100,20181218,17624.45,17748.40,17603.60,17738.50,313221184
NIFTY Midcap 100,20181219,17818.60,17989.00,17812.50,17968.20,407763552
NIFTY Midcap 100,20181220,17865.30,18037.90,17825.30,17989.15,340215872
NIFTY Midcap 100,20181221,18035.45,18095.00,17680.85,17704.80,335028032
NIFTY Midcap 100,20181224,17751.35,17759.45,17562.35,17587.65,291857344
NIFTY Midcap 100,20181226,17529.40,17612.45,17228.15,17572.60,304641408
NIFTY Midcap 100,20181227,17704.10,17731.25,17576.35,17631.05,419893504
NIFTY Midcap 100,20181228,17703.85,17820.25,17693.90,17792.85,304492736
NIFTY Midcap 100,20181231,17878.85,17924.60,17832.45,17875.50,229509856
NIFTY Midcap 100,20190101,17910.10,17912.75,17809.95,17893.50,170513008
NIFTY Midcap 100,20190102,17853.75,17937.65,17653.85,17676.85,259300640
NIFTY Midcap 100,20190103,17688.05,17786.55,17510.60,17530.25,240181264
NIFTY Midcap 100,20190104,17563.20,17661.20,17458.00,17636.60,299590912
NIFTY Midcap 100,20190107,17759.95,17777.50,17623.45,17658.15,266297120
NIFTY Midcap 100,20190108,17655.30,17677.25,17592.60,17634.40,272679200
NIFTY Midcap 100,20190109,17700.15,17724.05,17509.75,17621.30,313183360
NIFTY Midcap 100,20190110,17633.40,17739.55,17610.60,17691.15,225532432
NIFTY Midcap 100,20190111,17710.95,17735.95,17591.55,17655.65,187083664
NIFTY Midcap 100,20190114,17625.60,17631.20,17496.80,17587.50,226315856
NIFTY Midcap 100,20190115,17643.05,17721.90,17638.55,17705.05,236484464
NIFTY Midcap 100,20190116,17718.25,17833.20,17662.60,17685.85,246431216
NIFTY Midcap 100,20190117,17727.80,17770.15,17574.80,17635.85,285692352
NIFTY Midcap 100,20190118,17677.90,17682.95,17492.15,17517.20,226614240
NIFTY Midcap 100,20190121,17544.90,17562.50,17348.25,17378.20,269550496
NIFTY Midcap 100,20190122,17348.65,17371.60,17196.90,17359.15,270654688
NIFTY Midcap 100,20190123,17377.40,17459.40,17319.75,17340.00,245758320
NIFTY Midcap 100,20190124,17370.45,17388.30,17241.40,17281.15,202798304
NIFTY Midcap 100,20190125,17325.50,17367.60,16955.50,17012.50,372258688
NIFTY Midcap 100,20190128,16986.95,16991.60,16588.50,16655.65,480470784
NIFTY Midcap 100,20190129,16596.90,16772.35,16543.70,16706.55,412612096
NIFTY Midcap 100,20190130,16765.85,16808.10,16658.75,16792.30,360981504
NIFTY Midcap 100,20190131,16857.65,16924.95,16708.05,16904.75,492692736
NIFTY Midcap 100,20190201,16977.50,17140.20,16819.30,16990.25,411358944
NIFTY Midcap 100,20190204,16969.50,16969.50,16709.50,16840.00,541025920
NIFTY Midcap 100,20190205,16845.50,16926.25,16638.05,16710.00,699125696
NIFTY Midcap 100,20190206,16722.25,16750.05,16519.85,16720.80,778456320
NIFTY Midcap 100,20190207,16718.15,16913.00,16709.45,16845.00,829727808
NIFTY Midcap 100,20190208,16787.95,16832.65,16572.10,16597.20,610607232
NIFTY Midcap 100,20190211,16575.90,16578.45,16292.15,16319.60,425767968
NIFTY Midcap 100,20190212,16320.95,16414.35,16285.40,16328.15,411614432
NIFTY Midcap 100,20190213,16390.00,16445.45,16239.15,16273.55,403944608
NIFTY Midcap 100,20190214,16248.05,16388.90,16164.60,16372.25,480297376
NIFTY Midcap 100,20190215,16364.85,16364.85,16102.75,16214.65,380854336
NIFTY Midcap 100,20190218,16204.00,16234.75,16044.85,16063.35,460662496
NIFTY Midcap 100,20190219,16074.60,16258.50,16069.90,16132.75,376980864
NIFTY Midcap 100,20190220,16210.65,16324.80,16180.50,16299.65,370559360
NIFTY Midcap 100,20190221,16362.50,16490.35,16305.90,16476.30,474975488
NIFTY Midcap 100,20190222,16477.25,16561.10,16469.95,16543.15,423973440
NIFTY Midcap 100,20190225,16606.20,16632.45,16552.45,16601.90,338867904
NIFTY Midcap 100,20190226,16435.65,16644.05,16222.00,16578.50,426600128
NIFTY Midcap 100,20190227,16667.45,16859.60,16499.65,16645.40,436981568
NIFTY Midcap 100,20190228,16719.80,16745.25,16603.20,16721.10,454324448
NIFTY Midcap 100,20190301,16787.35,16974.80,16781.05,16962.45,557154560
NIFTY Midcap 100,20190305,16990.35,17372.65,16974.00,17363.65,608457984
NIFTY Midcap 100,20190306,17469.75,17563.45,17392.40,17463.90,561849152
NIFTY Midcap 100,20190307,17515.45,17522.85,17390.05,17411.75,492930016
NIFTY Midcap 100,20190308,17407.20,17443.05,17291.45,17379.15,378137984
NIFTY Midcap 100,20190311,17427.40,17763.40,17426.40,17750.45,430436608
NIFTY Midcap 100,20190312,17846.35,17952.30,17785.25,17831.95,419375776
NIFTY Midcap 100,20190313,17855.95,17873.65,17703.25,17733.45,345109312
NIFTY Midcap 100,20190314,17783.20,17843.55,17669.55,17748.50,450922880
NIFTY Midcap 100,20190315,17809.10,17905.30,17804.15,17863.25,650675136
NIFTY Midcap 100,20190318,17932.30,17965.40,17770.35,17814.40,468919936
NIFTY Midcap 100,20190319,17900.50,17971.80,17828.85,17936.95,559839936
NIFTY Midcap 100,20190320,17969.10,17969.70,17820.20,17847.00,454466464
NIFTY Midcap 100,20190322,17875.25,17949.40,17717.45,17741.15,402320576
NIFTY Midcap 100,20190325,17615.50,17664.00,17518.40,17606.15,399801472
NIFTY Midcap 100,20190326,17664.60,17818.50,17645.00,17806.25,523163168
NIFTY Midcap 100,20190327,17881.80,17991.65,17848.95,17898.50,524192320
NIFTY Midcap 100,20190328,17954.80,18131.60,17929.70,18083.45,565253632
NIFTY Midcap 100,20190329,18164.55,18269.70,18148.20,18258.50,643896256
NIFTY Midcap 100,20190401,18334.70,18449.35,18294.35,18333.05,453832608
NIFTY Midcap 100,20190402,18387.15,18405.00,18248.50,18338.90,500043808
NIFTY Midcap 100,20190403,18394.50,18463.05,18108.50,18136.20,438213696
NIFTY Midcap 100,20190404,18166.95,18193.40,18024.10,18098.75,410664160
NIFTY Midcap 100,20190405,18152.70,18268.30,18145.70,18246.35,342420032
NIFTY Midcap 100,20190408,18314.10,18316.35,18026.20,18101.75,328147904
NIFTY Midcap 100,20190409,18115.95,18140.70,17936.65,18127.05,339592832
NIFTY Midcap 100,20190410,18105.30,18181.00,18049.80,18075.65,297918336
NIFTY Midcap 100,20190411,18090.00,18131.05,17988.65,18091.95,337800000
NIFTY Midcap 100,20190412,18111.85,18183.30,18093.55,18167.90,309989216
NIFTY Midcap 100,20190415,18223.15,18289.30,18199.85,18253.50,257759712
NIFTY Midcap 100,20190416,18296.95,18321.65,18235.15,18248.45,246262016
NIFTY Midcap 100,20190418,18298.65,18304.60,18033.25,18077.85,396253600
NIFTY Midcap 100,20190422,18038.85,18039.00,17734.35,17761.25,334211296
NIFTY Midcap 100,20190423,17777.85,17862.40,17697.00,17779.05,394217056
NIFTY Midcap 100,20190424,17830.95,17865.00,17720.05,17844.45,357880672
NIFTY Midcap 100,20190425,17880.85,17953.25,17757.05,17774.80,383308224
NIFTY Midcap 100,20190426,17828.85,17848.70,17646.30,17727.95,351819200
NIFTY Midcap 100,20190430,17719.40,17722.55,17426.40,17566.40,470928256
NIFTY Midcap 100,20190502,17512.50,17603.95,17411.20,17460.50,506433120
NIFTY Midcap 100,20190503,17475.80,17558.85,17407.50,17465.00,449143744
NIFTY Midcap 100,20190506,17348.00,17413.80,17294.90,17335.75,405454752
NIFTY Midcap 100,20190507,17412.60,17442.10,17114.90,17133.80,371724992
NIFTY Midcap 100,20190508,17074.40,17119.85,16940.55,16965.20,391271104
NIFTY Midcap 100,20190509,16934.70,16992.60,16835.95,16950.60,366838304
NIFTY Midcap 100,20190510,16963.85,17080.65,16950.25,17029.45,311705216
NIFTY Midcap 100,20190513,16985.25,16994.60,16631.00,16656.60,362617728
NIFTY Midcap 100,20190514,16624.00,16788.45,16457.80,16737.25,454251232
NIFTY Midcap 100,20190515,16781.75,16835.25,16590.35,16624.10,346401440
NIFTY Midcap 100,20190516,16651.00,16701.25,16518.70,16673.45,358720160
NIFTY Midcap 100,20190517,16682.25,16888.85,16656.50,16875.40,352217760
NIFTY Midcap 100,20190520,17310.40,17576.15,17233.20,17561.95,534555904
NIFTY Midcap 100,20190521,17615.25,17626.45,17313.60,17360.95,373306336
NIFTY Midcap 100,20190522,17378.75,17392.85,17171.75,17348.15,487472768
NIFTY Midcap 100,20190523,17599.05,17784.35,17269.70,17318.10,662868096
NIFTY Midcap 100,20190524,17408.05,17724.75,17334.15,17699.80,521580448
NIFTY Midcap 100,20190527,17749.20,18006.10,17721.05,17995.75,418943456
NIFTY Midcap 100,20190528,18048.80,18067.85,17943.10,17993.95,624928448
NIFTY Midcap 100,20190529,17981.25,17985.85,17818.15,17856.25,378594912
NIFTY Midcap 100,20190530,17883.90,18014.10,17853.25,17997.25,445780096
NIFTY Midcap 100,20190531,18048.45,18141.45,17849.90,17959.05,451786688
NIFTY Midcap 100,20190603,17968.05,18151.15,17880.45,18132.35,350083392
NIFTY Midcap 100,20190604,18101.10,18261.85,18085.65,18118.75,383442272
NIFTY Midcap 100,20190606,18113.20,18113.20,17793.10,17819.40,502515776
NIFTY Midcap 100,20190607,17817.30,17888.95,17616.00,17781.85,534144544
NIFTY Midcap 100,20190610,17870.55,17931.10,17705.90,17791.30,595608832
NIFTY Midcap 100,20190611,17827.45,17934.45,17715.60,17912.00,476857120
NIFTY Midcap 100,20190612,17896.65,17918.40,17759.20,17770.20,375610048
NIFTY Midcap 100,20190613,17727.70,17754.65,17542.00,17727.20,400806976
NIFTY Midcap 100,20190614,17706.10,17731.70,17516.60,17564.55,373816320
NIFTY Midcap 100,20190617,17568.95,17572.55,17338.55,17358.95,386338432
NIFTY Midcap 100,20190618,17368.60,17464.45,17264.10,17331.40,435961952
NIFTY Midcap 100,20190619,17410.25,17479.90,17060.65,17145.10,608383872
NIFTY Midcap 100,20190620,17149.70,17449.35,17043.05,17427.10,534275104
NIFTY Midcap 100,20190621,17420.75,17445.55,17286.05,17412.45,482721536
NIFTY Midcap 100,20190624,17406.95,17435.95,17310.70,17353.00,402656960
NIFTY Midcap 100,20190625,17327.70,17485.55,17298.40,17473.45,464567648
NIFTY Midcap 100,20190626,17443.85,17655.10,17425.30,17644.15,583171904
NIFTY Midcap 100,20190627,17667.00,17748.90,17634.30,17717.55,583180672
NIFTY Midcap 100,20190628,17733.45,17744.90,17616.85,17654.10,530530112
NIFTY Midcap 100,20190701,17706.95,17762.40,17646.10,17684.35,455049888
NIFTY Midcap 100,20190702,17736.85,17764.45,17598.35,17750.30,503778784
NIFTY Midcap 100,20190703,17775.25,17841.95,17734.70,17820.05,384367136
NIFTY Midcap 100,20190704,17845.20,17902.75,17794.35,17814.10,355732320
NIFTY Midcap 100,20190705,17859.00,17864.20,17492.55,17529.70,383829984
NIFTY Midcap 100,20190708,17421.95,17439.55,17001.55,17056.25,427218368
NIFTY Midcap 100,20190709,17009.35,17140.90,16920.75,17118.10,456352896
NIFTY Midcap 100,20190710,17134.90,17201.20,16924.35,16942.65,363291968
NIFTY Midcap 100,20190711,17010.90,17080.75,16950.65,17067.05,407279520
NIFTY Midcap 100,20190712,17087.25,17234.65,17069.65,17146.25,522399200
NIFTY Midcap 100,20190715,17179.65,17192.35,16919.60,17008.45,370243776
NIFTY Midcap 100,20190716,17012.10,17145.05,16969.60,17136.65,387969056
NIFTY Midcap 100,20190717,17149.70,17195.55,17030.35,17080.10,383018080
NIFTY Midcap 100,20190718,17056.30,17058.60,16775.70,16791.00,376277536
NIFTY Midcap 100,20190719,16851.05,16877.30,16393.35,16430.10,440137632
NIFTY Midcap 100,20190722,16393.05,16397.70,16179.10,16337.10,376717376
NIFTY Midcap 100,20190723,16367.70,16395.60,16178.45,16243.70,434554752
NIFTY Midcap 100,20190724,16241.75,16293.70,15974.35,16002.60,440595712
NIFTY Midcap 100,20190725,16003.80,16121.80,15993.25,16066.15,481254368
NIFTY Midcap 100,20190726,16061.95,16203.60,16015.90,16165.35,407117024
NIFTY Midcap 100,20190729,16159.05,16173.05,15975.30,16012.05,365830688
NIFTY Midcap 100,20190730,16030.05,16119.70,15678.75,15704.70,463104704
NIFTY Midcap 100,20190731,15620.20,15945.50,15509.90,15921.20,458841376
NIFTY Midcap 100,20190801,15860.60,15953.40,15611.20,15754.50,419580896
NIFTY Midcap 100,20190802,15659.00,15844.65,15495.95,15709.25,453597536
NIFTY Midcap 100,20190805,15581.65,15581.65,15297.60,15489.05,435835936
NIFTY Midcap 100,20190806,15409.20,15835.90,15408.50,15803.75,424431424
NIFTY Midcap 100,20190807,15825.45,15956.05,15659.70,15685.20,410980864
NIFTY Midcap 100,20190808,15721.50,15824.30,15598.85,15795.25,400131776
NIFTY Midcap 100,20190809,15869.90,16056.55,15868.35,15947.30,420918528
NIFTY Midcap 100,20190813,15961.40,15966.15,15579.35,15601.75,342842112
NIFTY Midcap 100,20190814,15687.20,15788.75,15575.55,15765.70,375306784
NIFTY Midcap 100,20190816,15702.00,15833.95,15595.00,15817.45,368865536
NIFTY Midcap 100,20190819,15861.85,15949.35,15827.90,15863.70,340459968
NIFTY Midcap 100,20190820,15883.25,15886.65,15639.80,15728.25,309425184
NIFTY Midcap 100,20190821,15714.95,15717.90,15446.60,15481.90,327377536
NIFTY Midcap 100,20190822,15432.05,15438.90,15134.10,15174.70,453211904
NIFTY Midcap 100,20190823,15130.15,15398.55,14975.75,15354.30,455968000
NIFTY Midcap 100,20190826,15610.45,15633.85,15237.10,15596.85,487850112
NIFTY Midcap 100,20190827,15660.30,15779.60,15621.70,15712.80,456460672
NIFTY Midcap 100,20190828,15727.05,15800.80,15508.05,15560.70,367501248
NIFTY Midcap 100,20190829,15534.45,15561.60,15355.65,15504.95,404474080
NIFTY Midcap 100,20190830,15560.05,15672.85,15457.90,15652.20,381442016
NIFTY Midcap 100,20190903,15545.40,15580.45,15341.75,15375.20,399902976
NIFTY Midcap 100,20190904,15375.65,15463.45,15254.15,15450.70,363799520
NIFTY Midcap 100,20190905,15484.50,15556.90,15456.65,15497.20,377652736
NIFTY Midcap 100,20190906,15540.30,15624.60,15489.35,15606.95,346998176
NIFTY Midcap 100,20190909,15612.05,15808.20,15558.80,15799.45,360890400
NIFTY Midcap 100,20190911,15825.40,15958.85,15825.10,15940.35,402648032
NIFTY Midcap 100,20190912,15995.65,16041.80,15869.50,15883.05,450760544
NIFTY Midcap 100,20190913,15932.70,15984.70,15759.05,15967.40,377527360
NIFTY Midcap 100,20190916,15892.90,16021.65,15866.10,15943.40,343623744
NIFTY Midcap 100,20190917,15961.35,16016.40,15599.70,15630.15,380575200
NIFTY Midcap 100,20190918,15704.20,15764.90,15579.35,15680.80,332065376
NIFTY Midcap 100,20190919,15702.45,15708.25,15379.00,15429.15,358370752
NIFTY Midcap 100,20190920,15477.75,16379.25,15336.85,16333.40,818785728
NIFTY Midcap 100,20190923,16558.75,16873.80,16551.15,16745.00,607327744
NIFTY Midcap 100,20190924,16800.15,16863.00,16557.55,16634.30,447656352
NIFTY Midcap 100,20190925,16592.70,16597.25,16273.95,16318.75,447281248
NIFTY Midcap 100,20190926,16348.20,16512.60,16338.65,16450.40,487017472
NIFTY Midcap 100,20190927,16450.90,16483.15,16244.00,16271.55,293594656
NIFTY Midcap 100,20190930,16283.65,16289.45,15894.85,16026.00,329544448
NIFTY Midcap 100,20191001,16052.15,16114.00,15504.30,15725.35,408018432
NIFTY Midcap 100,20191003,15668.55,15808.10,15587.40,15715.30,293769984
NIFTY Midcap 100,20191004,15790.15,15826.85,15544.45,15573.70,288562560
NIFTY Midcap 100,20191007,15577.15,15593.50,15410.15,15524.35,303842880
NIFTY Midcap 100,20191009,15538.50,15734.65,15433.10,15722.55,337201664
NIFTY Midcap 100,20191010,15686.45,15728.80,15521.65,15540.40,283722208
NIFTY Midcap 100,20191011,15586.05,15673.65,15453.65,15558.85,304203840
NIFTY Midcap 100,20191014,15593.65,15712.75,15567.25,15593.30,261207104
NIFTY Midcap 100,20191015,15610.65,15662.25,15535.10,15629.15,308012672
NIFTY Midcap 100,20191016,15669.95,15726.80,15559.80,15605.35,327559712
NIFTY Midcap 100,20191017,15625.15,15907.50,15583.80,15886.85,331350784
NIFTY Midcap 100,20191018,15901.00,16239.25,15892.25,16213.55,588181824
NIFTY Midcap 100,20191022,16210.00,16348.60,16191.50,16226.55,367064992
NIFTY Midcap 100,20191023,16238.80,16323.50,16134.05,16247.70,339989408
NIFTY Midcap 100,20191024,16301.05,16345.85,16132.25,16195.30,332843712
NIFTY Midcap 100,20191025,16228.20,16246.50,16092.25,16166.70,311605696
NIFTY Midcap 100,20191029,16298.35,16538.70,16252.40,16478.40,328405088
NIFTY Midcap 100,20191030,16563.40,16613.65,16487.00,16583.45,358646816
NIFTY Midcap 100,20191031,16650.55,16858.80,16640.75,16818.90,454525952
NIFTY Midcap 100,20191101,16845.20,16966.35,16830.80,16880.75,373111680
NIFTY Midcap 100,20191104,16938.45,17031.70,16848.50,16864.35,403811744
NIFTY Midcap 100,20191105,16911.45,16929.85,16660.45,16681.65,323382304
NIFTY Midcap 100,20191106,16693.75,16761.15,16622.10,16681.60,372583616
NIFTY Midcap 100,20191107,16797.65,16809.80,16717.20,16796.00,394534848
NIFTY Midcap 100,20191108,16822.70,16901.40,16694.00,16713.35,351718464
NIFTY Midcap 100,20191111,16720.85,16835.05,16692.40,16812.10,299207136
NIFTY Midcap 100,20191113,16834.20,16883.65,16663.45,16698.60,352478880
NIFTY Midcap 100,20191114,16726.65,16780.05,16607.65,16751.20,333085920
NIFTY Midcap 100,20191115,16796.80,16882.55,16771.50,16803.85,340548160
NIFTY Midcap 100,20191118,16850.75,16951.35,16821.25,16931.45,293859456
NIFTY Midcap 100,20191119,16961.15,16983.10,16894.60,16967.50,337701344
NIFTY Midcap 100,20191120,17020.45,17061.60,16953.65,16994.10,335371072
NIFTY Midcap 100,20191121,17019.45,17050.25,16848.30,16862.35,302642272
NIFTY Midcap 100,20191122,16885.80,16885.80,16760.15,16867.65,317832544
NIFTY Midcap 100,20191125,16897.00,17075.60,16887.25,17061.00,317764160
NIFTY Midcap 100,20191126,17122.25,17171.15,16888.40,16915.20,389714752
NIFTY Midcap 100,20191127,16947.15,17063.80,16926.65,17042.95,257451280
NIFTY Midcap 100,20191128,17076.75,17222.55,17055.35,17211.75,388340256
NIFTY Midcap 100,20191129,17234.05,17338.05,17134.80,17222.15,388510112
NIFTY Midcap 100,20191202,17232.75,17237.65,17021.15,17103.45,254808320
NIFTY Midcap 100,20191203,17134.80,17153.05,16876.10,16917.85,292433440
NIFTY Midcap 100,20191204,16875.30,17021.80,16827.05,17010.65,282177792
NIFTY Midcap 100,20191205,17047.55,17061.20,16944.75,16980.40,246889744
NIFTY Midcap 100,20191206,17028.05,17028.05,16671.10,16732.00,297676608
NIFTY Midcap 100,20191209,16750.75,16884.35,16638.60,16727.30,250248960
NIFTY Midcap 100,20191210,16726.45,16755.85,16479.95,16512.70,241812816
NIFTY Midcap 100,20191211,16536.95,16654.05,16512.85,16635.80,245103248
NIFTY Midcap 100,20191212,16698.30,16808.35,16675.35,16771.50,246507104
NIFTY Midcap 100,20191213,16826.40,16947.05,16822.15,16932.40,332794432
NIFTY Midcap 100,20191216,16981.75,16996.95,16821.25,16842.10,242068560
NIFTY Midcap 100,20191217,16887.15,16956.00,16840.85,16938.95,298033856
NIFTY Midcap 100,20191218,16965.70,16978.25,16826.85,16892.75,267577856
NIFTY Midcap 100,20191219,16883.45,16940.35,16840.60,16905.30,250421488
NIFTY Midcap 100,20191220,16917.65,16973.40,16886.60,16906.45,296736704
NIFTY Midcap 100,20191223,16907.65,16984.80,16829.65,16877.45,251392384
NIFTY Midcap 100,20191224,16906.05,16928.20,16834.20,16852.05,206630640
NIFTY Midcap 100,20191226,16877.30,16889.55,16840.50,16863.55,269404928
NIFTY Midcap 100,20191227,16906.95,17019.60,16903.85,17006.30,240920512
NIFTY Midcap 100,20191230,17031.35,17095.45,17012.55,17078.80,205303936
NIFTY Midcap 100,20191231,17084.20,17149.50,17068.90,17102.50,197508704
NIFTY Midcap 100,20200101,17142.20,17175.35,17088.50,17143.25,188423616
NIFTY Midcap 100,20200102,17172.75,17395.10,17158.30,17391.15,381453632
NIFTY Midcap 100,20200103,17379.75,17411.05,17239.65,17291.85,303566304
NIFTY Midcap 100,20200106,17216.90,17227.55,16888.90,16904.50,274701408
NIFTY Midcap 100,20200107,17015.75,17159.65,16928.30,17021.55,290570816
NIFTY Midcap 100,20200108,16869.40,17089.20,16821.85,17074.30,312630560
NIFTY Midcap 100,20200109,17233.05,17349.90,17228.15,17319.65,322377632
NIFTY Midcap 100,20200110,17376.15,17496.60,17355.80,17386.35,315449376
NIFTY Midcap 100,20200113,17459.90,17543.80,17455.95,17527.50,238901552
NIFTY Midcap 100,20200114,17562.40,17663.05,17532.35,17651.65,289631104
NIFTY Midcap 100,20200115,17655.75,17852.55,17623.65,17836.10,342293536
NIFTY Midcap 100,20200116,17892.15,18000.05,17888.65,17985.10,349430400
NIFTY Midcap 100,20200117,17989.70,18113.30,17948.70,18073.90,270097088
NIFTY Midcap 100,20200120,18132.55,18136.70,17954.00,17972.75,286031744
NIFTY Midcap 100,20200121,17906.80,18025.85,17890.60,17952.05,287829856
NIFTY Midcap 100,20200122,18045.10,18047.80,17898.90,17931.00,247389168
NIFTY Midcap 100,20200123,17953.30,18235.65,17946.45,18190.00,309367904
NIFTY Midcap 100,20200124,18210.85,18401.55,18160.60,18357.20,280660896
NIFTY Midcap 100,20200127,18307.70,18495.90,18261.40,18291.35,269847552
NIFTY Midcap 100,20200128,18308.75,18373.90,18176.00,18232.40,255784096
NIFTY Midcap 100,20200129,18346.90,18414.30,18241.75,18273.10,283723712
NIFTY Midcap 100,20200130,18304.45,18312.10,18081.95,18128.40,335543616
NIFTY Midcap 100,20200131,18192.80,18215.25,17994.70,18010.20,315316768
NIFTY Midcap 100,20200203,17478.60,17786.40,17404.30,17708.35,295553696
NIFTY Midcap 100,20200204,17776.65,17948.40,17768.65,17910.10,292370720
NIFTY Midcap 100,20200205,17981.20,18191.60,17973.35,18115.70,324925504
NIFTY Midcap 100,20200206,18184.40,18296.75,18091.60,18246.20,319751424
NIFTY Midcap 100,20200207,18283.90,18385.00,18235.00,18367.50,266191568
NIFTY Midcap 100,20200210,18394.60,18394.60,18155.60,18191.20,243976576
NIFTY Midcap 100,20200211,18268.30,18332.75,18182.20,18206.20,262355056
NIFTY Midcap 100,20200212,18248.60,18273.75,18126.05,18169.35,267465168
NIFTY Midcap 100,20200213,18190.25,18195.50,18058.95,18125.00,237195488
NIFTY Midcap 100,20200214,18174.25,18224.90,17952.70,17978.80,249826512
NIFTY Midcap 100,20200217,18014.75,18022.95,17791.65,17824.90,325584256
NIFTY Midcap 100,20200218,17794.75,17799.20,17560.75,17725.60,329907104
NIFTY Midcap 100,20200219,17842.60,18004.35,17820.10,17990.10,258841728
NIFTY Midcap 100,20200220,18015.65,18213.80,17987.50,18109.85,338604736
NIFTY Midcap 100,20200224,18019.60,18035.40,17742.00,17764.10,319523424
NIFTY Midcap 100,20200225,17806.80,17919.25,17669.65,17699.90,297384640
NIFTY Midcap 100,20200226,17627.65,17687.85,17460.70,17512.45,299294912
NIFTY Midcap 100,20200227,17520.15,17520.15,17223.30,17369.50,302290816
NIFTY Midcap 100,20200228,16983.10,16998.05,16660.55,16786.35,422928736
NIFTY Midcap 100,20200302,17009.40,17174.90,16573.60,16671.75,377202304
NIFTY Midcap 100,20200303,16821.20,17066.10,16717.30,17004.35,315141472
NIFTY Midcap 100,20200304,17035.25,17083.85,16490.40,16746.45,365076832
NIFTY Midcap 100,20200305,16839.50,16908.30,16627.85,16769.90,319939040
NIFTY Midcap 100,20200306,16157.85,16401.65,15970.70,16375.15,348929184
NIFTY Midcap 100,20200309,15990.95,16031.75,15433.30,15633.45,402396096
NIFTY Midcap 100,20200311,15574.85,15836.25,15439.90,15494.85,399116896
NIFTY Midcap 100,20200312,14839.35,14880.45,14105.45,14243.05,655293376
NIFTY Midcap 100,20200313,12932.60,14692.80,12715.00,14608.10,598179072
NIFTY Midcap 100,20200316,14051.40,14179.40,13658.85,13695.30,414336384
NIFTY Midcap 100,20200317,13720.45,13894.05,13313.55,13349.65,390715264
NIFTY Midcap 100,20200318,13483.20,13559.35,12459.65,12595.10,506144416
NIFTY Midcap 100,20200319,11963.65,12375.65,11597.60,12064.55,531328992
NIFTY Midcap 100,20200320,12146.15,12759.05,11999.75,12661.25,528899040
NIFTY Midcap 100,20200323,11577.75,11876.10,10965.40,10990.80,260383728
NIFTY Midcap 100,20200324,11292.25,11408.30,10749.95,11110.40,327899776
NIFTY Midcap 100,20200325,10890.85,11503.90,10886.50,11481.60,289583904
NIFTY Midcap 100,20200326,11592.20,12056.30,11431.75,11838.55,377042816
NIFTY Midcap 100,20200327,12207.80,12355.55,11604.90,11763.35,391446368
NIFTY Midcap 100,20200330,11499.95,11613.70,11329.70,11446.15,269790336
NIFTY Midcap 100,20200331,11690.50,11742.20,11451.65,11703.75,318871008
NIFTY Midcap 100,20200401,11715.15,11746.60,11370.45,11470.95,274685184
NIFTY Midcap 100,20200403,11528.80,11536.45,11282.35,11316.75,316548160
NIFTY Midcap 100,20200407,11729.30,11947.50,11565.35,11929.55,428149984
NIFTY Midcap 100,20200408,11893.40,12510.30,11799.20,12143.55,494369888
NIFTY Midcap 100,20200409,12397.65,12581.40,12374.80,12553.50,461768768
NIFTY Midcap 100,20200413,12640.35,12640.40,12242.60,12375.70,377883264
NIFTY Midcap 100,20200415,12538.80,12813.55,12417.90,12533.50,472305056
NIFTY Midcap 100,20200416,12491.05,12807.80,12421.30,12760.35,381419776
NIFTY Midcap 100,20200417,13128.80,13230.50,12900.55,13046.80,488028864
NIFTY Midcap 100,20200420,13201.00,13308.85,13043.45,13113.65,527465408
NIFTY Midcap 100,20200421,12890.80,12890.80,12639.45,12708.70,357076672
NIFTY Midcap 100,20200422,12694.90,12832.25,12528.00,12803.60,383152768
NIFTY Midcap 100,20200423,12901.15,13151.30,12894.60,12964.65,420575072
NIFTY Midcap 100,20200424,12833.60,12935.15,12675.95,12695.70,451589536
NIFTY Midcap 100,20200427,12847.50,12933.95,12824.90,12893.70,370058432
NIFTY Midcap 100,20200428,13026.05,13090.70,12857.05,13061.00,395045184
NIFTY Midcap 100,20200429,13138.40,13263.55,13115.70,13227.55,449902400
NIFTY Midcap 100,20200430,13433.10,13598.35,13408.70,13502.00,656326464
NIFTY Midcap 100,20200504,13119.05,13124.75,12862.90,12908.40,514557760
NIFTY Midcap 100,20200505,13095.20,13162.60,12797.25,12817.40,445067808
NIFTY Midcap 100,20200506,12874.85,12976.40,12684.25,12899.65,440222048
NIFTY Midcap 100,20200507,12874.25,13022.25,12817.45,12831.00,381501920
NIFTY Midcap 100,20200508,12987.20,13023.05,12763.35,12788.95,393315712
NIFTY Midcap 100,20200511,12898.20,12980.20,12836.05,12863.40,390831744
NIFTY Midcap 100,20200512,12819.30,12824.15,12583.15,12771.30,394903264
NIFTY Midcap 100,20200513,13240.15,13240.15,12901.15,13064.00,900853760
NIFTY Midcap 100,20200514,12996.30,13135.85,12943.40,13018.20,762897344
NIFTY Midcap 100,20200515,13093.40,13103.00,12941.20,12992.05,534612416
NIFTY Midcap 100,20200518,13041.50,13041.50,12389.50,12409.35,561160960
NIFTY Midcap 100,20200519,12575.40,12642.05,12435.25,12471.15,528216384
NIFTY Midcap 100,20200520,12492.45,12698.90,12463.90,12664.20,497840672
NIFTY Midcap 100,20200521,12738.00,12886.20,12720.15,12762.65,421540864
NIFTY Midcap 100,20200522,12728.50,12839.35,12569.75,12668.05,453650688
NIFTY Midcap 100,20200526,12758.00,12850.70,12705.60,12835.65,515927616
NIFTY Midcap 100,20200527,12900.75,12928.45,12720.70,12911.25,562105664
NIFTY Midcap 100,20200528,12980.15,13146.95,12959.85,13129.95,586438784
NIFTY Midcap 100,20200529,13075.55,13369.90,13033.80,13273.00,1049589440
NIFTY Midcap 100,20200601,13448.45,13717.00,13441.35,13684.65,740780224
NIFTY Midcap 100,20200602,13771.95,13885.70,13731.50,13870.40,633935232
NIFTY Midcap 100,20200603,14039.25,14124.75,13876.00,13924.30,711115840
NIFTY Midcap 100,20200604,13965.80,14089.90,13805.05,13912.80,634545088
NIFTY Midcap 100,20200605,14025.30,14178.85,13964.25,14158.05,688699392
NIFTY Midcap 100,20200608,14383.15,14422.10,14168.35,14222.65,768928640
NIFTY Midcap 100,20200609,14333.45,14424.50,14103.10,14168.65,803019968
NIFTY Midcap 100,20200610,14214.70,14369.20,14163.25,14342.00,725022016
NIFTY Midcap 100,20200611,14367.10,14496.00,14133.25,14157.80,753072896
NIFTY Midcap 100,20200612,13577.35,14370.65,13576.55,14339.35,662390016
NIFTY Midcap 100,20200615,14352.20,14452.05,14143.25,14168.55,593394432
NIFTY Midcap 100,20200616,14398.70,14437.85,14006.40,14230.60,637487488
NIFTY Midcap 100,20200617,14198.85,14331.40,14160.30,14246.80,516493664
NIFTY Midcap 100,20200618,14237.30,14443.25,14219.40,14427.55,718163968
NIFTY Midcap 100,20200619,14494.80,14592.55,14433.75,14565.85,747574528
NIFTY Midcap 100,20200622,14695.10,14856.10,14686.30,14797.35,907600000
NIFTY Midcap 100,20200623,14909.10,15032.95,14821.40,15022.45,759306496
NIFTY Midcap 100,20200624,15145.15,15220.05,14770.95,14809.95,1032005248
NIFTY Midcap 100,20200625,14727.55,14971.10,14654.90,14941.40,791582720
NIFTY Midcap 100,20200626,15083.70,15139.25,14956.50,14975.25,1764629248
NIFTY Midcap 100,20200629,14957.25,14957.25,14683.15,14735.20,1613821824
NIFTY Midcap 100,20200630,14864.60,14899.35,14674.90,14704.00,1532403712
NIFTY Midcap 100,20200701,14733.60,14807.50,14647.30,14777.70,1034835904
NIFTY Midcap 100,20200702,14884.60,14966.55,14827.00,14944.75,988477056
NIFTY Midcap 100,20200703,15042.15,15080.40,14939.70,15042.65,958492736
NIFTY Midcap 100,20200706,15144.80,15310.70,15123.90,15297.15,1016837120
NIFTY Midcap 100,20200707,15330.40,15384.65,15198.70,15364.10,1015132096
NIFTY Midcap 100,20200708,15428.00,15495.85,15268.65,15304.45,1419600512
NIFTY Midcap 100,20200709,15368.45,15415.10,15299.65,15362.45,896050816
NIFTY Midcap 100,20200710,15316.10,15414.15,15161.70,15253.60,1466709504
NIFTY Midcap 100,20200713,15366.55,15412.70,15180.65,15217.15,897613824
NIFTY Midcap 100,20200714,15172.55,15177.55,14956.45,15052.35,861249792
NIFTY Midcap 100,20200715,15156.35,15200.65,14915.50,14951.95,1012853376
NIFTY Midcap 100,20200716,15019.75,15057.65,14784.70,15033.75,1512036736
NIFTY Midcap 100,20200717,15096.00,15265.15,15089.50,15242.30,1348927488
NIFTY Midcap 100,20200720,15321.60,15422.90,15312.20,15388.55,1580206720
NIFTY Midcap 100,20200721,15523.20,15555.55,15387.65,15402.35,1094071936
NIFTY Midcap 100,20200722,15433.30,15528.90,15316.25,15423.25,1114244224
NIFTY Midcap 100,20200723,15466.85,15594.65,15443.75,15571.60,598009024
NIFTY Midcap 100,20200724,15509.15,15584.15,15393.15,15528.55,784277568
NIFTY Midcap 100,20200727,15571.20,15583.90,15302.50,15323.80,591245376
NIFTY Midcap 100,20200728,15362.35,15479.20,15351.35,15460.10,664257280
NIFTY Midcap 100,20200729,15513.35,15661.55,15476.65,15535.05,937993856
NIFTY Midcap 100,20200730,15605.55,15631.35,15375.15,15405.70,792571648
NIFTY Midcap 100,20200731,15445.45,15509.15,15345.55,15471.30,807234880
NIFTY Midcap 100,20200803,15495.50,15606.05,15451.75,15468.70,863394752
NIFTY Midcap 100,20200804,15561.85,15664.40,15508.70,15640.40,755098880
NIFTY Midcap 100,20200805,15771.20,15853.55,15685.95,15725.70,803956480
NIFTY Midcap 100,20200806,15801.45,15927.30,15775.60,15905.15,726846336
NIFTY Midcap 100,20200807,15958.90,16131.75,15929.40,16103.35,1315736064
NIFTY Midcap 100,20200810,16247.90,16362.15,16239.60,16312.70,972898496
NIFTY Midcap 100,20200811,16408.50,16438.55,16242.70,16256.70,753053056
NIFTY Midcap 100,20200812,16233.90,16296.55,16163.00,16268.85,691070848
NIFTY Midcap 100,20200813,16359.75,16545.45,16354.05,16524.80,1078683520
NIFTY Midcap 100,20200814,16593.30,16667.70,16265.35,16383.25,1025334976
NIFTY Midcap 100,20200817,16519.50,16530.60,16324.25,16455.45,544202752
NIFTY Midcap 100,20200818,16511.40,16678.85,16504.20,16660.05,695373120
NIFTY Midcap 100,20200819,16750.75,16819.15,16735.30,16763.80,827129216
NIFTY Midcap 100,20200820,16666.45,16921.30,16613.05,16899.95,874854976
NIFTY Midcap 100,20200821,17038.55,17107.70,16964.40,16982.20,919989120
NIFTY Midcap 100,20200824,17091.80,17176.85,17084.55,17101.45,1104283520
NIFTY Midcap 100,20200825,17220.00,17266.15,17083.60,17159.65,822386624
NIFTY Midcap 100,20200826,17243.25,17300.85,17226.15,17249.45,733239744
NIFTY Midcap 100,20200827,17358.45,17394.90,17252.15,17269.95,883704960
NIFTY Midcap 100,20200828,17389.05,17464.60,17339.45,17369.05,2305320448
NIFTY Midcap 100,20200831,17517.35,17555.25,16604.95,16682.65,1677324416
NIFTY Midcap 100,20200901,16724.20,16949.40,16554.45,16819.40,2402147328
NIFTY Midcap 100,20200902,16883.95,17106.05,16807.00,17069.70,984029184
NIFTY Midcap 100,20200903,17148.10,17232.30,17125.90,17214.15,1956191744
NIFTY Midcap 100,20200904,16899.80,17119.00,16834.65,16926.20,2147626496
NIFTY Midcap 100,20200907,16994.75,17059.25,16682.20,16780.25,1750722048
NIFTY Midcap 100,20200908,16820.50,16827.65,16479.10,16539.90,911559552
NIFTY Midcap 100,20200909,16387.85,16485.70,16228.55,16450.15,862874240
NIFTY Midcap 100,20200910,16578.20,16706.85,16476.40,16653.05,762775808
NIFTY Midcap 100,20200911,16674.55,16776.65,16649.90,16765.80,571286528
NIFTY Midcap 100,20200914,16968.20,17322.40,16960.40,17206.50,941531072
NIFTY Midcap 100,20200915,17302.15,17415.10,17289.65,17393.35,1206741632
NIFTY Midcap 100,20200916,17448.50,17501.90,17372.25,17452.90,572278976
NIFTY Midcap 100,20200917,17375.10,17492.25,17327.90,17410.95,556399488
NIFTY Midcap 100,20200918,17494.90,17547.55,17346.65,17399.45,818041280
NIFTY Midcap 100,20200921,17409.30,17466.65,16686.70,16765.20,826214016
NIFTY Midcap 100,20200922,16755.15,16767.90,16156.10,16507.75,1060164480
NIFTY Midcap 100,20200923,16629.55,16731.65,16263.75,16453.45,1102563072
NIFTY Midcap 100,20200924,16279.40,16279.55,16013.25,16039.80,998735168
NIFTY Midcap 100,20200925,16197.90,16532.75,16049.80,16504.00,1299806464
NIFTY Midcap 100,20200928,16677.85,17018.55,16650.80,16998.25,995009728
NIFTY Midcap 100,20200929,17111.35,17134.75,16854.00,16973.60,1046261376
NIFTY Midcap 100,20200930,17035.60,17058.30,16909.00,16983.05,782130624
NIFTY Midcap 100,20201001,17125.95,17186.05,17086.40,17125.00,709571456
NIFTY Midcap 100,20201005,17204.60,17232.70,17054.15,17107.95,785530368
NIFTY Midcap 100,20201006,17222.95,17266.00,17151.80,17216.25,585266944
NIFTY Midcap 100,20201007,17239.10,17239.10,17080.20,17128.40,621091840
NIFTY Midcap 100,20201008,17204.00,17265.20,17066.35,17146.35,705724864
NIFTY Midcap 100,20201009,17182.75,17220.90,17069.60,17093.25,600541184
NIFTY Midcap 100,20201012,17129.45,17201.45,16934.20,16994.65,561328640
NIFTY Midcap 100,20201013,16987.45,17032.50,16895.95,16913.15,473324896
NIFTY Midcap 100,20201014,16895.50,16920.75,16771.70,16886.25,601439040
NIFTY Midcap 100,20201015,16919.25,17007.60,16561.45,16599.60,623757632
NIFTY Midcap 100,20201016,16682.05,16802.20,16559.00,16787.00,544071744
NIFTY Midcap 100,20201019,16893.20,16926.90,16775.00,16915.85,686245824
NIFTY Midcap 100,20201020,16870.90,17037.95,16835.35,17023.25,714185408
NIFTY Midcap 100,20201021,17090.00,17215.55,16882.20,17065.45,676735232
NIFTY Midcap 100,20201022,17035.80,17203.95,17014.30,17171.30,627653248
NIFTY Midcap 100,20201023,17280.55,17372.15,17239.05,17306.20,928945792
NIFTY Midcap 100,20201026,17364.70,17365.65,16964.00,17009.85,679074624
NIFTY Midcap 100,20201027,17028.80,17243.15,16867.50,17217.25,611674368
NIFTY Midcap 100,20201028,17231.85,17300.95,17016.25,17047.60,632441728
NIFTY Midcap 100,20201029,16944.95,17009.45,16827.65,16974.05,632252928
NIFTY Midcap 100,20201030,17006.10,17195.25,16889.50,17066.50,918543872
NIFTY Midcap 100,20201102,17129.30,17170.05,17006.05,17135.20,692055488
NIFTY Midcap 100,20201103,17221.25,17299.70,17218.60,17254.90,533109216
NIFTY Midcap 100,20201104,17267.30,17380.75,17183.80,17367.05,484731968
NIFTY Midcap 100,20201105,17502.00,17695.65,17457.85,17676.90,611905728
NIFTY Midcap 100,20201106,17730.00,17864.10,17696.25,17802.75,751976896
NIFTY Midcap 100,20201109,17932.30,17969.10,17767.90,17957.40,679472640
NIFTY Midcap 100,20201110,18101.55,18107.05,17889.90,18007.95,909479424
NIFTY Midcap 100,20201111,18088.70,18225.10,17926.10,18075.00,759770688
NIFTY Midcap 100,20201112,18103.00,18215.25,18066.50,18182.90,1066427136
NIFTY Midcap 100,20201113,18170.55,18367.65,18127.20,18353.40,820841216
NIFTY Midcap 100,20201117,18527.20,18664.30,18481.90,18652.30,1269598464
NIFTY Midcap 100,20201118,18647.60,18939.90,18632.15,18924.15,1041251584
NIFTY Midcap 100,20201119,18860.55,19161.60,18725.05,18802.30,1178505984
NIFTY Midcap 100,20201120,18914.05,19066.00,18784.85,18962.55,1256190848
NIFTY Midcap 100,20201123,19107.55,19235.15,19070.50,19211.40,1359914880
NIFTY Midcap 100,20201124,19326.40,19389.40,19292.40,19352.25,1156397824
NIFTY Midcap 100,20201125,19467.10,19482.05,18994.45,19032.60,1297327104
NIFTY Midcap 100,20201126,19103.15,19222.85,18944.25,19196.45,946958784
NIFTY Midcap 100,20201127,19302.95,19775.40,19301.40,19715.10,2415906560
NIFTY Midcap 100,20201201,19912.10,19923.80,19775.15,19903.90,1354464000
NIFTY Midcap 100,20201202,19986.85,20026.65,19796.20,20001.70,1172518912
NIFTY Midcap 100,20201203,20138.00,20198.00,20061.00,20127.25,932458176
NIFTY Midcap 100,20201204,20231.30,20325.15,19989.70,20197.30,1091351424
NIFTY Midcap 100,20201207,20262.40,20447.85,20252.80,20428.45,954582400
NIFTY Midcap 100,20201208,20608.90,20649.25,20235.30,20439.20,1430045568
NIFTY Midcap 100,20201209,20582.40,20640.90,20516.90,20563.45,1473029376
NIFTY Midcap 100,20201210,20562.75,20563.60,20230.05,20392.70,1361501952
NIFTY Midcap 100,20201211,20468.70,20583.15,20299.10,20437.20,1445781376
NIFTY Midcap 100,20201214,20550.70,20604.35,20477.05,20571.25,870477696
NIFTY Midcap 100,20201215,20569.55,20692.15,20388.35,20668.05,1199090688
NIFTY Midcap 100,20201216,20786.20,20931.00,20779.05,20906.45,1060484032
NIFTY Midcap 100,20201217,20947.30,21064.35,20789.50,20849.40,879985216
NIFTY Midcap 100,20201218,20890.10,20936.85,20583.90,20797.45,1027764736
NIFTY Midcap 100,20201221,20739.20,20762.40,19390.45,19797.35,1227308800
NIFTY Midcap 100,20201222,19734.40,20027.25,19178.90,19964.90,1378426240
NIFTY Midcap 100,20201223,20037.25,20472.60,19983.45,20439.95,1307984128
NIFTY Midcap 100,20201224,20561.80,20644.90,20405.50,20475.75,1002063104
NIFTY Midcap 100,20201228,20624.10,20753.70,20590.00,20718.60,852668672
NIFTY Midcap 100,20201229,20831.70,20878.25,20569.45,20695.70,867352192
NIFTY Midcap 100,20201230,20762.85,20770.60,20537.35,20741.70,869723136
NIFTY Midcap 100,20201231,20760.25,20885.00,20711.45,20842.50,1457973120
NIFTY Midcap 100,20210101,20894.70,21123.80,20889.65,21090.95,1135604608
NIFTY Midcap 100,20210104,21262.10,21408.75,21096.60,21388.50,1653470976
NIFTY Midcap 100,20210105,21300.30,21559.20,21196.35,21533.95,1177241728
NIFTY Midcap 100,20210106,21625.25,21799.30,21394.30,21651.55,1340632704
NIFTY Midcap 100,20210107,21857.70,22062.75,21822.75,21964.55,1317855104
NIFTY Midcap 100,20210108,22161.70,22254.15,22070.70,22194.10,1155672320
NIFTY Midcap 100,20210111,22334.45,22359.00,21965.75,22140.10,899752640
NIFTY Midcap 100,20210112,22112.20,22382.45,22035.30,22289.15,1389992064
NIFTY Midcap 100,20210113,22431.20,22504.60,21849.10,22155.25,1812041216
NIFTY Midcap 100,20210114,22198.00,22271.55,22041.10,22169.40,1058330112
NIFTY Midcap 100,20210115,22212.00,22297.15,21721.15,21934.25,2271406592
NIFTY Midcap 100,20210118,21954.35,21968.00,21276.20,21470.15,1329352448
NIFTY Midcap 100,20210119,21610.20,21997.05,21607.30,21969.20,929476352
NIFTY Midcap 100,20210120,22027.25,22214.70,21966.15,22197.40,987317504
NIFTY Midcap 100,20210121,22366.00,22425.50,21827.50,21927.40,1162872960
NIFTY Midcap 100,20210122,21968.15,22110.85,21557.65,21659.05,1384735616
NIFTY Midcap 100,20210125,21904.60,21976.85,21222.60,21455.20,1404426112
NIFTY Midcap 100,20210127,21424.45,21424.45,21047.30,21115.35,1291734784
NIFTY Midcap 100,20210128,20826.65,21149.20,20813.60,20989.95,1484288000
NIFTY Midcap 100,20210129,21220.40,21322.20,20832.10,20909.85,1305321088
NIFTY Midcap 100,20210201,21055.90,21624.45,20769.65,21600.90,1343766656
NIFTY Midcap 100,20210202,21813.90,22162.90,21782.60,22115.10,1227685376
NIFTY Midcap 100,20210203,22278.40,22580.10,22098.55,22434.80,1241086592
NIFTY Midcap 100,20210204,22483.30,22737.60,22358.30,22673.15,1253645056
NIFTY Midcap 100,20210205,22834.55,22928.80,22342.60,22425.90,1384308992
NIFTY Midcap 100,20210208,22618.00,22815.75,22614.10,22764.95,964111808
NIFTY Midcap 100,20210209,22860.90,22925.40,22656.10,22747.40,1083135104
NIFTY Midcap 100,20210210,22828.60,22971.55,22652.80,22926.45,879985024
NIFTY Midcap 100,20210211,22899.35,23030.30,22859.20,22968.10,1065841920
NIFTY Midcap 100,20210212,22990.20,23055.05,22781.80,22914.35,996627584
NIFTY Midcap 100,20210215,23041.60,23261.25,22972.65,23213.65,1003420544
NIFTY Midcap 100,20210216,23297.55,23401.60,23132.45,23316.50,1008016896
NIFTY Midcap 100,20210217,23318.85,23497.25,23284.70,23388.30,1147124736
NIFTY Midcap 100,20210218,23494.25,23640.05,23417.60,23499.20,1294171520
NIFTY Midcap 100,20210219,23474.95,23551.40,22869.75,23118.75,1486681728
NIFTY Midcap 100,20210222,23176.05,23247.85,22709.05,22822.80,1036952832
NIFTY Midcap 100,20210223,22936.65,23114.45,22756.80,23053.35,953041600
NIFTY Midcap 100,20210224,23193.85,23330.20,23048.15,23290.80,807042304
NIFTY Midcap 100,20210225,23513.30,23672.70,23485.50,23646.80,1313580800
NIFTY Midcap 100,20210226,23315.65,23578.50,23068.30,23268.50,1414584448
NIFTY Midcap 100,20210301,23470.40,23723.90,23369.00,23684.80,1076489216
NIFTY Midcap 100,20210302,23873.35,24131.15,23806.60,24086.65,1195027584
NIFTY Midcap 100,20210303,24298.50,24513.25,24281.35,24488.45,1116142336
NIFTY Midcap 100,20210304,24257.50,24740.45,24171.70,24608.35,1274156672
NIFTY Midcap 100,20210305,24563.25,24638.50,23937.55,24078.15,1124852352
NIFTY Midcap 100,20210308,24297.30,24415.00,24111.50,24149.30,803297472
NIFTY Midcap 100,20210309,24302.05,24369.85,23832.80,24024.25,928915200
NIFTY Midcap 100,20210310,24220.20,24287.20,24075.40,24220.10,649910016
NIFTY Midcap 100,20210312,24418.35,24481.55,24002.15,24115.60,941867264
NIFTY Midcap 100,20210315,24238.65,24239.80,23654.70,23952.30,837766144
NIFTY Midcap 100,20210316,24045.10,24116.15,23923.75,24048.30,727522304
NIFTY Midcap 100,20210317,24099.25,24137.75,23392.15,23451.60,763447296
NIFTY Midcap 100,20210318,23671.00,23809.75,22928.40,23129.85,1048392384
NIFTY Midcap 100,20210319,22936.80,23449.15,22480.25,23412.75,1195204224
NIFTY Midcap 100,20210322,23449.20,23650.10,23340.35,23603.60,716177792
NIFTY Midcap 100,20210323,23704.50,23872.70,23692.05,23808.40,662667264
NIFTY Midcap 100,20210324,23737.85,23884.85,23290.60,23334.95,654843712
NIFTY Midcap 100,20210325,23414.80,23432.30,22632.85,22858.55,1401164288
NIFTY Midcap 100,20210326,23114.00,23300.50,23067.10,23213.95,1045357568
NIFTY Midcap 100,20210330,23472.55,23680.90,23300.05,23609.40,1006298176
NIFTY Midcap 100,20210331,23628.45,23731.85,23520.50,23693.15,745004160
NIFTY Midcap 100,20210401,23873.65,24162.90,23782.80,24117.75,801921344
NIFTY Midcap 100,20210405,24101.15,24101.35,23407.05,23798.60,829567552
NIFTY Midcap 100,20210406,23940.65,24115.30,23730.30,24016.20,786147712
NIFTY Midcap 100,20210407,24096.05,24385.60,24037.80,24333.30,698229248
NIFTY Midcap 100,20210408,24468.75,24645.00,24392.70,24462.40,849778432
NIFTY Midcap 100,20210409,24492.30,24680.70,24421.20,24505.70,724326912
NIFTY Midcap 100,20210412,24094.45,24097.95,22934.20,23114.15,1194218496
NIFTY Midcap 100,20210413,23200.30,23602.50,23111.05,23516.85,799551936
NIFTY Midcap 100,20210415,23445.15,23634.30,23188.00,23530.00,774106496
NIFTY Midcap 100,20210416,23598.80,23889.95,23527.75,23760.65,546392320
NIFTY Midcap 100,20210419,23121.15,23321.50,22799.90,23256.35,722455680
NIFTY Midcap 100,20210420,23529.05,23693.80,23180.50,23326.00,595146624
NIFTY Midcap 100,20210422,23177.75,23487.75,23126.95,23432.65,654448064
NIFTY Midcap 100,20210423,23434.90,23707.30,23340.55,23492.75,611684096
NIFTY Midcap 100,20210426,23667.60,23768.50,23624.90,23675.10,639428992
NIFTY Midcap 100,20210427,23758.10,24079.25,23739.55,24047.15,622090816
NIFTY Midcap 100,20210428,24204.20,24367.10,24168.45,24313.50,671995392
NIFTY Midcap 100,20210429,24505.70,24572.75,24194.40,24286.45,798371776
NIFTY Midcap 100,20210430,24109.70,24410.50,24032.70,24195.90,919008768
NIFTY Midcap 100,20210503,24038.95,24301.00,23935.95,24263.50,812525568
NIFTY Midcap 100,20210504,24469.45,24638.25,24109.20,24167.80,1120812416
NIFTY Midcap 100,20210505,24410.95,24448.30,24202.55,24410.10,776720576
NIFTY Midcap 100,20210506,24550.60,24662.80,24349.10,24639.00,729238848
NIFTY Midcap 100,20210507,24760.95,24790.00,24510.50,24545.65,728577088
NIFTY Midcap 100,20210510,24694.05,24808.30,24659.10,24776.80,1030860288
NIFTY Midcap 100,20210511,24610.00,25014.55,24527.70,24971.75,1234308864
NIFTY Midcap 100,20210512,25055.70,25110.15,24660.55,24770.40,1499017216
NIFTY Midcap 100,20210514,24943.50,24956.20,24247.65,24363.65,1060232000
NIFTY Midcap 100,20210517,24542.35,24849.35,24372.70,24812.65,836158272
NIFTY Midcap 100,20210518,25066.45,25321.90,25050.65,25266.65,857018560
NIFTY Midcap 100,20210519,25255.30,25376.05,25178.45,25232.80,730734208
NIFTY Midcap 100,20210520,25316.55,25371.80,25065.85,25211.70,886606016
NIFTY Midcap 100,20210521,25405.40,25500.75,25291.40,25413.40,848281728
NIFTY Midcap 100,20210524,25587.45,25655.55,25394.05,25584.30,911991104
NIFTY Midcap 100,20210525,25742.90,25782.35,25467.55,25544.35,886167872
NIFTY Midcap 100,20210526,25661.50,25710.20,25518.15,25565.70,738581184
NIFTY Midcap 100,20210527,25647.15,25749.35,25542.15,25704.90,1075043200
NIFTY Midcap 100,20210528,25811.75,25868.95,25648.75,25695.10,889196032
NIFTY Midcap 100,20210531,25778.35,25838.15,25628.00,25775.45,712950912
NIFTY Midcap 100,20210601,25913.75,25939.60,25583.60,25749.50,739275200
NIFTY Midcap 100,20210602,25749.80,26151.95,25730.15,26118.00,728064640
NIFTY Midcap 100,20210603,26281.80,26408.05,26242.80,26362.55,969048384
NIFTY Midcap 100,20210604,26472.35,26571.85,26365.95,26551.60,1069845952
NIFTY Midcap 100,20210607,26746.50,26929.25,26659.25,26881.40,1024424000
NIFTY Midcap 100,20210608,26997.65,27091.60,26717.90,27042.80,925085888
NIFTY Midcap 100,20210609,27199.40,27373.70,26679.55,26847.80,1411436544
NIFTY Midcap 100,20210610,27055.90,27294.10,27022.70,27268.45,879533120
NIFTY Midcap 100,20210611,27424.25,27474.45,27207.40,27329.15,850549184
NIFTY Midcap 100,20210614,27294.35,27294.65,26609.80,27198.50,959534720
NIFTY Midcap 100,20210615,27260.95,27432.05,27236.65,27364.35,893079424
NIFTY Midcap 100,20210616,27352.30,27396.80,27046.40,27108.50,849286528
NIFTY Midcap 100,20210617,26873.10,27171.80,26686.25,26776.35,859438080
NIFTY Midcap 100,20210618,26851.85,26881.80,25894.40,26496.30,1616223744
NIFTY Midcap 100,20210621,26128.95,26727.10,26030.15,26705.20,1050542464
NIFTY Midcap 100,20210622,26936.35,26987.50,26685.70,26732.75,889776064
NIFTY Midcap 100,20210623,26913.90,26930.30,26647.50,26675.85,821516032
NIFTY Midcap 100,20210624,26718.30,26752.85,26530.70,26601.45,789803584
NIFTY Midcap 100,20210625,26706.15,26932.60,26683.95,26895.00,1138864896
NIFTY Midcap 100,20210628,26998.00,27066.85,26906.45,27036.50,866524608
NIFTY Midcap 100,20210629,27050.25,27116.40,26835.55,26901.10,686677568
NIFTY Midcap 100,20210630,26991.40,27061.55,26931.25,26970.75,782766912
NIFTY Midcap 100,20210701,27023.05,27025.35,26841.05,26882.60,1068243456
NIFTY Midcap 100,20210702,26943.00,27051.95,26892.20,27020.10,746530432
NIFTY Midcap 100,20210705,27129.80,27183.90,27073.90,27163.00,882780672
NIFTY Midcap 100,20210706,27194.60,27396.80,27093.55,27149.20,657676032
NIFTY Midcap 100,20210707,27159.65,27358.50,27089.50,27328.35,575406784
NIFTY Midcap 100,20210708,27391.90,27478.85,27090.10,27213.20,643205632
NIFTY Midcap 100,20210709,27234.75,27411.80,27149.15,27382.75,555757312
NIFTY Midcap 100,20210712,27569.20,27655.15,27441.35,27503.60,531224256
NIFTY Midcap 100,20210713,27645.55,27650.50,27488.95,27560.75,426034656
NIFTY Midcap 100,20210714,27616.85,27689.70,27571.70,27623.30,388104064
NIFTY Midcap 100,20210715,27705.95,27777.35,27675.30,27754.70,417682336
NIFTY Midcap 100,20210716,27868.10,27894.45,27746.30,27851.15,966934336
NIFTY Midcap 100,20210719,27703.90,27818.65,27472.50,27625.40,1208571264
NIFTY Midcap 100,20210720,27639.30,27682.85,27025.40,27227.85,682839168
NIFTY Midcap 100,20210722,27399.65,27562.20,27385.70,27538.35,1075632640
NIFTY Midcap 100,20210723,27706.10,27780.80,27551.15,27584.80,1576150784
NIFTY Midcap 100,20210726,27639.10,27758.70,27486.10,27573.85,649840256
NIFTY Midcap 100,20210727,27680.75,27782.85,27318.25,27455.10,583436992
NIFTY Midcap 100,20210728,27506.05,27515.05,26997.85,27315.30,729868864
NIFTY Midcap 100,20210729,27444.95,27527.60,27369.75,27512.30,776830208
NIFTY Midcap 100,20210730,27594.40,27951.95,27537.20,27815.25,741772288
NIFTY Midcap 100,20210802,27984.45,28274.65,27973.55,28250.40,818838528
NIFTY Midcap 100,20210803,28321.10,28336.65,28188.20,28265.65,1320654080
NIFTY Midcap 100,20210804,28377.45,28403.45,27883.95,27928.20,1844942976
NIFTY Midcap 100,20210805,28010.35,28017.80,27651.10,27929.95,2786977536
NIFTY Midcap 100,20210806,27996.70,28123.65,27923.80,27945.70,1740380800
NIFTY Midcap 100,20210809,27989.70,28031.80,27591.90,27742.50,1463247360
NIFTY Midcap 100,20210810,27858.45,27909.55,27225.15,27439.25,910911936
NIFTY Midcap 100,20210811,27473.70,27541.65,26806.85,27406.30,847093952
NIFTY Midcap 100,20210812,27470.95,27710.25,27447.40,27684.00,514544512
NIFTY Midcap 100,20210813,27756.70,27777.70,27562.65,27600.10,562403328
NIFTY Midcap 100,20210816,27618.70,27661.00,27474.75,27507.45,507798880
NIFTY Midcap 100,20210817,27522.25,27634.90,27328.00,27597.80,594947904
NIFTY Midcap 100,20210818,27711.75,27796.20,27612.35,27676.80,862263808
NIFTY Midcap 100,20210820,27454.60,27622.45,27051.50,27124.75,784119680
NIFTY Midcap 100,20210823,27380.80,27460.95,26683.95,26892.70,957299200
NIFTY Midcap 100,20210824,27017.95,27296.30,26959.70,27276.70,557225984
NIFTY Midcap 100,20210825,27413.00,27496.05,27270.25,27363.05,485364384
NIFTY Midcap 100,20210826,27458.95,27567.95,27322.85,27416.00,645642560
NIFTY Midcap 100,20210827,27505.75,27759.65,27366.80,27705.55,510718656
NIFTY Midcap 100,20210830,27829.15,28265.35,27820.05,28242.40,462623968
NIFTY Midcap 100,20210831,28331.30,28465.80,28237.25,28417.25,714758336
NIFTY Midcap 100,20210901,28588.70,28682.50,28406.65,28629.45,747479104
NIFTY Midcap 100,20210902,28663.95,28949.95,28608.40,28916.65,1117906688
NIFTY Midcap 100,20210903,29067.30,29149.95,28887.10,29060.05,1449040128
NIFTY Midcap 100,20210906,29181.00,29254.40,29086.05,29178.35,595692928
NIFTY Midcap 100,20210907,29246.40,29283.50,28865.05,29105.00,1428468992
NIFTY Midcap 100,20210908,29163.30,29325.95,29033.80,29255.55,1686897152
NIFTY Midcap 100,20210909,29208.85,29365.50,29154.65,29341.10,726382464
NIFTY Midcap 100,20210913,29348.95,29494.05,29239.75,29473.45,625922624
NIFTY Midcap 100,20210914,29633.90,29891.50,29622.70,29871.65,1315885056
NIFTY Midcap 100,20210915,29975.15,30198.25,29954.05,30175.60,1638562944
NIFTY Midcap 100,20210916,30267.80,30345.45,30108.70,30283.10,2980678656
NIFTY Midcap 100,20210917,30439.10,30460.45,29701.45,29899.40,2104919424
NIFTY Midcap 100,20210920,29636.65,29945.30,29195.50,29254.85,1254497664
NIFTY Midcap 100,20210921,29289.65,29490.95,28857.35,29442.45,1138635264
NIFTY Midcap 100,20210922,29598.90,30028.55,29575.40,29933.90,982613376
NIFTY Midcap 100,20210923,30187.85,30432.50,30179.85,30380.85,944340928
NIFTY Midcap 100,20210924,30543.55,30605.55,30048.50,30143.60,1502422144
NIFTY Midcap 100,20210927,30259.75,30288.15,29916.60,30152.45,788620096
NIFTY Midcap 100,20210928,30262.15,30269.80,29727.00,29951.30,901054720
NIFTY Midcap 100,20210929,29846.80,30349.30,29705.00,30274.10,1200416640
NIFTY Midcap 100,20210930,30375.40,30496.35,30306.95,30384.00,1705360128
NIFTY Midcap 100,20211001,30314.75,30429.15,30169.10,30396.85,1051204480
NIFTY Midcap 100,20211004,30559.35,30897.55,30532.75,30875.35,814145920
NIFTY Midcap 100,20211005,30899.45,31046.45,30816.55,31009.40,1251809792
NIFTY Midcap 100,20211006,31156.85,31185.75,30663.85,30728.20,1046948544
NIFTY Midcap 100,20211007,31003.35,31365.65,30998.15,31304.45,706666944
NIFTY Midcap 100,20211008,31501.75,31509.80,31272.10,31437.75,601220224
NIFTY Midcap 100,20211011,31550.25,31748.00,31420.30,31630.80,900886208
NIFTY Midcap 100,20211012,31707.00,31823.30,31495.00,31805.50,1086042368
NIFTY Midcap 100,20211013,31974.15,32376.70,31934.75,32294.15,1414403840
NIFTY Midcap 100,20211014,32564.40,32722.55,32456.45,32503.50,826966848
NIFTY Midcap 100,20211018,32861.60,33145.95,32766.50,32884.80,1242503552
NIFTY Midcap 100,20211019,33144.75,33243.50,32000.05,32170.70,1160424832
NIFTY Midcap 100,20211020,32122.15,32135.90,31200.25,31478.30,1210516864
NIFTY Midcap 100,20211021,31670.65,31733.25,31025.55,31356.15,844420736
NIFTY Midcap 100,20211022,31434.55,31612.95,30796.80,31082.45,935451072
NIFTY Midcap 100,20211025,31248.05,31279.90,30107.85,30553.40,900802560
NIFTY Midcap 100,20211026,30611.25,31143.40,30607.40,31101.95,951780160
NIFTY Midcap 100,20211027,31271.60,31314.10,31070.85,31125.55,662329344
NIFTY Midcap 100,20211028,31140.55,31141.20,30437.20,30514.05,851547776
NIFTY Midcap 100,20211029,30307.55,30783.75,29838.85,30469.55,995620160
NIFTY Midcap 100,20211101,30611.15,31059.50,30526.95,31023.70,706797824
NIFTY Midcap 100,20211102,31151.15,31329.40,31130.50,31281.05,645994688
NIFTY Midcap 100,20211103,31415.50,31503.55,31049.85,31197.50,535461280
NIFTY Midcap 100,20211104,31426.40,31507.65,31411.80,31442.65,128500288
NIFTY Midcap 100,20211108,31552.75,31854.80,31282.20,31818.65,605451328
NIFTY Midcap 100,20211109,31913.30,32259.25,31879.75,32186.35,937766400
NIFTY Midcap 100,20211110,32140.95,32229.65,32006.40,32044.45,728615936
NIFTY Midcap 100,20211111,32089.30,32094.80,31634.30,31782.15,566610304
NIFTY Midcap 100,20211112,32018.30,32048.80,31666.55,31925.85,651229248
NIFTY Midcap 100,20211115,32048.55,32088.70,31884.10,32028.30,470616128
NIFTY Midcap 100,20211116,32095.05,32199.40,31875.95,31942.55,496676992
NIFTY Midcap 100,20211117,31896.05,31956.45,31680.90,31729.00,439751648
NIFTY Midcap 100,20211118,31769.35,31853.15,31089.60,31271.40,568132672
NIFTY Midcap 100,20211122,31294.25,31316.95,30029.65,30331.60,890860864
NIFTY Midcap 100,20211123,30145.60,30896.60,29987.00,30865.30,745624064
NIFTY Midcap 100,20211124,31011.50,31101.70,30639.55,30743.25,816459968
NIFTY Midcap 100,20211125,30792.80,30972.40,30575.80,30926.60,925537280
NIFTY Midcap 100,20211126,30619.05,30728.15,29841.40,29920.40,874189824
NIFTY Midcap 100,20211129,29675.50,29775.45,28933.10,29515.25,1116835328
NIFTY Midcap 100,20211130,29610.45,30236.15,29563.65,29650.65,1136940160
NIFTY Midcap 100,20211201,29851.15,29996.25,29623.95,29955.70,1299544576
NIFTY Midcap 100,20211202,30020.40,30338.50,29903.95,30296.45,1202411904
NIFTY Midcap 100,20211203,30384.35,30589.75,30243.75,30293.25,1469579904
NIFTY Midcap 100,20211206,30331.30,30373.60,29811.90,29863.20,2017652224
NIFTY Midcap 100,20211207,30083.00,30317.95,29951.25,30282.60,925158016
NIFTY Midcap 100,20211208,30496.70,30792.65,30480.25,30769.15,733531200
NIFTY Midcap 100,20211209,30925.15,30979.80,30699.10,30955.20,1641693312
NIFTY Midcap 100,20211210,30924.85,31225.95,30883.05,31203.05,883009856
NIFTY Midcap 100,20211213,31422.30,31504.35,31077.50,31125.70,693021824
NIFTY Midcap 100,20211214,31040.75,31107.25,30776.20,31067.25,651074304
NIFTY Midcap 100,20211215,31103.70,31158.95,30848.80,30888.55,548137216
NIFTY Midcap 100,20211216,31086.75,31151.75,30611.50,30676.75,597710400
NIFTY Midcap 100,20211217,30667.45,30685.55,29859.15,29939.30,718113152
NIFTY Midcap 100,20211220,29530.30,29570.25,28396.10,28838.20,941349184
NIFTY Midcap 100,20211221,29001.75,29467.90,28948.75,29207.75,745462144
NIFTY Midcap 100,20211222,29349.85,29706.35,29328.70,29659.10,599721280
NIFTY Midcap 100,20211223,29892.65,29972.90,29816.70,29927.30,377589664
NIFTY Midcap 100,20211224,30043.75,30049.35,29508.65,29612.85,506723392
NIFTY Midcap 100,20211227,29470.20,29778.60,29245.05,29743.15,562292288
NIFTY Midcap 100,20211228,29908.00,30132.85,29895.20,30094.85,474263520
NIFTY Midcap 100,20211229,30113.65,30257.70,30056.80,30135.30,581639744
NIFTY Midcap 100,20211230,30126.15,30144.65,29946.05,30023.25,765199680
NIFTY Midcap 100,20211231,30110.70,30479.70,30099.90,30442.90,972421440
NIFTY Midcap 100,20220103,30487.75,30829.30,30483.65,30788.00,732490688
NIFTY Midcap 100,20220104,30911.00,30980.65,30686.90,30870.35,618207040
NIFTY Midcap 100,20220105,30868.75,30971.30,30728.15,30917.55,576615616
NIFTY Midcap 100,20220106,30701.30,30983.05,30566.75,30956.85,643818752
NIFTY Midcap 100,20220107,31054.05,31198.75,30892.55,31111.55,599502976
NIFTY Midcap 100,20220110,31246.35,31408.45,31232.65,31371.65,554740736
NIFTY Midcap 100,20220111,31357.60,31537.60,31304.25,31400.40,2420026624
NIFTY Midcap 100,20220112,31568.25,31817.00,31503.60,31791.55,1180385152
NIFTY Midcap 100,20220113,31868.00,32029.75,31661.60,31997.20,575752448
NIFTY Midcap 100,20220114,31913.10,32092.60,31788.90,31989.65,490075136
NIFTY Midcap 100,20220117,32062.25,32140.40,31980.70,32040.60,477170464
NIFTY Midcap 100,20220118,32190.75,32230.30,31281.65,31381.45,502675008
NIFTY Midcap 100,20220119,31348.80,31392.45,30968.70,31363.30,519435200
NIFTY Midcap 100,20220120,31352.05,31483.00,31156.40,31312.05,398059008
NIFTY Midcap 100,20220121,31167.90,31209.55,30342.70,30563.60,488706432
NIFTY Midcap 100,20220124,30553.25,30582.45,29075.95,29383.00,749930112
NIFTY Midcap 100,20220125,29056.15,29710.20,28627.05,29676.90,802269568
NIFTY Midcap 100,20220127,29478.05,29478.05,28953.60,29364.70,825416256
NIFTY Midcap 100,20220128,29590.90,30329.90,29586.90,29804.90,785361792
NIFTY Midcap 100,20220131,30175.20,30360.70,30097.60,30273.95,610173632
NIFTY Midcap 100,20220201,30570.55,30645.15,30129.15,30611.60,744195456
NIFTY Midcap 100,20220202,30755.00,31006.85,30745.25,30971.55,842886016
NIFTY Midcap 100,20220203,30948.60,30949.25,30604.80,30673.90,658529088
NIFTY Midcap 100,20220204,30667.60,30779.75,30399.85,30441.55,704992000
NIFTY Midcap 100,20220207,30501.60,30609.70,29994.90,30129.25,565944000
NIFTY Midcap 100,20220208,30242.70,30325.50,29591.00,29916.85,591299584
NIFTY Midcap 100,20220209,30055.70,30288.15,30037.35,30257.10,468003072
NIFTY Midcap 100,20220210,30359.40,30408.05,30131.75,30343.45,600437952
NIFTY Midcap 100,20220211,30118.30,30164.55,29656.15,29729.40,460363392
NIFTY Midcap 100,20220214,29050.80,29189.20,28479.55,28558.75,624333376
NIFTY Midcap 100,20220215,28660.75,29411.65,28270.50,29375.30,657113664
NIFTY Midcap 100,20220216,29568.95,29630.35,29203.70,29289.95,569793920
NIFTY Midcap 100,20220217,29425.85,29513.50,29156.80,29201.30,416499808
NIFTY Midcap 100,20220218,29024.20,29253.45,28891.90,28934.35,411196160
NIFTY Midcap 100,20220221,28795.60,28914.20,28427.45,28575.75,768543616
NIFTY Midcap 100,20220222,27828.60,28348.40,27826.05,28284.90,655854784
NIFTY Midcap 100,20220223,28503.35,28718.55,28437.00,28467.00,523292544
NIFTY Midcap 100,20220224,27562.60,27809.50,26779.05,26832.65,1142412160
NIFTY Midcap 100,20220225,27407.75,28034.95,27396.70,27953.30,766284864
NIFTY Midcap 100,20220228,27678.15,28255.10,27447.15,28223.45,716313856
NIFTY Midcap 100,20220302,28016.35,28353.40,27940.85,28217.10,616383296
NIFTY Midcap 100,20220303,28583.60,28643.70,28033.90,28102.90,738463744
NIFTY Midcap 100,20220304,27950.30,27966.95,27475.75,27517.10,922850432
NIFTY Midcap 100,20220307,27000.70,27012.45,26532.65,26865.90,761243584
NIFTY Midcap 100,20220308,26870.40,27247.35,26634.20,27198.55,645180416
NIFTY Midcap 100,20220309,27454.25,27882.05,27326.65,27785.50,585911552
NIFTY Midcap 100,20220310,28350.95,28386.85,27906.00,28038.70,605029632
NIFTY Midcap 100,20220311,27981.85,28247.35,27855.40,28210.35,477315488
NIFTY Midcap 100,20220314,28249.80,28345.15,28029.70,28267.50,450625216
NIFTY Midcap 100,20220315,28357.50,28485.65,27878.75,28021.35,579660672
NIFTY Midcap 100,20220316,28353.25,28604.30,28310.55,28584.55,406959136
NIFTY Midcap 100,20220317,28931.20,29020.80,28905.60,28977.90,540616832
NIFTY Midcap 100,20220321,29170.05,29170.05,28862.10,28896.45,441108128
NIFTY Midcap 100,20220322,28931.20,28993.65,28584.65,28977.30,447649664
NIFTY Midcap 100,20220323,29148.55,29259.10,29047.65,29137.30,633036352
NIFTY Midcap 100,20220324,29101.20,29349.65,29036.95,29308.35,632746752
NIFTY Midcap 100,20220325,29454.75,29489.35,29154.10,29274.55,482629120
NIFTY Midcap 100,20220328,29363.45,29455.85,28975.10,29221.20,475592224
NIFTY Midcap 100,20220329,29375.35,29481.95,29200.15,29342.30,531307328
NIFTY Midcap 100,20220330,29553.20,29661.15,29459.55,29590.70,573717952
NIFTY Midcap 100,20220331,29674.40,29801.40,29619.15,29692.30,818336576
NIFTY Midcap 100,20220401,29734.60,30167.40,29691.70,30134.55,809955520
NIFTY Midcap 100,20220404,30293.55,30646.85,30286.10,30625.20,747659136
NIFTY Midcap 100,20220405,30830.20,31129.00,30704.80,31046.70,703873472
NIFTY Midcap 100,20220406,31002.05,31285.25,30900.15,31229.20,1590159360
NIFTY Midcap 100,20220407,31273.35,31401.65,30792.70,30911.30,1737219840
NIFTY Midcap 100,20220408,31101.25,31283.05,31006.55,31214.20,1177084928
NIFTY Midcap 100,20220411,31327.50,31506.55,31298.00,31408.15,694779456
NIFTY Midcap 100,20220412,31396.70,31396.70,30539.40,30804.90,684875840
NIFTY Midcap 100,20220413,30995.25,31079.90,30766.80,30796.30,461712832
NIFTY Midcap 100,20220418,30565.85,30586.00,30212.00,30473.55,554997760
NIFTY Midcap 100,20220419,30712.25,30838.75,29785.15,30055.00,519871968
NIFTY Midcap 100,20220420,30224.10,30525.70,30080.40,30279.25,466483648
NIFTY Midcap 100,20220421,30504.20,30642.30,30478.35,30603.30,471007968
NIFTY Midcap 100,20220422,30435.80,30622.05,30263.60,30315.85,410642656
NIFTY Midcap 100,20220425,30055.85,30057.25,29637.90,29733.10,513072832
NIFTY Midcap 100,20220426,30052.70,30240.30,30011.65,30215.35,474930912
NIFTY Midcap 100,20220427,30009.85,30127.20,29686.60,29954.30,541446272
NIFTY Midcap 100,20220428,30219.45,30240.35,29890.80,30134.60,460685568
NIFTY Midcap 100,20220429,30333.10,30431.25,29811.70,29880.35,491653280
NIFTY Midcap 100,20220502,29666.10,29779.80,29528.75,29703.40,544055936
NIFTY Midcap 100,20220504,29844.20,29908.75,28959.85,29074.30,602819584
NIFTY Midcap 100,20220505,29311.00,29527.30,29030.50,29104.35,488905536
NIFTY Midcap 100,20220506,28595.15,28699.70,28359.50,28584.20,532761312
NIFTY Midcap 100,20220509,28310.60,28378.25,27872.15,28074.45,531402336
NIFTY Midcap 100,20220510,28026.80,28361.40,27472.90,27548.60,469747072
NIFTY Midcap 100,20220511,27644.35,27860.50,26909.55,27450.80,620071168
NIFTY Midcap 100,20220512,27262.05,27292.35,26601.65,26810.05,606315904
NIFTY Midcap 100,20220513,27168.05,27648.05,27008.90,27085.65,570888704
NIFTY Midcap 100,20220516,27216.80,27492.95,26978.85,27425.50,640947392
NIFTY Midcap 100,20220517,27585.65,28220.60,27519.45,28172.90,621606080
NIFTY Midcap 100,20220518,28327.40,28461.20,28043.45,28111.70,573600704
NIFTY Midcap 100,20220519,27463.30,27577.15,27162.05,27271.90,629869888
NIFTY Midcap 100,20220520,27712.75,27899.05,27688.25,27872.20,558624384
NIFTY Midcap 100,20220523,28005.10,28184.10,27732.55,27775.45,608539008
NIFTY Midcap 100,20220524,27849.10,27896.40,27514.30,27595.30,478881952
NIFTY Midcap 100,20220525,27668.75,27726.40,26862.15,26918.70,449761472
NIFTY Midcap 100,20220526,27019.15,27392.70,26472.60,27281.15,564515904
NIFTY Midcap 100,20220527,27573.15,27681.65,27429.95,27657.25,434464384
NIFTY Midcap 100,20220530,27927.60,28348.30,27916.20,28326.35,483513312
NIFTY Midcap 100,20220531,28315.70,28536.30,28232.55,28288.35,897972864
NIFTY Midcap 100,20220601,28345.85,28535.20,28144.45,28299.90,404708416
NIFTY Midcap 100,20220602,28321.55,28527.00,28195.75,28491.15,372435392
NIFTY Midcap 100,20220603,28700.85,28729.15,27994.10,28023.35,363550432
NIFTY Midcap 100,20220606,27994.85,28048.55,27634.80,27992.65,335645376
NIFTY Midcap 100,20220607,27889.95,27937.25,27639.85,27803.95,352995104
NIFTY Midcap 100,20220608,27830.55,27960.30,27570.30,27670.80,349900192
NIFTY Midcap 100,20220609,27546.95,27846.95,27475.85,27805.90,320555456
NIFTY Midcap 100,20220610,27541.10,27677.40,27485.20,27575.80,306776192
NIFTY Midcap 100,20220613,27115.05,27130.80,26701.75,26777.80,416437632
NIFTY Midcap 100,20220614,26619.50,27034.30,26604.70,26715.65,353637280
NIFTY Midcap 100,20220615,26861.65,26950.75,26726.45,26809.00,308599168
NIFTY Midcap 100,20220616,27097.45,27145.15,26065.70,26180.35,448406080
NIFTY Midcap 100,20220617,25989.85,26221.65,25702.60,25877.70,545599168
NIFTY Midcap 100,20220620,25900.30,25957.95,25048.15,25292.90,597347904
NIFTY Midcap 100,20220621,25477.75,26231.15,25461.90,26194.40,542544832
NIFTY Midcap 100,20220622,26115.50,26115.50,25706.50,25767.85,448710496
NIFTY Midcap 100,20220623,25835.70,26157.00,25734.95,26079.95,434057152
NIFTY Midcap 100,20220624,26275.30,26477.85,26257.85,26449.05,411395744
NIFTY Midcap 100,20220627,26774.40,26861.55,26678.90,26713.25,365911872
NIFTY Midcap 100,20220628,26621.15,26821.10,26464.25,26791.00,332964224
NIFTY Midcap 100,20220629,26515.00,26716.45,26470.30,26672.15,351876832
NIFTY Midcap 100,20220630,26713.90,26814.45,26406.70,26452.75,378636864
NIFTY Midcap 100,20220701,26356.60,26639.80,26179.20,26587.30,356509440
NIFTY Midcap 100,20220704,26609.55,26791.10,26502.50,26769.55,320523392
NIFTY Midcap 100,20220705,26871.10,27011.35,26650.40,26698.10,337074624
NIFTY Midcap 100,20220706,26747.50,27237.20,26640.35,27204.35,341720480
NIFTY Midcap 100,20220707,27389.65,27594.65,27360.65,27572.45,341614528
NIFTY Midcap 100,20220708,27740.75,27749.50,27459.45,27649.05,295833280
NIFTY Midcap 100,20220711,27557.10,27949.80,27496.05,27908.05,466145024
NIFTY Midcap 100,20220712,27811.10,28010.80,27730.65,27782.05,389749888
NIFTY Midcap 100,20220713,27925.90,28032.10,27751.20,27827.85,314388800
NIFTY Midcap 100,20220714,27895.90,27945.90,27553.55,27803.50,330838784
NIFTY Midcap 100,20220715,27903.55,28051.15,27796.45,28017.25,342512992
NIFTY Midcap 100,20220718,28236.35,28437.15,28201.90,28409.75,418477088
NIFTY Midcap 100,20220719,28336.15,28635.95,28297.25,28600.95,431207616
NIFTY Midcap 100,20220720,28870.65,28871.50,28596.30,28654.40,374750880
NIFTY Midcap 100,20220721,28682.00,29087.75,28630.70,29049.15,529241312
NIFTY Midcap 100,20220722,29181.60,29236.60,28953.20,29047.85,449635360
NIFTY Midcap 100,20220725,29048.35,29091.60,28870.80,29020.75,447472608
NIFTY Midcap 100,20220726,29050.30,29055.10,28626.95,28658.75,354955840
NIFTY Midcap 100,20220727,28633.65,29003.90,28556.85,28976.30,484150048
NIFTY Midcap 100,20220728,29153.55,29245.75,28979.90,29219.75,504785568
NIFTY Midcap 100,20220729,29426.75,29676.10,29399.10,29634.25,623328128
NIFTY Midcap 100,20220801,29791.70,30155.85,29641.00,30128.00,841890240
NIFTY Midcap 100,20220802,30110.55,30288.25,29942.40,30228.15,1606620032
NIFTY Midcap 100,20220803,30207.00,30243.95,29758.90,30017.65,845260032
NIFTY Midcap 100,20220804,30158.75,30287.80,29658.95,30190.85,837133888
NIFTY Midcap 100,20220805,30273.95,30354.35,30167.50,30258.35,563972096
NIFTY Midcap 100,20220808,30282.90,30481.15,30155.75,30366.05,455641312
NIFTY Midcap 100,20220810,30459.00,30494.40,30190.30,30318.90,502057728
NIFTY Midcap 100,20220811,30547.75,30641.30,30519.30,30583.85,468893248
NIFTY Midcap 100,20220812,30633.30,30850.10,30560.75,30806.35,458468960
NIFTY Midcap 100,20220816,30963.90,31272.10,30925.85,31254.55,573026048
NIFTY Midcap 100,20220817,31371.30,31491.45,31339.90,31401.40,690200256
NIFTY Midcap 100,20220818,31394.95,31550.25,31315.60,31460.20,566063296
NIFTY Midcap 100,20220819,31550.45,31593.00,30911.80,31005.00,624151360
NIFTY Midcap 100,20220822,30906.65,30906.65,30316.80,30379.50,386834624
NIFTY Midcap 100,20220823,30106.55,30798.85,30098.50,30734.65,516026528
NIFTY Midcap 100,20220824,30704.70,30986.35,30663.35,30960.90,596750016
NIFTY Midcap 100,20220825,31122.85,31215.00,30895.90,30942.90,885842496
NIFTY Midcap 100,20220826,31126.75,31293.40,31046.40,31112.95,507155904
NIFTY Midcap 100,20220829,30250.05,30893.50,30246.90,30853.85,468062144
NIFTY Midcap 100,20220830,31084.05,31519.40,31076.95,31481.70,591752896
NIFTY Midcap 100,20220901,31270.80,31588.70,31222.40,31516.30,528465984
NIFTY Midcap 100,20220902,31671.75,31747.50,31353.20,31402.30,440487328
NIFTY Midcap 100,20220905,31477.95,31588.65,31455.85,31522.30,658959680
NIFTY Midcap 100,20220906,31664.65,31734.60,31524.55,31706.05,557825984
NIFTY Midcap 100,20220907,31617.75,31893.75,31564.55,31865.55,1049415040
NIFTY Midcap 100,20220908,32092.00,32158.45,31855.50,31923.05,761843136
NIFTY Midcap 100,20220909,32126.00,32213.55,31927.15,32035.90,689925056
NIFTY Midcap 100,20220912,32181.80,32382.30,32148.95,32345.45,433499712
NIFTY Midcap 100,20220913,32502.70,32603.25,32360.30,32398.75,623231104
NIFTY Midcap 100,20220914,31973.10,32386.70,31928.60,32291.75,608540032
NIFTY Midcap 100,20220915,32452.30,32569.25,32208.35,32415.70,554627072
NIFTY Midcap 100,20220916,32399.40,32443.60,31288.25,31494.90,759518784
NIFTY Midcap 100,20220919,31551.45,31639.75,31184.55,31504.40,491126624
NIFTY Midcap 100,20220920,31743.55,32172.75,31733.65,31955.50,377343648
NIFTY Midcap 100,20220921,31984.90,32186.35,31647.90,31718.70,501413408
NIFTY Midcap 100,20220922,31613.70,31897.65,31407.85,31826.10,508416352
NIFTY Midcap 100,20220923,31861.25,31917.35,31030.15,31078.70,517362496
NIFTY Midcap 100,20220926,30797.65,30814.00,29894.05,30111.80,593350208
NIFTY Midcap 100,20220927,30267.50,30437.05,29898.85,30160.70,438324320
NIFTY Midcap 100,20220928,29965.65,30332.15,29884.45,30066.15,445185376
NIFTY Midcap 100,20220929,30375.20,30498.45,30027.70,30185.65,568153984
NIFTY Midcap 100,20220930,30178.55,30731.40,29878.95,30668.30,717706880
NIFTY Midcap 100,20221003,30672.55,30767.85,30167.80,30284.65,600585664
NIFTY Midcap 100,20221004,30753.30,31119.50,30669.40,31090.60,644836032
NIFTY Midcap 100,20221006,31339.00,31566.70,31326.35,31482.70,598148160
NIFTY Midcap 100,20221007,31505.25,31534.45,31177.10,31406.80,472995840
NIFTY Midcap 100,20221010,31041.15,31210.05,30909.80,31109.35,388762656
NIFTY Midcap 100,20221011,31204.45,31210.80,30494.30,30567.70,454947360
NIFTY Midcap 100,20221012,30670.35,30801.25,30346.30,30756.55,434534976
NIFTY Midcap 100,20221013,30769.60,30824.70,30411.80,30544.70,393165184
NIFTY Midcap 100,20221014,30979.80,31042.05,30491.50,30524.45,410604000
NIFTY Midcap 100,20221017,30435.00,30611.70,30176.25,30572.65,439366976
NIFTY Midcap 100,20221018,30791.90,30931.40,30663.60,30908.00,629457472
NIFTY Midcap 100,20221019,31000.75,31085.90,30901.95,30984.45,504676768
NIFTY Midcap 100,20221020,30828.80,30937.15,30632.10,30901.35,534369952
NIFTY Midcap 100,20221021,30983.75,31091.65,30602.15,30691.85,621898624
NIFTY Midcap 100,20221024,31024.30,31024.65,30812.60,30845.20,161046656
NIFTY Midcap 100,20221025,30897.85,31065.90,30674.85,30982.70,762846528
NIFTY Midcap 100,20221027,31089.40,31218.50,31022.95,31172.35,635781824
NIFTY Midcap 100,20221028,31238.35,31267.75,30927.20,31003.25,561333952
NIFTY Midcap 100,20221031,31144.90,31454.90,31142.40,31432.30,458324416
NIFTY Midcap 100,20221101,31536.95,31741.80,31510.75,31705.50,643449280
NIFTY Midcap 100,20221102,31725.15,31828.30,31623.90,31680.00,450257568
NIFTY Midcap 100,20221103,31547.90,31828.75,31524.65,31786.85,658187712
NIFTY Midcap 100,20221104,31838.40,31913.60,31649.15,31707.90,612819648
NIFTY Midcap 100,20221107,31872.10,31990.25,31789.60,31963.60,649153344
NIFTY Midcap 100,20221109,32075.65,32081.55,31672.40,31726.30,978436672
NIFTY Midcap 100,20221110,31638.30,31666.35,31238.65,31358.65,680727168
NIFTY Midcap 100,20221111,31722.45,31830.00,31322.20,31381.70,727211648
NIFTY Midcap 100,20221114,31384.55,31475.90,31190.55,31399.15,755978112
NIFTY Midcap 100,20221115,31424.05,31483.65,31321.35,31403.55,404375936
NIFTY Midcap 100,20221116,31454.10,31524.55,31073.80,31197.90,539352704
NIFTY Midcap 100,20221117,31165.15,31184.10,30997.35,31072.00,486451648
NIFTY Midcap 100,20221118,31162.80,31196.55,30750.70,30916.70,585081408
NIFTY Midcap 100,20221121,30909.85,30976.70,30792.95,30901.50,613051968
NIFTY Midcap 100,20221122,30969.15,31093.85,30932.35,31070.00,621143488
NIFTY Midcap 100,20221123,31171.00,31234.75,31103.75,31150.65,627983168
NIFTY Midcap 100,20221124,31267.95,31311.70,31192.55,31289.25,548069120
NIFTY Midcap 100,20221125,31368.15,31625.30,31356.35,31587.65,1032890752
NIFTY Midcap 100,20221128,31600.40,31850.15,31582.55,31818.90,719617600
NIFTY Midcap 100,20221129,31832.85,31889.60,31632.80,31677.30,565509376
NIFTY Midcap 100,20221130,31722.80,32120.40,31716.05,32037.90,806265792
NIFTY Midcap 100,20221201,32201.85,32325.75,32083.90,32283.85,558922176
NIFTY Midcap 100,20221202,32311.40,32590.45,32288.60,32566.85,912713088
NIFTY Midcap 100,20221205,32684.10,32685.45,32465.35,32646.95,688299840
NIFTY Midcap 100,20221206,32585.70,32647.00,32432.00,32495.25,894817792
NIFTY Midcap 100,20221207,32548.10,32591.90,32264.80,32308.30,640299520
NIFTY Midcap 100,20221208,32390.25,32526.05,32294.80,32503.95,656441536
NIFTY Midcap 100,20221209,32662.20,32761.95,32093.35,32374.50,2022210432
NIFTY Midcap 100,20221212,32386.70,32514.65,32100.85,32490.95,1356930688
NIFTY Midcap 100,20221213,32595.50,32685.45,32495.15,32667.30,1822502784
NIFTY Midcap 100,20221214,32794.35,32937.15,32734.80,32863.20,2270024448
NIFTY Midcap 100,20221215,32864.30,32939.30,32450.95,32530.75,1347238400
NIFTY Midcap 100,20221216,32391.50,32492.20,31924.10,32010.10,1090869376
NIFTY Midcap 100,20221219,32066.50,32207.95,31843.25,32186.85,746311936
NIFTY Midcap 100,20221220,32127.10,32191.40,31804.80,32117.00,750388032
NIFTY Midcap 100,20221221,32236.10,32387.25,31518.55,31610.30,979692544
NIFTY Midcap 100,20221222,31764.80,31856.85,31093.15,31336.65,1041261952
NIFTY Midcap 100,20221223,31027.00,31103.85,30101.20,30157.65,1092099072
NIFTY Midcap 100,20221226,30163.95,31063.60,29910.15,30977.00,1218034432
NIFTY Midcap 100,20221227,31193.90,31360.50,31006.10,31283.75,1092366720
NIFTY Midcap 100,20221228,31275.95,31406.35,31089.70,31325.55,923860416
NIFTY Midcap 100,20221229,31210.10,31426.65,30965.80,31350.90,823082048
NIFTY Midcap 100,20221230,31553.90,31679.45,31454.85,31509.10,897054720
NIFTY Midcap 100,20230102,31630.60,31811.35,31498.05,31786.45,1000704512
NIFTY Midcap 100,20230103,31850.80,31951.65,31757.15,31860.35,878981888
NIFTY Midcap 100,20230104,31898.25,31947.50,31399.95,31503.10,909202752
NIFTY Midcap 100,20230105,31615.40,31693.50,31395.75,31661.50,672093760
NIFTY Midcap 100,20230106,31702.80,31735.95,31305.80,31420.20,666124736
NIFTY Midcap 100,20230109,31653.35,31760.45,31533.85,31716.65,664195584
NIFTY Midcap 100,20230110,31771.00,31771.00,31383.70,31559.30,661665728
NIFTY Midcap 100,20230111,31633.55,31668.55,31404.65,31457.20,637606912
NIFTY Midcap 100,20230112,31566.20,31566.50,31236.70,31360.10,568592768
NIFTY Midcap 100,20230113,31427.25,31428.25,31144.90,31328.35,625736576
NIFTY Midcap 100,20230116,31404.25,31522.10,31218.75,31253.05,720845120
NIFTY Midcap 100,20230117,31310.50,31321.05,31002.50,31217.60,583619520
NIFTY Midcap 100,20230118,31283.80,31408.50,31190.25,31379.30,484176224
NIFTY Midcap 100,20230119,31301.70,31388.30,31221.00,31344.60,545909312
NIFTY Midcap 100,20230120,31359.30,31387.70,31064.15,31099.80,500703936
NIFTY Midcap 100,20230123,31138.05,31297.80,31029.55,31273.80,873502464
NIFTY Midcap 100,20230124,31328.25,31370.25,31107.70,31151.85,529635808
NIFTY Midcap 100,20230125,31117.60,31117.60,30614.60,30694.30,624258816
NIFTY Midcap 100,20230127,30749.75,30782.50,29895.35,30241.90,795757120
NIFTY Midcap 100,20230130,30223.40,30494.35,29960.80,30185.85,785705216
NIFTY Midcap 100,20230131,30275.60,30736.10,30111.00,30676.45,711345600
NIFTY Midcap 100,20230201,30934.30,31179.75,29869.15,30386.65,841874496
NIFTY Midcap 100,20230202,30274.60,30587.85,30149.45,30433.00,671952384
NIFTY Midcap 100,20230203,30511.05,30566.75,29926.85,30378.10,697651712
NIFTY Midcap 100,20230206,30375.50,30704.35,30336.90,30670.65,1177996800
NIFTY Midcap 100,20230207,30718.55,30760.15,30502.80,30663.80,615254080
NIFTY Midcap 100,20230208,30722.55,30982.65,30629.85,30944.00,517174080
NIFTY Midcap 100,20230209,31016.25,31036.65,30846.75,30956.65,429116448
NIFTY Midcap 100,20230210,30874.95,31093.00,30806.65,31029.45,498317440
NIFTY Midcap 100,20230213,30973.15,31008.90,30521.75,30565.35,534201056
NIFTY Midcap 100,20230214,30591.50,30655.45,30321.90,30481.80,405187136
NIFTY Midcap 100,20230215,30427.50,30705.35,30405.25,30671.00,324261760
NIFTY Midcap 100,20230216,30800.85,30981.40,30736.20,30886.50,386482432
NIFTY Midcap 100,20230217,30803.95,30863.15,30591.80,30642.05,398613632
NIFTY Midcap 100,20230220,30715.00,30826.40,30491.60,30666.90,562131840
NIFTY Midcap 100,20230221,30743.25,30788.25,30519.05,30556.80,514057312
NIFTY Midcap 100,20230222,30452.95,30517.55,30124.35,30211.00,503388512
NIFTY Midcap 100,20230223,30226.10,30257.60,29883.50,30165.65,674869312
NIFTY Midcap 100,20230224,30257.90,30373.65,30060.80,30103.40,527924000
NIFTY Midcap 100,20230227,30078.35,30081.85,29631.10,29894.90,475945856
NIFTY Midcap 100,20230228,29960.50,30166.25,29875.55,30117.30,619321792
NIFTY Midcap 100,20230301,30182.90,30613.95,30176.75,30584.10,681324544
NIFTY Midcap 100,20230302,30605.95,30621.10,30455.85,30486.75,544557120
NIFTY Midcap 100,20230303,30644.35,30768.60,30600.75,30697.65,665780992
NIFTY Midcap 100,20230306,30840.45,31093.95,30825.75,30960.05,523361952
NIFTY Midcap 100,20230308,30839.85,31150.65,30774.75,31119.25,440933632
NIFTY Midcap 100,20230309,31197.05,31258.85,30901.65,30948.65,406513408
NIFTY Midcap 100,20230310,30753.50,30753.90,30463.15,30717.45,386170112
NIFTY Midcap 100,20230313,30630.70,30742.30,30023.85,30106.85,904080064
NIFTY Midcap 100,20230314,30132.85,30165.50,29808.80,29949.35,553409664
NIFTY Midcap 100,20230315,30170.15,30248.25,29919.95,29971.25,480564896
NIFTY Midcap 100,20230316,29907.00,30092.35,29598.70,29997.50,629242816
NIFTY Midcap 100,20230317,30204.35,30284.60,29983.10,30092.25,953637760
NIFTY Midcap 100,20230320,30078.90,30139.35,29543.15,29782.55,650152000
NIFTY Midcap 100,20230321,29897.85,29995.60,29797.55,29958.15,485817472
NIFTY Midcap 100,20230322,30072.25,30160.60,30011.25,30040.60,567502848
NIFTY Midcap 100,20230323,29992.85,30071.60,29884.15,29916.70,388397088
NIFTY Midcap 100,20230324,29915.95,29944.75,29504.40,29565.45,467597984
NIFTY Midcap 100,20230327,29578.20,29634.65,29386.05,29426.60,464226976
NIFTY Midcap 100,20230328,29483.95,29516.80,29200.20,29324.75,447550784
NIFTY Midcap 100,20230329,29291.10,29833.60,29291.10,29775.55,540184256
NIFTY Midcap 100,20230331,29914.35,30144.15,29907.05,30035.15,542357120
NIFTY Midcap 100,20230403,30199.00,30200.10,30049.05,30166.75,486284160
NIFTY Midcap 100,20230405,30189.05,30197.00,30074.25,30160.15,475093472
NIFTY Midcap 100,20230406,30152.80,30397.60,30058.05,30353.80,476543616
NIFTY Midcap 100,20230410,30455.85,30505.90,30328.75,30470.10,383470240
NIFTY Midcap 100,20230411,30553.45,30696.10,30501.40,30623.50,396869920
NIFTY Midcap 100,20230412,30691.35,30838.90,30659.55,30824.05,408010912
NIFTY Midcap 100,20230413,30895.30,30977.05,30745.05,30884.65,430034752
NIFTY Midcap 100,20230417,30812.80,31023.75,30682.75,31006.50,413952864
NIFTY Midcap 100,20230418,31084.00,31271.30,31036.60,31240.75,767030848
NIFTY Midcap 100,20230419,31307.10,31361.40,31173.90,31211.25,577953152
NIFTY Midcap 100,20230420,31271.70,31316.55,31197.00,31219.55,390644544
NIFTY Midcap 100,20230421,31274.35,31276.00,30954.90,31087.35,663625344
NIFTY Midcap 100,20230424,31113.70,31228.75,30999.15,31210.00,606460160
NIFTY Midcap 100,20230425,31228.50,31279.10,31140.00,31180.60,638239872
NIFTY Midcap 100,20230426,31150.15,31250.35,31028.55,31228.85,712616896
NIFTY Midcap 100,20230427,31254.35,31433.40,31242.25,31404.20,911427072
NIFTY Midcap 100,20230428,31477.75,31816.30,31452.85,31794.75,717241600
NIFTY Midcap 100,20230502,31948.85,32171.80,31926.85,32101.80,885310336
NIFTY Midcap 100,20230503,32053.25,32257.80,31982.20,32186.20,926229888
NIFTY Midcap 100,20230504,32243.80,32399.35,32227.70,32374.35,803307008
NIFTY Midcap 100,20230505,32393.10,32455.25,32110.50,32148.85,745036096
NIFTY Midcap 100,20230508,32259.65,32500.85,32233.50,32476.10,699886464
NIFTY Midcap 100,20230509,32571.90,32739.55,32437.75,32488.50,610839296
NIFTY Midcap 100,20230510,32578.10,32578.40,32276.95,32505.35,621574144
NIFTY Midcap 100,20230511,32625.55,32694.20,32541.05,32601.30,687678848
NIFTY Midcap 100,20230512,32646.60,32646.60,32417.30,32468.45,497153216
NIFTY Midcap 100,20230515,32493.00,32779.50,32421.70,32709.40,467447520
NIFTY Midcap 100,20230516,32830.85,33044.80,32766.85,32792.85,723503680
NIFTY Midcap 100,20230517,32821.10,32868.05,32529.45,32762.75,647186368
NIFTY Midcap 100,20230518,32904.00,32934.20,32520.25,32570.55,445369952
NIFTY Midcap 100,20230519,32615.25,32616.25,32232.40,32550.35,459521376
NIFTY Midcap 100,20230522,32530.05,32776.35,32450.55,32756.40,430454848
NIFTY Midcap 100,20230523,32873.10,33000.80,32830.90,32961.90,433319040
NIFTY Midcap 100,20230524,32975.00,33136.70,32865.40,33031.35,508827136
NIFTY Midcap 100,20230525,33018.70,33188.40,32972.40,33157.10,630426880
NIFTY Midcap 100,20230526,33199.80,33454.75,33180.00,33425.10,512544832
NIFTY Midcap 100,20230529,33574.25,33613.65,33427.10,33551.00,597037440
NIFTY Midcap 100,20230530,33598.10,33695.45,33541.45,33635.30,461842400
NIFTY Midcap 100,20230531,33616.30,33814.70,33540.95,33761.30,863782464
NIFTY Midcap 100,20230601,33788.25,33961.95,33774.85,33812.40,442497568
NIFTY Midcap 100,20230602,33926.80,34006.55,33891.50,33966.80,446449728
NIFTY Midcap 100,20230605,34113.20,34170.35,33984.25,34015.20,443641152
NIFTY Midcap 100,20230606,34041.55,34065.50,33830.00,34035.90,368652320
NIFTY Midcap 100,20230607,34168.60,34417.95,34150.40,34390.10,651497472
NIFTY Midcap 100,20230608,34502.15,34534.70,34157.70,34200.40,860080576
NIFTY Midcap 100,20230609,34298.65,34355.80,34114.10,34153.05,533078752
NIFTY Midcap 100,20230612,34255.20,34372.30,34090.95,34342.30,412005472
NIFTY Midcap 100,20230613,34431.95,34781.20,34428.30,34761.00,628718976
NIFTY Midcap 100,20230614,34864.55,34870.20,34737.25,34833.30,786886208
NIFTY Midcap 100,20230615,34883.00,35029.80,34790.45,34907.00,603581056
NIFTY Midcap 100,20230616,35026.70,35198.05,34995.80,35144.30,624854144
NIFTY Midcap 100,20230619,35282.05,35396.85,35122.90,35158.05,626890048
