NIFTY Smallcap 100,20180402,7828.10,7938.85,7827.40,7929.20,297978816
NIFTY Smallcap 100,20180403,7912.55,8066.20,7906.45,8060.90,383384032
NIFTY Smallcap 100,20180404,8117.00,8164.75,7936.10,7946.75,418918816
NIFTY Smallcap 100,20180405,8051.55,8137.75,8050.15,8128.70,435839424
NIFTY Smallcap 100,20180406,8149.70,8219.90,8098.25,8204.95,414777056
NIFTY Smallcap 100,20180409,8231.25,8264.20,8199.35,8215.70,257345136
NIFTY Smallcap 100,20180410,8259.40,8272.30,8174.95,8215.05,276239456
NIFTY Smallcap 100,20180411,8236.95,8238.10,8163.05,8205.65,315835456
NIFTY Smallcap 100,20180412,8201.40,8224.75,8150.10,8167.85,226002928
NIFTY Smallcap 100,20180413,8193.75,8256.00,8168.90,8204.00,260589696
NIFTY Smallcap 100,20180416,8156.75,8258.25,8139.65,8251.35,277672640
NIFTY Smallcap 100,20180417,8288.90,8305.05,8240.05,8279.85,253482656
NIFTY Smallcap 100,20180418,8315.75,8319.95,8220.15,8240.70,287393824
NIFTY Smallcap 100,20180419,8272.80,8320.15,8228.70,8315.30,300458144
NIFTY Smallcap 100,20180420,8309.85,8325.70,8275.40,8321.50,246405984
NIFTY Smallcap 100,20180423,8318.40,8373.15,8300.45,8336.80,222004944
NIFTY Smallcap 100,20180424,8371.00,8392.05,8296.30,8303.40,336143168
NIFTY Smallcap 100,20180425,8296.95,8329.30,8218.10,8236.95,316661184
NIFTY Smallcap 100,20180426,8251.90,8261.20,8200.40,8238.25,350126368
NIFTY Smallcap 100,20180427,8279.80,8326.05,8271.70,8279.10,260638272
NIFTY Smallcap 100,20180430,8329.60,8393.20,8304.65,8389.85,263439296
NIFTY Smallcap 100,20180502,8418.90,8436.30,8242.25,8291.30,395087648
NIFTY Smallcap 100,20180503,8281.40,8284.85,8161.40,8214.35,347812416
NIFTY Smallcap 100,20180504,8210.00,8223.85,8158.60,8186.20,366580544
NIFTY Smallcap 100,20180507,8229.00,8249.25,8185.35,8245.55,250110432
NIFTY Smallcap 100,20180508,8277.30,8316.35,8250.35,8296.20,264140544
NIFTY Smallcap 100,20180509,8286.85,8323.90,8267.80,8274.20,203347808
NIFTY Smallcap 100,20180510,8294.40,8312.45,8117.90,8125.80,288624992
NIFTY Smallcap 100,20180511,8159.25,8172.15,8083.30,8099.45,276324480
NIFTY Smallcap 100,20180514,8112.85,8115.65,7972.30,7992.85,319433536
NIFTY Smallcap 100,20180515,7989.00,8101.75,7858.45,7904.80,363180000
NIFTY Smallcap 100,20180516,7862.20,7965.40,7825.20,7923.85,468924928
NIFTY Smallcap 100,20180517,7960.10,8021.70,7930.60,8000.95,869785664
NIFTY Smallcap 100,20180518,8018.80,8025.45,7799.65,7814.40,1114488832
NIFTY Smallcap 100,20180521,7812.50,7827.15,7602.45,7622.55,698318848
NIFTY Smallcap 100,20180522,7632.90,7746.05,7605.20,7735.15,606142144
NIFTY Smallcap 100,20180523,7740.90,7810.80,7691.20,7699.00,325387520
NIFTY Smallcap 100,20180524,7740.85,7765.15,7660.00,7697.75,344851136
NIFTY Smallcap 100,20180525,7730.40,7823.55,7719.10,7814.50,360413280
NIFTY Smallcap 100,20180528,7850.80,7957.10,7840.00,7949.80,380350016
NIFTY Smallcap 100,20180529,7958.20,7999.70,7899.60,7929.80,427913216
NIFTY Smallcap 100,20180530,7873.95,7955.95,7861.20,7907.15,573184384
NIFTY Smallcap 100,20180531,7946.35,7954.50,7820.30,7829.65,709971072
NIFTY Smallcap 100,20180601,7834.10,7854.35,7689.90,7700.35,476832352
NIFTY Smallcap 100,20180604,7725.50,7730.20,7475.00,7487.10,274387200
NIFTY Smallcap 100,20180605,7448.30,7453.05,7251.75,7302.30,351936160
NIFTY Smallcap 100,20180606,7273.35,7443.40,7224.00,7428.55,498351520
NIFTY Smallcap 100,20180607,7496.25,7599.65,7488.65,7589.35,356231808
NIFTY Smallcap 100,20180608,7575.45,7667.15,7542.65,7658.10,278799488
NIFTY Smallcap 100,20180611,7682.05,7741.20,7667.15,7673.70,217899072
NIFTY Smallcap 100,20180612,7696.15,7731.50,7687.10,7726.70,293162688
NIFTY Smallcap 100,20180613,7748.40,7787.70,7704.85,7710.20,264897888
NIFTY Smallcap 100,20180614,7708.65,7721.25,7665.80,7710.40,233748272
NIFTY Smallcap 100,20180615,7712.95,7747.00,7614.05,7629.20,250970144
NIFTY Smallcap 100,20180618,7624.90,7634.10,7555.85,7566.55,282241568
NIFTY Smallcap 100,20180619,7541.05,7549.00,7429.50,7454.60,409448160
NIFTY Smallcap 100,20180620,7467.10,7510.80,7447.50,7495.70,365841312
NIFTY Smallcap 100,20180621,7500.40,7508.45,7408.95,7415.25,245410288
NIFTY Smallcap 100,20180622,7409.05,7440.35,7371.40,7433.20,224450608
NIFTY Smallcap 100,20180625,7431.90,7492.30,7380.25,7387.10,215833584
NIFTY Smallcap 100,20180626,7366.65,7393.05,7309.35,7318.25,243652992
NIFTY Smallcap 100,20180627,7331.25,7336.25,7093.50,7152.35,350717120
NIFTY Smallcap 100,20180628,7151.50,7151.60,6999.10,7011.75,390769152
NIFTY Smallcap 100,20180629,7071.10,7185.45,7070.80,7177.75,292950208
NIFTY Smallcap 100,20180702,7214.65,7222.20,7063.75,7130.25,258722496
NIFTY Smallcap 100,20180703,7126.95,7186.80,7076.25,7180.50,205543552
NIFTY Smallcap 100,20180704,7186.10,7215.35,7155.25,7212.10,223818384
NIFTY Smallcap 100,20180705,7223.00,7229.25,7151.90,7161.65,222861536
NIFTY Smallcap 100,20180706,7163.95,7255.65,7157.95,7222.90,193710128
NIFTY Smallcap 100,20180709,7284.95,7353.00,7280.95,7345.15,211769600
NIFTY Smallcap 100,20180710,7382.45,7451.10,7382.45,7446.40,220383776
NIFTY Smallcap 100,20180711,7439.85,7461.35,7390.05,7409.00,202187920
NIFTY Smallcap 100,20180712,7448.05,7484.55,7365.40,7395.80,257138704
NIFTY Smallcap 100,20180713,7384.45,7391.80,7198.20,7206.25,229949120
NIFTY Smallcap 100,20180716,7201.05,7201.05,6969.35,6984.00,276992288
NIFTY Smallcap 100,20180717,6976.15,7103.60,6938.50,7097.45,296435648
NIFTY Smallcap 100,20180718,7150.30,7178.35,6959.85,7018.45,299603872
NIFTY Smallcap 100,20180719,7039.70,7043.50,6923.40,6976.50,269841856
NIFTY Smallcap 100,20180720,6981.40,7036.20,6945.65,7030.75,241011728
NIFTY Smallcap 100,20180723,7059.30,7088.30,6997.10,7082.05,337138176
NIFTY Smallcap 100,20180724,7110.45,7256.50,7091.35,7246.80,366776480
NIFTY Smallcap 100,20180725,7281.70,7309.90,7259.50,7274.75,356288480
NIFTY Smallcap 100,20180726,7291.90,7326.55,7282.55,7318.80,278170816
NIFTY Smallcap 100,20180727,7337.95,7410.65,7331.60,7402.85,272425856
NIFTY Smallcap 100,20180730,7425.65,7457.30,7404.05,7437.85,235935712
NIFTY Smallcap 100,20180731,7443.10,7474.30,7425.60,7465.75,298762336
NIFTY Smallcap 100,20180801,7483.75,7516.10,7433.15,7468.25,299382176
NIFTY Smallcap 100,20180802,7484.25,7509.40,7410.40,7475.60,269422240
NIFTY Smallcap 100,20180803,7513.80,7583.05,7513.70,7581.75,416491584
NIFTY Smallcap 100,20180806,7620.80,7646.15,7588.80,7597.35,295466976
NIFTY Smallcap 100,20180807,7619.80,7626.85,7520.90,7532.45,335964064
NIFTY Smallcap 100,20180808,7541.50,7594.10,7528.40,7555.30,392743200
NIFTY Smallcap 100,20180809,7579.65,7639.90,7578.45,7623.85,714595456
NIFTY Smallcap 100,20180810,7629.20,7632.70,7521.70,7537.30,436936896
NIFTY Smallcap 100,20180813,7471.60,7518.05,7415.75,7463.65,451175040
NIFTY Smallcap 100,20180814,7476.55,7519.75,7464.80,7492.85,339712096
NIFTY Smallcap 100,20180816,7478.00,7527.40,7425.15,7449.30,416011104
NIFTY Smallcap 100,20180817,7489.40,7534.20,7479.80,7522.50,366448736
NIFTY Smallcap 100,20180820,7542.40,7562.40,7529.30,7549.85,317125472
NIFTY Smallcap 100,20180821,7568.40,7598.35,7533.50,7587.20,462973856
NIFTY Smallcap 100,20180823,7608.75,7615.55,7528.00,7554.10,270119552
NIFTY Smallcap 100,20180824,7552.85,7585.10,7494.00,7532.30,382733280
NIFTY Smallcap 100,20180827,7566.25,7606.55,7565.40,7589.75,336178560
NIFTY Smallcap 100,20180828,7629.40,7640.85,7585.45,7597.70,332245504
NIFTY Smallcap 100,20180829,7608.60,7647.10,7597.15,7605.55,332812544
NIFTY Smallcap 100,20180830,7633.25,7653.70,7610.75,7642.25,419221280
NIFTY Smallcap 100,20180831,7654.95,7689.40,7620.15,7668.95,310988448
NIFTY Smallcap 100,20180903,7709.30,7745.15,7640.10,7651.80,333497152
NIFTY Smallcap 100,20180904,7666.75,7672.60,7432.45,7453.90,323930912
NIFTY Smallcap 100,20180905,7441.40,7462.70,7327.35,7435.15,358042592
NIFTY Smallcap 100,20180906,7469.85,7492.65,7409.80,7482.25,238209760
NIFTY Smallcap 100,20180907,7498.25,7530.95,7447.60,7520.20,225138704
NIFTY Smallcap 100,20180910,7512.90,7540.50,7415.90,7427.65,238892880
NIFTY Smallcap 100,20180911,7455.45,7467.45,7303.95,7313.50,238807744
NIFTY Smallcap 100,20180912,7319.30,7321.15,7181.25,7281.40,342544512
NIFTY Smallcap 100,20180914,7339.30,7399.25,7339.30,7388.35,303257088
NIFTY Smallcap 100,20180917,7374.85,7431.65,7330.15,7400.80,384840032
NIFTY Smallcap 100,20180918,7417.20,7443.80,7239.50,7246.95,434716544
NIFTY Smallcap 100,20180919,7277.25,7291.25,7129.10,7167.05,307413984
NIFTY Smallcap 100,20180921,7211.65,7229.95,6644.15,6902.25,507958560
NIFTY Smallcap 100,20180924,6928.05,6930.90,6699.85,6722.45,354308960
NIFTY Smallcap 100,20180925,6700.55,6716.55,6523.60,6642.35,388792864
NIFTY Smallcap 100,20180926,6685.75,6713.15,6623.15,6647.95,345148128
NIFTY Smallcap 100,20180927,6657.55,6668.60,6469.40,6480.75,375816608
NIFTY Smallcap 100,20180928,6488.90,6495.00,6109.00,6150.95,537840320
NIFTY Smallcap 100,20181001,6126.85,6179.20,5936.65,6166.75,459683360
NIFTY Smallcap 100,20181003,6165.30,6297.75,6111.75,6195.45,394675488
NIFTY Smallcap 100,20181004,6105.15,6149.80,6008.60,6059.45,378550560
NIFTY Smallcap 100,20181005,6035.90,6088.20,5878.70,5911.65,283336544
NIFTY Smallcap 100,20181008,5886.35,5914.35,5694.50,5770.20,340338528
NIFTY Smallcap 100,20181009,5792.60,5824.80,5684.55,5756.30,274608224
NIFTY Smallcap 100,20181010,5792.95,5998.85,5791.95,5989.20,349328320
NIFTY Smallcap 100,20181011,5793.85,5942.90,5753.95,5863.00,303606016
NIFTY Smallcap 100,20181012,5927.65,6044.15,5924.90,6024.75,331562432
NIFTY Smallcap 100,20181015,6075.30,6123.45,6027.20,6111.35,287998624
NIFTY Smallcap 100,20181016,6165.40,6245.65,6162.70,6233.65,383934176
NIFTY Smallcap 100,20181017,6318.30,6340.90,6059.55,6069.55,368272480
NIFTY Smallcap 100,20181019,6018.60,6081.00,5938.25,5993.25,317640352
NIFTY Smallcap 100,20181022,6030.40,6038.60,5862.50,5874.10,280756832
NIFTY Smallcap 100,20181023,5808.75,5859.10,5751.90,5802.75,280556160
NIFTY Smallcap 100,20181024,5864.65,5902.80,5804.45,5859.85,215887728
NIFTY Smallcap 100,20181025,5799.35,5822.00,5746.75,5784.20,284916256
NIFTY Smallcap 100,20181026,5757.65,5788.55,5669.85,5747.95,368574912
NIFTY Smallcap 100,20181029,5793.45,5904.80,5741.10,5892.15,334453952
NIFTY Smallcap 100,20181030,5909.40,6012.75,5901.55,5977.45,381317760
NIFTY Smallcap 100,20181031,6003.10,6070.75,5938.25,6062.60,320341952
NIFTY Smallcap 100,20181101,6092.20,6189.65,6088.95,6162.40,399511008
NIFTY Smallcap 100,20181102,6233.50,6310.70,6228.95,6242.95,408078848
NIFTY Smallcap 100,20181105,6267.70,6284.70,6176.30,6218.45,289377952
NIFTY Smallcap 100,20181106,6246.50,6261.00,6167.20,6192.65,220973824
NIFTY Smallcap 100,20181107,6242.60,6269.05,6233.40,6261.70,88461816
NIFTY Smallcap 100,20181109,6274.85,6330.45,6235.00,6325.05,349122688
NIFTY Smallcap 100,20181112,6332.60,6340.50,6246.30,6254.40,303668960
NIFTY Smallcap 100,20181113,6237.30,6282.10,6190.65,6275.10,310516704
NIFTY Smallcap 100,20181114,6310.25,6315.05,6230.95,6262.15,290383840
NIFTY Smallcap 100,20181115,6266.70,6278.15,6212.65,6269.35,260504864
NIFTY Smallcap 100,20181116,6282.90,6299.20,6229.80,6247.30,360162656
NIFTY Smallcap 100,20181119,6272.00,6290.55,6241.10,6280.15,351234464
NIFTY Smallcap 100,20181120,6255.20,6280.05,6186.55,6196.90,299637600
NIFTY Smallcap 100,20181121,6212.85,6239.10,6163.45,6226.55,274479808
NIFTY Smallcap 100,20181122,6241.85,6275.15,6194.65,6203.65,280720768
NIFTY Smallcap 100,20181126,6230.00,6237.20,6132.50,6190.10,244424096
NIFTY Smallcap 100,20181127,6187.35,6231.55,6183.05,6223.90,246534672
NIFTY Smallcap 100,20181128,6234.60,6243.35,6166.30,6177.15,264679824
NIFTY Smallcap 100,20181129,6208.10,6209.65,6143.70,6171.45,351419840
NIFTY Smallcap 100,20181130,6186.20,6231.65,6173.20,6216.20,364982176
NIFTY Smallcap 100,20181203,6252.95,6278.35,6209.60,6268.80,504979552
NIFTY Smallcap 100,20181204,6278.45,6314.40,6262.55,6272.20,536503904
NIFTY Smallcap 100,20181205,6235.65,6246.20,6135.70,6160.50,352837152
NIFTY Smallcap 100,20181206,6119.35,6121.00,6031.55,6053.25,328739136
NIFTY Smallcap 100,20181207,6077.80,6100.70,6016.60,6056.65,303989600
NIFTY Smallcap 100,20181210,5955.55,5960.75,5912.80,5925.05,209290624
NIFTY Smallcap 100,20181211,5840.95,6051.85,5836.45,6033.10,318269440
NIFTY Smallcap 100,20181212,6073.35,6217.70,6073.30,6214.35,286569472
NIFTY Smallcap 100,20181213,6270.95,6319.35,6236.05,6278.60,306873888
NIFTY Smallcap 100,20181214,6272.65,6304.20,6238.00,6281.05,343720288
NIFTY Smallcap 100,20181217,6297.35,6313.30,6285.75,6298.45,220226800
NIFTY Smallcap 100,20181218,6286.50,6349.70,6270.50,6344.55,252381792
NIFTY Smallcap 100,20181219,6380.45,6434.70,6373.30,6425.35,419652384
NIFTY Smallcap 100,20181220,6407.70,6476.30,6390.35,6452.05,367247424
NIFTY Smallcap 100,20181221,6467.15,6503.45,6366.45,6378.85,365996736
NIFTY Smallcap 100,20181224,6381.50,6395.10,6306.85,6311.15,308383392
NIFTY Smallcap 100,20181226,6293.55,6322.15,6193.50,6314.75,307577024
NIFTY Smallcap 100,20181227,6367.05,6380.80,6321.60,6329.00,318539168
NIFTY Smallcap 100,20181228,6358.85,6411.05,6357.35,6399.70,239207136
NIFTY Smallcap 100,20181231,6424.35,6456.90,6423.85,6449.15,207397296
NIFTY Smallcap 100,20190101,6458.25,6480.60,6431.70,6476.55,182624048
NIFTY Smallcap 100,20190102,6463.65,6496.20,6396.45,6410.55,294826528
NIFTY Smallcap 100,20190103,6415.10,6436.55,6349.00,6357.85,200399712
NIFTY Smallcap 100,20190104,6361.65,6387.40,6303.00,6381.65,355420064
NIFTY Smallcap 100,20190107,6430.85,6437.95,6372.40,6387.45,251764608
NIFTY Smallcap 100,20190108,6389.35,6408.75,6363.50,6403.45,218136496
NIFTY Smallcap 100,20190109,6428.15,6433.25,6352.00,6389.25,231079344
NIFTY Smallcap 100,20190110,6393.55,6421.80,6382.20,6414.80,216474320
NIFTY Smallcap 100,20190111,6427.80,6430.75,6373.00,6396.30,196085600
NIFTY Smallcap 100,20190114,6402.65,6405.95,6349.50,6377.70,190928784
NIFTY Smallcap 100,20190115,6400.50,6454.35,6399.60,6449.50,257509712
NIFTY Smallcap 100,20190116,6464.20,6493.90,6447.85,6455.30,281083200
NIFTY Smallcap 100,20190117,6472.25,6485.00,6413.20,6440.25,278733472
NIFTY Smallcap 100,20190118,6447.60,6447.85,6363.75,6371.20,213535904
NIFTY Smallcap 100,20190121,6367.80,6384.05,6301.10,6312.75,249721504
NIFTY Smallcap 100,20190122,6307.40,6307.80,6254.30,6298.55,225538672
NIFTY Smallcap 100,20190123,6305.65,6323.70,6272.40,6281.20,196196048
NIFTY Smallcap 100,20190124,6287.45,6300.10,6252.85,6257.95,206581888
NIFTY Smallcap 100,20190125,6279.45,6299.30,6144.90,6158.10,205080192
NIFTY Smallcap 100,20190128,6149.15,6152.70,6035.90,6049.75,216701312
NIFTY Smallcap 100,20190129,6033.90,6082.85,6013.65,6060.35,217225264
NIFTY Smallcap 100,20190130,6084.35,6108.45,6069.70,6095.80,181134480
NIFTY Smallcap 100,20190131,6121.05,6139.95,6084.65,6132.95,259938208
NIFTY Smallcap 100,20190201,6158.00,6211.85,6092.30,6138.90,309113920
NIFTY Smallcap 100,20190204,6133.55,6134.10,6017.45,6043.75,567585088
NIFTY Smallcap 100,20190205,6039.80,6058.60,5934.50,5959.65,772980544
NIFTY Smallcap 100,20190206,5977.60,5995.00,5888.65,5987.60,525132192
NIFTY Smallcap 100,20190207,5997.95,6052.80,5982.55,6030.10,392044992
NIFTY Smallcap 100,20190208,6017.75,6018.10,5920.35,5931.60,311077984
NIFTY Smallcap 100,20190211,5921.05,5925.20,5815.75,5824.95,227788144
NIFTY Smallcap 100,20190212,5813.95,5837.35,5782.25,5805.60,286834464
NIFTY Smallcap 100,20190213,5825.10,5840.60,5744.70,5756.15,449120512
NIFTY Smallcap 100,20190214,5744.15,5800.80,5707.25,5793.95,446755232
NIFTY Smallcap 100,20190215,5794.95,5795.90,5711.40,5727.30,318713600
NIFTY Smallcap 100,20190218,5737.65,5741.15,5660.15,5671.10,281534016
NIFTY Smallcap 100,20190219,5675.40,5726.95,5665.25,5685.80,224654000
NIFTY Smallcap 100,20190220,5704.80,5754.75,5704.30,5745.80,340590112
NIFTY Smallcap 100,20190221,5762.00,5836.60,5747.15,5828.55,398408384
NIFTY Smallcap 100,20190222,5837.90,5889.00,5823.55,5879.00,624465216
NIFTY Smallcap 100,20190225,5901.05,5928.90,5900.35,5923.45,436373440
NIFTY Smallcap 100,20190226,5855.20,5913.35,5785.15,5877.55,379178752
NIFTY Smallcap 100,20190227,5902.15,6007.25,5864.10,5889.05,416609312
NIFTY Smallcap 100,20190228,5912.90,5943.75,5888.85,5934.35,342371584
NIFTY Smallcap 100,20190301,5962.45,6099.25,5961.45,6094.60,328884000
NIFTY Smallcap 100,20190305,6103.00,6345.00,6100.55,6334.70,591810240
NIFTY Smallcap 100,20190306,6378.15,6423.15,6359.60,6380.75,594818560
NIFTY Smallcap 100,20190307,6392.10,6396.70,6344.05,6358.75,439593120
NIFTY Smallcap 100,20190308,6358.80,6393.90,6329.75,6350.00,415207072
NIFTY Smallcap 100,20190311,6371.95,6506.65,6369.10,6501.10,471010624
NIFTY Smallcap 100,20190312,6549.35,6614.45,6548.00,6585.45,461980256
NIFTY Smallcap 100,20190313,6603.40,6614.00,6539.90,6571.45,385436960
NIFTY Smallcap 100,20190314,6593.60,6607.00,6534.70,6568.50,348572096
NIFTY Smallcap 100,20190315,6590.95,6621.50,6513.35,6535.65,374309600
NIFTY Smallcap 100,20190318,6561.55,6586.30,6518.25,6545.25,370961824
NIFTY Smallcap 100,20190319,6570.40,6626.80,6557.65,6610.75,408761984
NIFTY Smallcap 100,20190320,6623.35,6630.95,6579.80,6590.75,313423040
NIFTY Smallcap 100,20190322,6608.80,6625.15,6533.80,6541.10,488349152
NIFTY Smallcap 100,20190325,6487.35,6487.35,6418.30,6436.25,317022880
NIFTY Smallcap 100,20190326,6461.45,6517.65,6459.75,6510.75,356161280
NIFTY Smallcap 100,20190327,6544.75,6597.25,6543.60,6591.75,322081888
NIFTY Smallcap 100,20190328,6611.30,6661.05,6609.10,6653.65,304673696
NIFTY Smallcap 100,20190329,6687.15,6710.90,6662.30,6672.55,249537504
NIFTY Smallcap 100,20190401,6717.55,6783.25,6716.10,6737.85,384928704
NIFTY Smallcap 100,20190402,6762.45,6765.15,6681.35,6723.65,371411552
NIFTY Smallcap 100,20190403,6744.85,6775.05,6642.90,6651.65,265518688
NIFTY Smallcap 100,20190404,6664.15,6668.75,6590.25,6620.20,361517120
NIFTY Smallcap 100,20190405,6650.95,6692.70,6642.25,6686.35,205842816
NIFTY Smallcap 100,20190408,6713.55,6740.55,6630.85,6650.30,308129536
NIFTY Smallcap 100,20190409,6661.15,6662.70,6600.15,6655.95,223188144
NIFTY Smallcap 100,20190410,6649.15,6713.55,6644.90,6677.35,234290688
NIFTY Smallcap 100,20190411,6691.85,6715.95,6663.30,6694.30,256036432
NIFTY Smallcap 100,20190412,6700.25,6749.00,6698.10,6740.20,308897920
NIFTY Smallcap 100,20190415,6767.40,6822.50,6766.85,6782.75,345370880
NIFTY Smallcap 100,20190416,6809.85,6819.50,6777.20,6782.50,260443632
NIFTY Smallcap 100,20190418,6785.10,6797.60,6662.80,6679.40,262613568
NIFTY Smallcap 100,20190422,6657.35,6657.70,6554.50,6561.55,239414592
NIFTY Smallcap 100,20190423,6572.15,6596.95,6503.70,6519.60,280095456
NIFTY Smallcap 100,20190424,6543.50,6575.95,6521.30,6570.85,285442176
NIFTY Smallcap 100,20190425,6582.35,6630.65,6564.30,6572.25,288902016
NIFTY Smallcap 100,20190426,6587.30,6596.55,6541.95,6565.20,275026432
NIFTY Smallcap 100,20190430,6558.35,6561.95,6442.10,6467.55,240686560
NIFTY Smallcap 100,20190502,6459.40,6505.95,6429.95,6467.45,209758784
NIFTY Smallcap 100,20190503,6480.20,6499.45,6456.10,6467.00,164623696
NIFTY Smallcap 100,20190506,6415.75,6454.95,6397.30,6405.90,150394176
NIFTY Smallcap 100,20190507,6426.40,6442.15,6336.25,6343.25,284755712
NIFTY Smallcap 100,20190508,6322.25,6331.15,6257.65,6262.10,257262512
NIFTY Smallcap 100,20190509,6255.55,6272.85,6205.90,6232.60,240220944
NIFTY Smallcap 100,20190510,6245.15,6287.30,6234.60,6268.05,266633216
NIFTY Smallcap 100,20190513,6256.70,6261.45,6091.40,6099.45,311035488
NIFTY Smallcap 100,20190514,6080.75,6159.80,6013.95,6142.80,239587328
NIFTY Smallcap 100,20190515,6166.60,6183.05,6059.80,6068.60,228127632
NIFTY Smallcap 100,20190516,6080.00,6113.65,6038.15,6103.80,176736784
NIFTY Smallcap 100,20190517,6107.40,6150.60,6102.45,6135.95,228837152
NIFTY Smallcap 100,20190520,6315.95,6422.60,6262.80,6418.80,318939616
NIFTY Smallcap 100,20190521,6436.80,6451.70,6342.70,6361.95,244954944
NIFTY Smallcap 100,20190522,6371.45,6400.20,6329.90,6390.90,244369424
NIFTY Smallcap 100,20190523,6484.35,6538.45,6353.50,6378.10,301937856
NIFTY Smallcap 100,20190524,6409.60,6552.70,6393.85,6548.70,271081120
NIFTY Smallcap 100,20190527,6570.00,6668.80,6554.25,6655.85,277824544
NIFTY Smallcap 100,20190528,6679.90,6687.35,6623.40,6645.85,286348416
NIFTY Smallcap 100,20190529,6649.80,6651.30,6587.60,6601.45,206223184
NIFTY Smallcap 100,20190530,6609.05,6636.40,6598.85,6626.35,235380992
NIFTY Smallcap 100,20190531,6637.85,6639.10,6507.60,6548.35,359791552
NIFTY Smallcap 100,20190603,6550.65,6573.60,6511.70,6566.55,207293648
NIFTY Smallcap 100,20190604,6559.80,6623.35,6547.20,6556.00,219893088
NIFTY Smallcap 100,20190606,6566.40,6572.95,6410.95,6433.80,263651264
NIFTY Smallcap 100,20190607,6451.80,6471.05,6370.50,6431.75,244825936
NIFTY Smallcap 100,20190610,6468.30,6485.10,6369.70,6398.20,311502784
NIFTY Smallcap 100,20190611,6405.50,6416.90,6340.60,6404.80,258831536
NIFTY Smallcap 100,20190612,6400.75,6415.45,6376.20,6389.25,202939184
NIFTY Smallcap 100,20190613,6376.65,6378.30,6286.05,6348.80,223612480
NIFTY Smallcap 100,20190614,6342.65,6354.15,6284.90,6298.10,177053376
NIFTY Smallcap 100,20190617,6304.10,6306.20,6193.10,6198.55,183184176
NIFTY Smallcap 100,20190618,6198.55,6233.50,6159.50,6182.55,294979008
NIFTY Smallcap 100,20190619,6205.45,6227.55,6037.65,6069.15,410834432
NIFTY Smallcap 100,20190620,6054.75,6173.50,5994.00,6161.55,578470336
NIFTY Smallcap 100,20190621,6164.30,6192.80,6122.60,6146.15,424526432
NIFTY Smallcap 100,20190624,6146.20,6164.70,6114.65,6122.45,332010976
NIFTY Smallcap 100,20190625,6118.35,6166.95,6097.95,6161.35,321340800
NIFTY Smallcap 100,20190626,6156.35,6214.55,6150.95,6207.55,361005408
NIFTY Smallcap 100,20190627,6224.25,6262.50,6194.00,6212.80,446117472
NIFTY Smallcap 100,20190628,6220.65,6230.30,6188.85,6200.15,187994352
NIFTY Smallcap 100,20190701,6228.30,6243.20,6213.95,6236.50,129465672
NIFTY Smallcap 100,20190702,6253.30,6255.30,6205.20,6231.65,127535936
NIFTY Smallcap 100,20190703,6242.50,6259.80,6227.70,6253.30,97836976
NIFTY Smallcap 100,20190704,6262.95,6294.50,6262.85,6283.60,109647360
NIFTY Smallcap 100,20190705,6303.30,6309.05,6188.05,6200.40,145905280
NIFTY Smallcap 100,20190708,6171.75,6174.40,6036.50,6053.90,107425640
NIFTY Smallcap 100,20190709,6044.55,6084.05,6008.30,6077.40,92146136
NIFTY Smallcap 100,20190710,6083.40,6111.45,6027.90,6036.45,92859952
NIFTY Smallcap 100,20190711,6060.15,6073.15,6024.90,6056.45,105229512
NIFTY Smallcap 100,20190712,6065.95,6102.60,6055.60,6076.50,81880104
NIFTY Smallcap 100,20190715,6091.50,6096.00,6024.70,6033.30,108511648
NIFTY Smallcap 100,20190716,6034.55,6048.00,6013.80,6038.65,93691000
NIFTY Smallcap 100,20190717,6023.65,6061.30,6014.10,6025.30,132450480
NIFTY Smallcap 100,20190718,6020.65,6023.30,5955.75,5960.75,119819712
NIFTY Smallcap 100,20190719,5973.35,5975.80,5843.60,5854.65,115406160
NIFTY Smallcap 100,20190722,5830.70,5834.05,5739.35,5762.85,120229832
NIFTY Smallcap 100,20190723,5776.70,5800.80,5762.25,5790.15,89103248
NIFTY Smallcap 100,20190724,5793.65,5807.25,5701.25,5706.15,91196248
NIFTY Smallcap 100,20190725,5698.50,5732.85,5689.90,5710.75,87092672
NIFTY Smallcap 100,20190726,5693.15,5718.15,5665.10,5708.05,120830232
NIFTY Smallcap 100,20190729,5701.90,5712.20,5637.00,5644.25,96771936
NIFTY Smallcap 100,20190730,5641.45,5665.25,5489.75,5498.95,138720400
NIFTY Smallcap 100,20190731,5480.15,5526.70,5416.45,5521.55,120479248
NIFTY Smallcap 100,20190801,5501.35,5543.20,5413.35,5455.40,96231072
NIFTY Smallcap 100,20190802,5411.90,5473.90,5364.75,5437.60,95119416
NIFTY Smallcap 100,20190805,5390.50,5390.50,5267.70,5327.85,112347392
NIFTY Smallcap 100,20190806,5295.65,5430.50,5294.95,5422.80,115705136
NIFTY Smallcap 100,20190807,5443.25,5478.90,5386.90,5391.50,129054640
NIFTY Smallcap 100,20190808,5414.90,5458.35,5385.35,5445.60,97681120
NIFTY Smallcap 100,20190809,5471.55,5531.35,5469.95,5501.15,118762504
NIFTY Smallcap 100,20190813,5521.70,5526.65,5407.55,5412.95,109238624
NIFTY Smallcap 100,20190814,5437.85,5454.80,5410.05,5449.35,94474216
NIFTY Smallcap 100,20190816,5443.55,5473.70,5391.90,5465.75,98440872
NIFTY Smallcap 100,20190819,5474.70,5510.25,5466.90,5490.75,96559568
NIFTY Smallcap 100,20190820,5484.35,5490.75,5428.60,5456.70,77314208
NIFTY Smallcap 100,20190821,5446.55,5450.50,5344.20,5352.15,97418896
NIFTY Smallcap 100,20190822,5323.50,5329.25,5199.40,5207.15,133188640
NIFTY Smallcap 100,20190823,5187.85,5248.80,5114.60,5243.35,129298432
NIFTY Smallcap 100,20190826,5355.80,5372.60,5231.85,5366.00,102122384
NIFTY Smallcap 100,20190827,5404.00,5472.15,5393.40,5462.65,128047864
NIFTY Smallcap 100,20190828,5468.60,5500.05,5400.95,5427.20,91640992
NIFTY Smallcap 100,20190829,5419.60,5425.20,5365.80,5380.00,173608800
NIFTY Smallcap 100,20190830,5386.85,5452.20,5384.35,5445.95,113108272
NIFTY Smallcap 100,20190903,5408.50,5424.70,5330.20,5344.95,90668960
NIFTY Smallcap 100,20190904,5350.40,5362.90,5310.90,5354.15,87589592
NIFTY Smallcap 100,20190905,5366.30,5402.60,5366.30,5396.80,94551088
NIFTY Smallcap 100,20190906,5413.75,5451.05,5408.70,5444.50,125696784
NIFTY Smallcap 100,20190909,5433.30,5487.85,5422.90,5479.85,152052880
NIFTY Smallcap 100,20190911,5494.90,5571.85,5494.10,5561.35,150053712
NIFTY Smallcap 100,20190912,5589.20,5631.60,5570.45,5577.90,127571368
NIFTY Smallcap 100,20190913,5597.65,5623.00,5558.15,5618.70,122160192
NIFTY Smallcap 100,20190916,5581.45,5624.65,5556.15,5619.45,197340352
NIFTY Smallcap 100,20190917,5627.90,5641.05,5487.90,5497.35,186872256
NIFTY Smallcap 100,20190918,5529.90,5552.25,5487.80,5511.40,108519360
NIFTY Smallcap 100,20190919,5525.05,5525.10,5407.80,5430.60,106477632
NIFTY Smallcap 100,20190920,5440.50,5683.70,5402.85,5643.55,237379808
NIFTY Smallcap 100,20190923,5746.40,5834.65,5716.40,5827.20,177374160
NIFTY Smallcap 100,20190924,5840.70,5870.25,5809.80,5829.65,195704672
NIFTY Smallcap 100,20190925,5826.95,5827.05,5700.90,5715.90,107546744
NIFTY Smallcap 100,20190926,5730.15,5762.65,5721.75,5750.90,138400864
NIFTY Smallcap 100,20190927,5740.45,5767.75,5672.40,5683.60,201092624
NIFTY Smallcap 100,20190930,5691.75,5696.75,5576.20,5593.75,163868864
NIFTY Smallcap 100,20191001,5620.75,5627.85,5399.95,5492.65,174608064
NIFTY Smallcap 100,20191003,5479.70,5512.25,5433.10,5480.80,125360720
NIFTY Smallcap 100,20191004,5509.40,5519.95,5410.55,5416.85,135995360
NIFTY Smallcap 100,20191007,5428.80,5437.25,5338.95,5349.10,126345296
NIFTY Smallcap 100,20191009,5364.15,5400.85,5325.55,5396.15,142614848
NIFTY Smallcap 100,20191010,5388.85,5408.10,5363.30,5370.75,115009000
NIFTY Smallcap 100,20191011,5383.85,5418.35,5352.40,5398.60,148168384
NIFTY Smallcap 100,20191014,5409.65,5427.60,5393.05,5401.55,120945384
NIFTY Smallcap 100,20191015,5415.70,5428.05,5398.40,5408.35,125966792
NIFTY Smallcap 100,20191016,5437.70,5461.15,5416.05,5428.30,125128888
NIFTY Smallcap 100,20191017,5439.80,5476.90,5429.95,5472.70,124040992
NIFTY Smallcap 100,20191018,5486.10,5575.25,5480.95,5567.55,188274176
NIFTY Smallcap 100,20191022,5583.10,5645.80,5572.65,5624.00,194420864
NIFTY Smallcap 100,20191023,5644.60,5652.55,5598.10,5642.25,169944880
NIFTY Smallcap 100,20191024,5670.40,5676.45,5606.75,5615.90,153098224
NIFTY Smallcap 100,20191025,5630.10,5637.85,5583.10,5598.85,137305776
NIFTY Smallcap 100,20191029,5669.60,5715.90,5652.20,5707.55,138409968
NIFTY Smallcap 100,20191030,5737.60,5748.85,5721.25,5727.70,156584048
NIFTY Smallcap 100,20191031,5753.85,5779.85,5734.25,5745.10,179969760
NIFTY Smallcap 100,20191101,5774.05,5805.80,5771.40,5789.40,277223136
NIFTY Smallcap 100,20191104,5826.90,5852.85,5790.70,5797.60,227907104
NIFTY Smallcap 100,20191105,5816.15,5825.50,5736.55,5748.70,187775296
NIFTY Smallcap 100,20191106,5771.70,5774.80,5726.55,5734.45,141795664
NIFTY Smallcap 100,20191107,5768.20,5783.15,5749.05,5761.65,137596352
NIFTY Smallcap 100,20191108,5760.85,5809.00,5738.50,5743.10,190761984
NIFTY Smallcap 100,20191111,5756.50,5762.65,5726.45,5742.50,174646880
NIFTY Smallcap 100,20191113,5743.00,5751.60,5670.50,5688.85,213048384
NIFTY Smallcap 100,20191114,5707.40,5710.90,5656.65,5685.35,160847840
NIFTY Smallcap 100,20191115,5693.20,5708.55,5670.40,5675.25,135334576
NIFTY Smallcap 100,20191118,5696.55,5709.75,5682.30,5688.40,149960528
NIFTY Smallcap 100,20191119,5701.15,5726.85,5700.65,5709.55,161346608
NIFTY Smallcap 100,20191120,5726.20,5733.45,5703.15,5716.10,294275712
NIFTY Smallcap 100,20191121,5742.45,5749.65,5703.15,5705.95,345803008
NIFTY Smallcap 100,20191122,5718.30,5725.90,5696.05,5701.65,166657776
NIFTY Smallcap 100,20191125,5721.30,5748.40,5705.35,5744.60,166454400
NIFTY Smallcap 100,20191126,5768.20,5776.50,5710.00,5720.75,202058160
NIFTY Smallcap 100,20191127,5726.05,5743.70,5714.40,5722.90,155081184
NIFTY Smallcap 100,20191128,5732.55,5763.60,5725.80,5760.85,189043008
NIFTY Smallcap 100,20191129,5771.50,5824.30,5769.85,5814.85,240143488
NIFTY Smallcap 100,20191202,5820.65,5824.75,5758.05,5762.25,171617552
NIFTY Smallcap 100,20191203,5769.80,5774.95,5699.25,5721.60,185598256
NIFTY Smallcap 100,20191204,5710.00,5752.05,5694.75,5743.95,198618816
NIFTY Smallcap 100,20191205,5757.90,5764.65,5732.50,5751.85,204438400
NIFTY Smallcap 100,20191206,5767.80,5771.30,5681.00,5697.00,278814112
NIFTY Smallcap 100,20191209,5700.30,5706.80,5651.05,5654.55,203546000
NIFTY Smallcap 100,20191210,5658.20,5662.00,5580.85,5590.55,138446080
NIFTY Smallcap 100,20191211,5600.50,5614.35,5554.45,5578.60,170769776
NIFTY Smallcap 100,20191212,5591.80,5609.70,5577.50,5604.85,125031208
NIFTY Smallcap 100,20191213,5623.10,5655.55,5621.85,5652.20,156131648
NIFTY Smallcap 100,20191216,5672.20,5674.25,5642.45,5647.45,143572480
NIFTY Smallcap 100,20191217,5666.85,5694.05,5658.35,5690.00,154655872
NIFTY Smallcap 100,20191218,5698.70,5722.40,5678.40,5691.90,124350000
NIFTY Smallcap 100,20191219,5690.10,5698.65,5673.55,5690.85,138274944
NIFTY Smallcap 100,20191220,5704.20,5719.50,5682.50,5693.05,227542240
NIFTY Smallcap 100,20191223,5687.50,5707.95,5671.15,5679.45,128119840
NIFTY Smallcap 100,20191224,5688.95,5703.05,5674.25,5679.90,119301344
NIFTY Smallcap 100,20191226,5695.90,5710.25,5680.45,5684.60,151727472
NIFTY Smallcap 100,20191227,5711.15,5762.75,5707.70,5757.25,116023952
NIFTY Smallcap 100,20191230,5774.90,5801.90,5772.10,5796.10,151312352
NIFTY Smallcap 100,20191231,5804.20,5839.90,5789.80,5834.75,155878144
NIFTY Smallcap 100,20200101,5853.10,5884.10,5852.30,5876.20,134008880
NIFTY Smallcap 100,20200102,5892.15,5970.20,5891.90,5962.85,195057360
NIFTY Smallcap 100,20200103,5967.75,5992.65,5944.40,5960.75,281659040
NIFTY Smallcap 100,20200106,5928.60,5930.35,5817.15,5829.85,287562528
NIFTY Smallcap 100,20200107,5881.90,5938.65,5872.60,5900.65,156489232
NIFTY Smallcap 100,20200108,5826.05,5887.90,5808.80,5882.50,209976800
NIFTY Smallcap 100,20200109,5955.25,6009.60,5954.65,6005.85,152974736
NIFTY Smallcap 100,20200110,6031.65,6076.45,6027.55,6056.50,242014688
NIFTY Smallcap 100,20200113,6080.25,6117.75,6077.95,6115.35,176877568
NIFTY Smallcap 100,20200114,6135.45,6170.10,6124.15,6164.85,183036208
NIFTY Smallcap 100,20200115,6172.55,6234.45,6155.00,6229.30,199500496
NIFTY Smallcap 100,20200116,6260.90,6283.90,6247.50,6270.90,178197792
NIFTY Smallcap 100,20200117,6288.60,6299.95,6265.65,6288.10,157923104
NIFTY Smallcap 100,20200120,6324.05,6325.15,6238.55,6244.40,131158320
NIFTY Smallcap 100,20200121,6231.40,6272.20,6220.50,6248.45,147826816
NIFTY Smallcap 100,20200122,6289.90,6307.80,6235.30,6242.85,158636672
NIFTY Smallcap 100,20200123,6256.00,6299.90,6248.75,6295.60,134485984
NIFTY Smallcap 100,20200124,6309.30,6358.70,6287.85,6345.05,147672352
NIFTY Smallcap 100,20200127,6332.80,6381.90,6324.05,6346.65,145039920
NIFTY Smallcap 100,20200128,6369.25,6401.10,6311.40,6337.90,206384208
NIFTY Smallcap 100,20200129,6370.65,6390.80,6317.90,6327.95,174041984
NIFTY Smallcap 100,20200130,6329.40,6331.85,6213.75,6226.65,188370656
NIFTY Smallcap 100,20200131,6259.20,6267.75,6215.75,6226.05,121523528
NIFTY Smallcap 100,20200203,6032.00,6070.20,5984.60,6040.00,115149632
NIFTY Smallcap 100,20200204,6084.10,6156.50,6079.15,6154.00,117781008
NIFTY Smallcap 100,20200205,6162.25,6222.05,6161.65,6205.25,125780480
NIFTY Smallcap 100,20200206,6225.25,6259.95,6215.75,6240.25,114675544
NIFTY Smallcap 100,20200207,6258.60,6268.95,6226.35,6247.30,154282528
NIFTY Smallcap 100,20200210,6257.55,6265.25,6171.70,6177.90,104739464
NIFTY Smallcap 100,20200211,6214.25,6226.05,6181.85,6190.80,112095936
NIFTY Smallcap 100,20200212,6223.70,6224.10,6166.00,6176.20,163605312
NIFTY Smallcap 100,20200213,6190.85,6194.35,6156.80,6175.25,129812096
NIFTY Smallcap 100,20200214,6196.65,6211.85,6149.60,6159.75,112106128
NIFTY Smallcap 100,20200217,6176.60,6183.65,6072.95,6081.00,94808256
NIFTY Smallcap 100,20200218,6076.85,6080.55,5972.35,6059.70,175238496
NIFTY Smallcap 100,20200219,6094.55,6147.20,6090.35,6139.80,129930232
NIFTY Smallcap 100,20200220,6151.70,6196.65,6143.00,6162.00,137550032
NIFTY Smallcap 100,20200224,6133.65,6141.75,6035.70,6040.55,114676584
NIFTY Smallcap 100,20200225,6063.70,6090.40,6005.05,6026.10,188233936
NIFTY Smallcap 100,20200226,6007.45,6038.90,5969.90,5991.70,167764064
NIFTY Smallcap 100,20200227,5990.65,5996.50,5861.05,5912.05,141715200
NIFTY Smallcap 100,20200228,5758.95,5773.80,5650.35,5675.05,151043248
NIFTY Smallcap 100,20200302,5770.35,5810.95,5571.30,5607.10,142773408
NIFTY Smallcap 100,20200303,5662.50,5711.65,5594.70,5689.90,128756528
NIFTY Smallcap 100,20200304,5715.60,5730.35,5497.60,5576.60,151555968
NIFTY Smallcap 100,20200305,5605.25,5633.25,5550.75,5583.35,132275760
NIFTY Smallcap 100,20200306,5362.25,5455.55,5321.70,5440.80,113923160
NIFTY Smallcap 100,20200309,5319.50,5327.15,5124.00,5169.95,149036720
NIFTY Smallcap 100,20200311,5134.60,5250.25,5125.85,5164.00,146192048
NIFTY Smallcap 100,20200312,4900.05,4927.35,4620.30,4671.00,164938704
NIFTY Smallcap 100,20200313,4216.15,4741.70,3978.45,4721.60,204659664
NIFTY Smallcap 100,20200316,4505.45,4533.35,4400.75,4418.90,147932000
NIFTY Smallcap 100,20200317,4401.30,4456.50,4278.95,4287.90,138141840
NIFTY Smallcap 100,20200318,4329.65,4373.25,3998.20,4018.95,145187120
NIFTY Smallcap 100,20200319,3808.45,3875.40,3671.10,3795.45,144171008
NIFTY Smallcap 100,20200320,3817.10,3961.25,3770.50,3885.25,180583184
NIFTY Smallcap 100,20200323,3543.25,3603.65,3368.20,3372.65,86089648
NIFTY Smallcap 100,20200324,3447.15,3505.55,3202.90,3339.65,108739360
NIFTY Smallcap 100,20200325,3275.25,3456.95,3268.95,3441.55,83010912
NIFTY Smallcap 100,20200326,3500.00,3646.40,3462.60,3550.65,147169712
NIFTY Smallcap 100,20200327,3670.55,3738.90,3550.20,3566.95,140062144
NIFTY Smallcap 100,20200330,3503.10,3541.10,3426.50,3487.55,102889568
NIFTY Smallcap 100,20200331,3576.55,3602.25,3522.60,3594.70,114847272
NIFTY Smallcap 100,20200401,3614.40,3619.30,3528.05,3540.60,89123440
NIFTY Smallcap 100,20200403,3577.50,3580.25,3474.85,3485.75,108523664
NIFTY Smallcap 100,20200407,3609.55,3626.00,3566.30,3614.60,121667232
NIFTY Smallcap 100,20200408,3629.80,3767.90,3611.40,3679.45,141219408
NIFTY Smallcap 100,20200409,3768.75,3827.45,3767.40,3822.15,151927424
NIFTY Smallcap 100,20200413,3870.85,3874.10,3727.00,3802.30,191074032
NIFTY Smallcap 100,20200415,3855.30,3944.95,3823.10,3850.30,243662320
NIFTY Smallcap 100,20200416,3868.35,3974.55,3844.80,3958.50,171480896
NIFTY Smallcap 100,20200417,4089.70,4097.30,4028.80,4091.15,204237424
NIFTY Smallcap 100,20200420,4160.15,4161.75,4100.05,4105.85,168779104
NIFTY Smallcap 100,20200421,4045.20,4046.95,3931.85,3948.85,158997200
NIFTY Smallcap 100,20200422,3949.35,3978.45,3886.85,3969.30,206736560
NIFTY Smallcap 100,20200423,4006.95,4057.45,4000.50,4038.15,192222256
NIFTY Smallcap 100,20200424,4010.85,4012.85,3947.15,3959.60,172602048
NIFTY Smallcap 100,20200427,4018.50,4030.75,3987.60,3992.00,162419424
NIFTY Smallcap 100,20200428,4048.50,4054.25,3976.95,4021.65,136944896
NIFTY Smallcap 100,20200429,4055.60,4074.65,4029.75,4050.70,155681152
NIFTY Smallcap 100,20200430,4124.65,4148.50,4068.45,4078.00,192885264
NIFTY Smallcap 100,20200504,3987.50,3992.65,3932.70,3946.35,133772472
NIFTY Smallcap 100,20200505,3990.55,4018.90,3895.50,3896.75,118587376
NIFTY Smallcap 100,20200506,3918.90,3935.55,3866.10,3922.95,140023472
NIFTY Smallcap 100,20200507,3930.50,3965.90,3924.30,3944.05,107843976
NIFTY Smallcap 100,20200508,3992.15,4005.05,3905.80,3910.60,124252928
NIFTY Smallcap 100,20200511,3959.45,3971.10,3899.70,3904.85,125258640
NIFTY Smallcap 100,20200512,3898.35,3905.50,3820.40,3878.85,152563504
NIFTY Smallcap 100,20200513,4040.65,4040.65,3939.35,3975.70,191398224
NIFTY Smallcap 100,20200514,3959.50,3978.70,3924.75,3936.20,152552112
NIFTY Smallcap 100,20200515,3957.45,3959.40,3911.80,3935.10,142226224
NIFTY Smallcap 100,20200518,3945.75,3950.65,3785.15,3804.90,157924960
NIFTY Smallcap 100,20200519,3839.60,3855.25,3799.95,3811.95,147466528
NIFTY Smallcap 100,20200520,3814.60,3856.75,3812.90,3851.75,119023312
NIFTY Smallcap 100,20200521,3863.90,3905.30,3863.85,3875.20,143586464
NIFTY Smallcap 100,20200522,3878.55,3902.80,3832.35,3850.85,172342944
NIFTY Smallcap 100,20200526,3880.25,3889.95,3856.70,3880.20,115315136
NIFTY Smallcap 100,20200527,3903.50,3912.00,3862.75,3905.60,129530832
NIFTY Smallcap 100,20200528,3937.95,3980.50,3936.80,3968.50,187193808
NIFTY Smallcap 100,20200529,3966.05,4022.80,3956.05,4002.80,250206192
NIFTY Smallcap 100,20200601,4079.40,4148.05,4076.50,4131.10,267169296
NIFTY Smallcap 100,20200602,4175.40,4234.40,4158.45,4228.65,264420208
NIFTY Smallcap 100,20200603,4302.75,4332.10,4262.40,4278.15,278586016
NIFTY Smallcap 100,20200604,4306.50,4328.25,4241.90,4278.55,282383488
NIFTY Smallcap 100,20200605,4333.70,4430.25,4332.00,4423.10,344383584
NIFTY Smallcap 100,20200608,4524.15,4542.70,4457.95,4477.70,310595168
NIFTY Smallcap 100,20200609,4514.50,4518.80,4391.00,4414.15,293716000
NIFTY Smallcap 100,20200610,4435.00,4445.15,4388.90,4436.80,241567328
NIFTY Smallcap 100,20200611,4455.75,4489.30,4390.35,4398.35,262253184
NIFTY Smallcap 100,20200612,4206.60,4397.05,4206.55,4393.50,259042032
NIFTY Smallcap 100,20200615,4416.95,4452.40,4380.20,4409.60,225857600
NIFTY Smallcap 100,20200616,4486.95,4495.35,4322.20,4404.75,230743536
NIFTY Smallcap 100,20200617,4396.30,4453.50,4387.95,4426.95,190841696
NIFTY Smallcap 100,20200618,4437.75,4498.00,4433.70,4493.20,283980128
NIFTY Smallcap 100,20200619,4536.75,4585.05,4525.00,4576.75,298010336
NIFTY Smallcap 100,20200622,4629.75,4689.50,4628.00,4682.50,314288736
NIFTY Smallcap 100,20200623,4740.00,4760.90,4689.45,4756.30,281257248
NIFTY Smallcap 100,20200624,4807.35,4823.95,4663.95,4670.55,404634496
NIFTY Smallcap 100,20200625,4632.60,4700.25,4618.70,4694.50,231746304
NIFTY Smallcap 100,20200626,4744.10,4756.05,4699.85,4708.35,202317232
NIFTY Smallcap 100,20200629,4700.10,4700.25,4612.15,4643.15,197397856
NIFTY Smallcap 100,20200630,4671.65,4682.50,4597.50,4614.95,201316096
NIFTY Smallcap 100,20200701,4623.90,4664.65,4595.00,4654.10,162761168
NIFTY Smallcap 100,20200702,4695.35,4710.00,4684.90,4695.65,199659984
NIFTY Smallcap 100,20200703,4725.85,4729.70,4686.55,4706.00,164767760
NIFTY Smallcap 100,20200706,4744.15,4793.95,4738.95,4791.65,255309632
NIFTY Smallcap 100,20200707,4817.35,4844.85,4782.30,4839.60,400258176
NIFTY Smallcap 100,20200708,4866.15,4896.85,4818.10,4827.80,319853696
NIFTY Smallcap 100,20200709,4858.40,4886.35,4851.85,4880.15,237937584
NIFTY Smallcap 100,20200710,4876.15,4912.20,4840.90,4870.25,255944704
NIFTY Smallcap 100,20200713,4909.30,4918.90,4852.95,4872.65,164167008
NIFTY Smallcap 100,20200714,4858.70,4859.65,4751.35,4799.85,183489008
NIFTY Smallcap 100,20200715,4835.30,4872.05,4781.55,4794.40,174124432
NIFTY Smallcap 100,20200716,4808.15,4818.05,4740.50,4788.80,146057952
NIFTY Smallcap 100,20200717,4811.30,4857.95,4807.00,4851.95,219485776
NIFTY Smallcap 100,20200720,4884.50,4915.10,4876.75,4907.95,199202832
NIFTY Smallcap 100,20200721,4944.15,4957.55,4922.60,4928.05,200188272
NIFTY Smallcap 100,20200722,4956.80,4971.80,4887.25,4927.65,212656944
NIFTY Smallcap 100,20200723,4941.70,4995.45,4938.50,4978.55,183484912
NIFTY Smallcap 100,20200724,4962.55,4998.40,4933.40,4989.40,215249328
NIFTY Smallcap 100,20200727,5023.45,5028.35,4938.35,4959.50,166086192
NIFTY Smallcap 100,20200728,4990.90,5034.65,4984.55,5027.15,154513680
NIFTY Smallcap 100,20200729,5052.95,5081.95,5013.85,5022.65,161791456
NIFTY Smallcap 100,20200730,5031.80,5057.55,4953.65,4969.15,156615440
NIFTY Smallcap 100,20200731,4988.25,5023.00,4949.95,5010.60,145640208
NIFTY Smallcap 100,20200803,5024.05,5082.50,5012.50,5062.35,132717832
NIFTY Smallcap 100,20200804,5103.85,5137.90,5083.25,5131.70,152296672
NIFTY Smallcap 100,20200805,5169.00,5199.45,5152.55,5189.45,193611824
NIFTY Smallcap 100,20200806,5212.20,5234.90,5190.25,5208.30,151297280
NIFTY Smallcap 100,20200807,5213.90,5274.05,5205.40,5262.90,167271040
NIFTY Smallcap 100,20200810,5296.90,5355.00,5294.15,5351.15,162414480
NIFTY Smallcap 100,20200811,5401.70,5410.05,5364.90,5371.00,215977712
NIFTY Smallcap 100,20200812,5364.45,5399.45,5336.55,5393.00,257313648
NIFTY Smallcap 100,20200813,5423.45,5466.90,5420.95,5433.65,237475024
NIFTY Smallcap 100,20200814,5460.95,5475.20,5327.90,5369.35,299264928
NIFTY Smallcap 100,20200817,5432.45,5436.50,5355.85,5414.55,195042912
NIFTY Smallcap 100,20200818,5445.95,5504.15,5434.90,5497.00,180335344
NIFTY Smallcap 100,20200819,5540.55,5585.80,5535.35,5565.00,322180192
NIFTY Smallcap 100,20200820,5530.25,5631.15,5515.40,5601.90,268321920
NIFTY Smallcap 100,20200821,5647.35,5686.20,5647.20,5659.45,210119888
NIFTY Smallcap 100,20200824,5713.70,5772.40,5709.70,5754.15,211500192
NIFTY Smallcap 100,20200825,5806.95,5821.25,5747.65,5785.35,217548528
NIFTY Smallcap 100,20200826,5826.40,5862.45,5816.65,5846.70,212820976
NIFTY Smallcap 100,20200827,5890.65,5911.15,5867.15,5877.90,184727440
NIFTY Smallcap 100,20200828,5912.95,5926.90,5858.60,5867.30,183994032
NIFTY Smallcap 100,20200831,5905.95,5916.00,5537.65,5588.60,212220992
NIFTY Smallcap 100,20200901,5584.05,5639.30,5528.75,5609.35,104360312
NIFTY Smallcap 100,20200902,5632.05,5714.75,5616.80,5705.95,85357296
NIFTY Smallcap 100,20200903,5735.00,5783.20,5733.45,5745.50,96514760
NIFTY Smallcap 100,20200904,5638.35,5726.05,5607.25,5678.90,125197312
NIFTY Smallcap 100,20200907,5704.45,5734.60,5644.40,5685.45,108524008
NIFTY Smallcap 100,20200908,5704.00,5726.10,5608.15,5631.15,98508520
NIFTY Smallcap 100,20200909,5574.05,5575.95,5474.80,5546.25,104069512
NIFTY Smallcap 100,20200910,5600.30,5665.55,5600.10,5634.80,96700336
NIFTY Smallcap 100,20200911,5659.90,5670.25,5631.35,5650.15,105725080
NIFTY Smallcap 100,20200914,5730.60,5972.20,5729.55,5957.75,181996592
NIFTY Smallcap 100,20200915,6008.65,6058.70,5976.55,6049.15,139054752
NIFTY Smallcap 100,20200916,6082.05,6083.15,6022.70,6048.20,103787520
NIFTY Smallcap 100,20200917,6022.65,6051.95,5994.95,6017.95,109249904
NIFTY Smallcap 100,20200918,6054.25,6072.70,5979.70,5991.50,153730032
NIFTY Smallcap 100,20200921,6015.25,6033.00,5739.05,5757.95,107835656
NIFTY Smallcap 100,20200922,5748.95,5755.50,5475.45,5656.75,128625176
NIFTY Smallcap 100,20200923,5711.90,5768.10,5596.00,5657.55,80981376
NIFTY Smallcap 100,20200924,5563.30,5579.90,5500.35,5512.05,80918096
NIFTY Smallcap 100,20200925,5576.85,5661.20,5554.70,5654.95,140025152
NIFTY Smallcap 100,20200928,5727.90,5869.95,5724.85,5857.55,155738368
NIFTY Smallcap 100,20200929,5911.50,5926.15,5814.05,5839.40,111893168
NIFTY Smallcap 100,20200930,5867.20,5871.25,5812.35,5822.95,95704008
NIFTY Smallcap 100,20201001,5901.85,5913.85,5850.90,5861.15,197334112
NIFTY Smallcap 100,20201005,5888.55,5905.60,5864.35,5895.95,174408448
NIFTY Smallcap 100,20201006,5940.05,5951.80,5908.20,5923.65,118267016
NIFTY Smallcap 100,20201007,5947.70,5952.15,5897.75,5903.90,125179424
NIFTY Smallcap 100,20201008,5950.90,5964.40,5884.80,5890.25,140367200
NIFTY Smallcap 100,20201009,5907.15,5917.20,5866.75,5876.60,100259504
NIFTY Smallcap 100,20201012,5903.85,5906.50,5822.35,5855.00,85030512
NIFTY Smallcap 100,20201013,5861.50,5871.35,5835.80,5844.95,112261520
NIFTY Smallcap 100,20201014,5847.30,5870.10,5809.90,5859.90,95582816
NIFTY Smallcap 100,20201015,5884.10,5899.15,5745.35,5759.00,113428408
NIFTY Smallcap 100,20201016,5797.95,5850.30,5725.55,5839.30,108600552
NIFTY Smallcap 100,20201019,5880.90,5889.85,5849.95,5882.05,91810720
NIFTY Smallcap 100,20201020,5874.30,5909.35,5854.70,5904.35,113694976
NIFTY Smallcap 100,20201021,5943.65,5963.45,5828.40,5897.70,114516832
NIFTY Smallcap 100,20201022,5897.90,5970.70,5888.20,5957.40,114308848
NIFTY Smallcap 100,20201023,5995.90,6006.15,5981.30,5994.10,124278104
NIFTY Smallcap 100,20201026,6017.45,6023.10,5915.75,5932.70,90385984
NIFTY Smallcap 100,20201027,5930.80,5963.20,5864.60,5951.35,90473240
NIFTY Smallcap 100,20201028,5959.90,5980.55,5887.55,5893.10,86734800
NIFTY Smallcap 100,20201029,5832.75,5863.30,5795.70,5839.10,85019976
NIFTY Smallcap 100,20201030,5860.65,5909.20,5790.65,5819.05,89309224
NIFTY Smallcap 100,20201102,5808.70,5828.55,5718.85,5728.60,79731480
NIFTY Smallcap 100,20201103,5763.35,5786.35,5722.75,5732.85,75567688
NIFTY Smallcap 100,20201104,5753.05,5779.90,5705.30,5725.95,80364032
NIFTY Smallcap 100,20201105,5785.85,5830.00,5784.35,5824.55,88115824
NIFTY Smallcap 100,20201106,5860.10,5901.75,5853.30,5859.10,96247984
NIFTY Smallcap 100,20201109,5908.00,5915.40,5858.95,5878.30,92896528
NIFTY Smallcap 100,20201110,5925.85,5929.20,5858.15,5874.90,137470704
NIFTY Smallcap 100,20201111,5882.80,5932.50,5859.05,5917.20,137076784
NIFTY Smallcap 100,20201112,5932.40,6001.35,5914.60,5994.80,163786752
NIFTY Smallcap 100,20201113,5998.55,6052.40,5987.85,6043.50,153406160
NIFTY Smallcap 100,20201117,6109.75,6115.50,6057.25,6104.65,128638040
NIFTY Smallcap 100,20201118,6104.05,6135.10,6093.15,6124.20,158403072
NIFTY Smallcap 100,20201119,6104.60,6194.25,6083.15,6111.65,253720752
NIFTY Smallcap 100,20201120,6139.75,6200.55,6123.60,6182.25,202723040
NIFTY Smallcap 100,20201123,6260.00,6321.85,6249.40,6309.65,222402720
NIFTY Smallcap 100,20201124,6369.60,6386.05,6352.25,6380.00,218473456
NIFTY Smallcap 100,20201125,6419.65,6434.40,6314.50,6323.20,163158608
NIFTY Smallcap 100,20201126,6351.75,6381.55,6292.40,6377.40,156014960
NIFTY Smallcap 100,20201127,6397.00,6594.30,6395.00,6573.30,204989776
NIFTY Smallcap 100,20201201,6627.95,6651.95,6599.10,6633.05,219636688
NIFTY Smallcap 100,20201202,6664.45,6665.60,6585.25,6632.55,197104464
NIFTY Smallcap 100,20201203,6677.20,6684.55,6661.95,6675.35,314818208
NIFTY Smallcap 100,20201204,6709.15,6726.95,6652.25,6699.35,229081200
NIFTY Smallcap 100,20201207,6734.25,6793.85,6728.25,6783.85,294144928
NIFTY Smallcap 100,20201208,6835.55,6851.45,6695.75,6782.55,276228800
NIFTY Smallcap 100,20201209,6816.15,6838.00,6806.80,6817.25,222780224
NIFTY Smallcap 100,20201210,6815.35,6816.15,6689.30,6781.35,169582336
NIFTY Smallcap 100,20201211,6822.35,6871.95,6771.25,6823.95,220348032
NIFTY Smallcap 100,20201214,6880.30,6906.05,6846.70,6879.75,209852416
NIFTY Smallcap 100,20201215,6896.25,6905.80,6840.15,6892.70,166257920
NIFTY Smallcap 100,20201216,6944.40,6991.15,6933.60,6962.35,239171792
NIFTY Smallcap 100,20201217,7003.30,7030.95,6958.60,6972.50,217956048
NIFTY Smallcap 100,20201218,7003.10,7011.75,6877.35,6957.70,221157504
NIFTY Smallcap 100,20201221,6959.30,6981.20,6464.90,6608.05,218691088
NIFTY Smallcap 100,20201222,6570.95,6696.90,6361.25,6658.75,266857200
NIFTY Smallcap 100,20201223,6710.70,6842.55,6704.00,6840.45,176838112
NIFTY Smallcap 100,20201224,6891.55,6934.40,6871.70,6902.10,173273072
NIFTY Smallcap 100,20201228,6960.30,7033.70,6956.70,7018.40,179374240
NIFTY Smallcap 100,20201229,7061.25,7079.65,6971.60,7017.05,156725984
NIFTY Smallcap 100,20201230,7044.00,7073.05,6968.60,7066.15,173125792
NIFTY Smallcap 100,20201231,7081.20,7121.05,7060.60,7087.60,250698192
NIFTY Smallcap 100,20210101,7109.65,7190.80,7109.35,7169.75,243963808
NIFTY Smallcap 100,20210104,7226.35,7264.85,7166.55,7258.15,340680160
NIFTY Smallcap 100,20210105,7227.80,7307.70,7184.10,7301.95,493223808
NIFTY Smallcap 100,20210106,7343.55,7385.75,7227.65,7298.75,512777696
NIFTY Smallcap 100,20210107,7372.30,7432.75,7371.65,7398.55,499877984
NIFTY Smallcap 100,20210108,7473.40,7492.35,7424.85,7443.00,419828160
NIFTY Smallcap 100,20210111,7509.10,7525.95,7414.75,7440.15,279881792
NIFTY Smallcap 100,20210112,7463.10,7479.90,7430.65,7447.00,289000320
NIFTY Smallcap 100,20210113,7486.85,7517.15,7353.60,7433.75,274595040
NIFTY Smallcap 100,20210114,7466.60,7495.10,7398.50,7481.30,198201088
NIFTY Smallcap 100,20210115,7511.05,7530.40,7355.15,7401.60,218867568
NIFTY Smallcap 100,20210118,7415.45,7421.75,7236.90,7270.65,197446400
NIFTY Smallcap 100,20210119,7323.40,7403.50,7321.85,7395.65,204689088
NIFTY Smallcap 100,20210120,7432.00,7470.20,7423.05,7439.20,188924752
NIFTY Smallcap 100,20210121,7493.80,7514.35,7362.50,7391.25,197234640
NIFTY Smallcap 100,20210122,7422.00,7459.40,7320.35,7348.20,177139440
NIFTY Smallcap 100,20210125,7418.30,7451.05,7176.35,7261.60,134938512
NIFTY Smallcap 100,20210127,7264.10,7310.75,7199.40,7272.55,163777872
NIFTY Smallcap 100,20210128,7190.25,7271.35,7149.95,7222.05,193086576
NIFTY Smallcap 100,20210129,7293.70,7319.40,7165.15,7176.85,148849584
NIFTY Smallcap 100,20210201,7213.65,7328.75,7131.25,7320.75,265244016
NIFTY Smallcap 100,20210202,7397.45,7463.05,7376.85,7410.65,193639744
NIFTY Smallcap 100,20210203,7464.50,7524.95,7388.80,7500.80,163053024
NIFTY Smallcap 100,20210204,7526.80,7626.65,7505.30,7616.95,255246912
NIFTY Smallcap 100,20210205,7676.40,7703.05,7619.05,7637.00,216188560
NIFTY Smallcap 100,20210208,7708.15,7778.85,7704.00,7753.30,205611152
NIFTY Smallcap 100,20210209,7786.85,7799.70,7694.25,7717.45,225862992
NIFTY Smallcap 100,20210210,7755.05,7793.50,7719.65,7774.75,191574256
NIFTY Smallcap 100,20210211,7806.50,7931.50,7798.95,7915.35,224702544
NIFTY Smallcap 100,20210212,7964.65,7985.70,7891.55,7930.70,184991216
NIFTY Smallcap 100,20210215,7978.40,8015.10,7944.80,7964.00,159429424
NIFTY Smallcap 100,20210216,8004.80,8023.80,7924.65,7974.95,154710000
NIFTY Smallcap 100,20210217,7982.20,8020.35,7950.10,7977.45,195106560
NIFTY Smallcap 100,20210218,8032.00,8093.70,8024.65,8054.25,318754112
NIFTY Smallcap 100,20210219,8050.65,8113.00,7909.10,7980.25,307720768
NIFTY Smallcap 100,20210222,7994.80,8022.70,7863.80,7885.05,199255840
NIFTY Smallcap 100,20210223,7939.90,7985.85,7863.25,7959.45,182802176
NIFTY Smallcap 100,20210224,8002.35,8056.20,7979.00,8033.95,130341336
NIFTY Smallcap 100,20210225,8104.55,8158.55,8089.05,8148.50,299891104
NIFTY Smallcap 100,20210226,8045.15,8138.95,7991.55,8049.70,350277472
NIFTY Smallcap 100,20210301,8144.50,8229.05,8119.55,8216.55,399330496
NIFTY Smallcap 100,20210302,8291.20,8325.35,8244.85,8318.25,337702592
NIFTY Smallcap 100,20210303,8394.55,8444.60,8383.70,8400.75,451018624
NIFTY Smallcap 100,20210304,8347.55,8529.55,8325.25,8499.35,497651424
NIFTY Smallcap 100,20210305,8506.05,8568.60,8320.65,8367.85,367897344
NIFTY Smallcap 100,20210308,8447.50,8494.15,8390.55,8405.90,233859168
NIFTY Smallcap 100,20210309,8480.25,8507.35,8270.80,8323.90,214497744
NIFTY Smallcap 100,20210310,8392.20,8446.05,8362.60,8439.35,211837600
NIFTY Smallcap 100,20210312,8515.45,8556.75,8418.20,8482.90,385753152
NIFTY Smallcap 100,20210315,8530.35,8536.15,8341.05,8416.10,229350992
NIFTY Smallcap 100,20210316,8451.20,8479.35,8406.30,8441.40,215789232
NIFTY Smallcap 100,20210317,8463.65,8483.45,8234.30,8255.15,206564096
NIFTY Smallcap 100,20210318,8335.70,8394.05,8071.50,8149.45,188097168
NIFTY Smallcap 100,20210319,8089.15,8244.25,7889.15,8206.90,294561280
NIFTY Smallcap 100,20210322,8244.90,8277.65,8167.25,8209.65,184022560
NIFTY Smallcap 100,20210323,8244.05,8279.90,8214.90,8239.45,198846624
NIFTY Smallcap 100,20210324,8212.10,8247.05,8053.50,8065.80,217023456
NIFTY Smallcap 100,20210325,8086.50,8094.15,7827.60,7891.35,180002416
NIFTY Smallcap 100,20210326,7991.45,8028.55,7943.60,7982.65,166727584
NIFTY Smallcap 100,20210330,8068.35,8097.40,8009.60,8083.55,182297328
NIFTY Smallcap 100,20210331,8111.65,8146.00,8087.75,8113.15,142281456
NIFTY Smallcap 100,20210401,8183.65,8289.85,8182.85,8282.55,198225936
NIFTY Smallcap 100,20210405,8278.50,8283.80,8059.55,8162.00,184525040
NIFTY Smallcap 100,20210406,8211.40,8281.25,8145.40,8272.50,193370288
NIFTY Smallcap 100,20210407,8301.55,8426.90,8298.10,8414.35,194362688
NIFTY Smallcap 100,20210408,8468.10,8564.05,8465.55,8519.10,260329728
NIFTY Smallcap 100,20210409,8536.40,8587.15,8513.00,8559.10,181335760
NIFTY Smallcap 100,20210412,8422.80,8428.65,8024.05,8084.15,212100384
NIFTY Smallcap 100,20210413,8108.25,8261.45,8101.50,8186.25,128123232
NIFTY Smallcap 100,20210415,8162.60,8226.65,8076.85,8171.00,159290192
NIFTY Smallcap 100,20210416,8212.70,8291.95,8186.45,8263.60,165774544
NIFTY Smallcap 100,20210419,8085.65,8105.00,7950.45,8065.50,164729264
NIFTY Smallcap 100,20210420,8165.20,8225.05,8099.45,8146.45,151152768
NIFTY Smallcap 100,20210422,8132.40,8236.55,8118.10,8216.00,189335392
NIFTY Smallcap 100,20210423,8221.75,8308.65,8202.90,8250.55,229432752
NIFTY Smallcap 100,20210426,8327.20,8362.30,8311.90,8343.95,174883296
NIFTY Smallcap 100,20210427,8375.55,8497.00,8375.50,8489.15,245210096
NIFTY Smallcap 100,20210428,8544.05,8585.45,8524.40,8543.25,188341888
NIFTY Smallcap 100,20210429,8615.80,8637.05,8516.95,8599.15,254786368
NIFTY Smallcap 100,20210430,8544.70,8645.10,8524.80,8565.10,208971472
NIFTY Smallcap 100,20210503,8527.80,8660.80,8513.15,8658.15,219652288
NIFTY Smallcap 100,20210504,8725.85,8770.70,8565.85,8580.90,262149360
NIFTY Smallcap 100,20210505,8645.90,8673.60,8604.85,8616.20,157988352
NIFTY Smallcap 100,20210506,8665.95,8689.40,8621.75,8676.10,214789472
NIFTY Smallcap 100,20210507,8750.10,8772.55,8720.10,8737.20,403398816
NIFTY Smallcap 100,20210510,8824.50,8888.30,8803.45,8870.60,363350720
NIFTY Smallcap 100,20210511,8822.40,8972.90,8797.80,8942.90,402400224
NIFTY Smallcap 100,20210512,8996.75,9030.60,8852.20,8890.55,408138464
NIFTY Smallcap 100,20210514,8958.95,8972.35,8732.75,8759.05,356625152
NIFTY Smallcap 100,20210517,8820.95,8872.20,8781.75,8859.40,280369920
NIFTY Smallcap 100,20210518,8949.95,9033.35,8949.00,8999.85,291341056
NIFTY Smallcap 100,20210519,9020.55,9064.80,9013.20,9052.35,282474080
NIFTY Smallcap 100,20210520,9088.35,9116.40,9006.65,9036.90,331847872
NIFTY Smallcap 100,20210521,9107.85,9133.10,9072.10,9087.80,234864320
NIFTY Smallcap 100,20210524,9139.60,9200.25,9117.85,9179.10,286530048
NIFTY Smallcap 100,20210525,9245.35,9268.70,9157.05,9171.85,272645824
NIFTY Smallcap 100,20210526,9215.55,9264.35,9212.40,9226.95,256474752
NIFTY Smallcap 100,20210527,9269.55,9344.35,9225.00,9320.25,295143680
NIFTY Smallcap 100,20210528,9367.50,9389.30,9241.95,9254.15,228029712
NIFTY Smallcap 100,20210531,9303.75,9317.45,9237.90,9267.20,217035872
NIFTY Smallcap 100,20210601,9330.75,9351.40,9192.20,9207.20,201755584
NIFTY Smallcap 100,20210602,9229.55,9336.85,9223.70,9327.75,200382096
NIFTY Smallcap 100,20210603,9407.50,9454.20,9402.50,9440.35,216235936
NIFTY Smallcap 100,20210604,9497.20,9525.35,9465.80,9475.10,199110880
NIFTY Smallcap 100,20210607,9544.85,9631.70,9530.40,9622.65,311400288
NIFTY Smallcap 100,20210608,9666.70,9681.55,9568.55,9674.40,247402256
NIFTY Smallcap 100,20210609,9726.35,9755.05,9500.80,9544.00,293253600
NIFTY Smallcap 100,20210610,9607.40,9705.75,9605.00,9698.05,399720000
NIFTY Smallcap 100,20210611,9778.70,9789.95,9711.75,9750.05,558707968
NIFTY Smallcap 100,20210614,9789.05,9795.80,9507.00,9717.05,524105792
NIFTY Smallcap 100,20210615,9766.35,9811.70,9749.15,9760.45,300216000
NIFTY Smallcap 100,20210616,9788.80,9824.05,9682.05,9710.05,285072608
NIFTY Smallcap 100,20210617,9652.95,9762.30,9624.35,9658.50,242565504
NIFTY Smallcap 100,20210618,9710.70,9728.50,9291.35,9573.75,289190528
NIFTY Smallcap 100,20210621,9447.70,9646.60,9411.90,9636.05,208790592
NIFTY Smallcap 100,20210622,9712.15,9762.40,9671.15,9686.30,264848816
NIFTY Smallcap 100,20210623,9747.00,9758.20,9625.50,9635.60,186552720
NIFTY Smallcap 100,20210624,9666.35,9699.85,9615.20,9639.15,144955184
NIFTY Smallcap 100,20210625,9685.80,9708.75,9664.35,9691.10,198617120
NIFTY Smallcap 100,20210628,9734.90,9754.05,9713.00,9726.50,352184384
NIFTY Smallcap 100,20210629,9762.40,9784.80,9699.20,9712.50,353070464
NIFTY Smallcap 100,20210630,9763.00,9788.15,9722.70,9733.75,272935776
NIFTY Smallcap 100,20210701,9775.90,9818.45,9745.65,9798.40,188417808
NIFTY Smallcap 100,20210702,9856.20,9918.75,9842.65,9903.10,222196736
NIFTY Smallcap 100,20210705,9976.60,10008.20,9953.10,9981.15,237422432
NIFTY Smallcap 100,20210706,10022.25,10046.95,9893.45,9914.90,203262576
NIFTY Smallcap 100,20210707,9941.10,9984.85,9887.90,9976.20,285788224
NIFTY Smallcap 100,20210708,9998.15,10064.85,9907.35,9972.20,247845328
NIFTY Smallcap 100,20210709,9990.05,10032.25,9959.30,10026.35,220631312
NIFTY Smallcap 100,20210712,10135.85,10152.05,10058.00,10086.60,342283328
NIFTY Smallcap 100,20210713,10179.80,10197.70,10129.55,10190.45,231115776
NIFTY Smallcap 100,20210714,10221.90,10259.50,10204.20,10235.80,225990112
NIFTY Smallcap 100,20210715,10267.30,10364.90,10266.20,10333.15,237694160
NIFTY Smallcap 100,20210716,10393.50,10462.15,10364.85,10447.05,261133952
NIFTY Smallcap 100,20210719,10382.50,10497.50,10340.25,10450.70,300936160
NIFTY Smallcap 100,20210720,10463.75,10508.70,10193.70,10303.65,236653120
NIFTY Smallcap 100,20210722,10428.00,10479.65,10419.40,10454.80,274367552
NIFTY Smallcap 100,20210723,10497.65,10529.10,10395.00,10406.95,172287856
NIFTY Smallcap 100,20210726,10416.10,10462.25,10380.75,10434.75,170487120
NIFTY Smallcap 100,20210727,10486.50,10563.95,10378.20,10432.95,222474608
NIFTY Smallcap 100,20210728,10475.40,10497.90,10232.05,10381.10,298961248
NIFTY Smallcap 100,20210729,10411.45,10484.90,10383.95,10475.60,315214880
NIFTY Smallcap 100,20210730,10507.90,10564.55,10478.20,10522.10,267494784
NIFTY Smallcap 100,20210802,10609.40,10634.60,10578.15,10617.45,285599712
NIFTY Smallcap 100,20210803,10661.35,10673.55,10580.60,10591.80,181324240
NIFTY Smallcap 100,20210804,10655.50,10670.80,10469.80,10484.85,221788880
NIFTY Smallcap 100,20210805,10525.95,10530.30,10327.10,10425.05,194342704
NIFTY Smallcap 100,20210806,10437.70,10493.00,10421.55,10429.65,196874688
NIFTY Smallcap 100,20210809,10456.55,10464.35,10280.60,10335.00,227216928
NIFTY Smallcap 100,20210810,10342.75,10366.50,9978.60,10097.25,221648592
NIFTY Smallcap 100,20210811,10107.65,10144.55,9780.35,10027.75,241835488
NIFTY Smallcap 100,20210812,10072.65,10257.55,10072.35,10240.30,208991392
NIFTY Smallcap 100,20210813,10289.80,10299.65,10182.80,10200.15,190065120
NIFTY Smallcap 100,20210816,10200.40,10207.55,10102.20,10120.20,163610608
NIFTY Smallcap 100,20210817,10127.30,10150.15,10040.00,10095.35,144311072
NIFTY Smallcap 100,20210818,10130.40,10146.95,10028.70,10068.60,136181824
NIFTY Smallcap 100,20210820,9965.50,10031.60,9824.85,9850.90,231087664
NIFTY Smallcap 100,20210823,9920.20,9960.35,9569.70,9668.45,209482112
NIFTY Smallcap 100,20210824,9671.10,9875.75,9656.40,9861.50,219350160
NIFTY Smallcap 100,20210825,9920.00,9973.25,9909.40,9939.20,175976592
NIFTY Smallcap 100,20210826,9963.95,10008.45,9936.30,9963.05,153403504
NIFTY Smallcap 100,20210827,9981.90,10050.55,9938.20,10039.70,199965552
NIFTY Smallcap 100,20210830,10099.80,10219.40,10093.40,10193.35,192175824
NIFTY Smallcap 100,20210831,10239.75,10283.85,10217.75,10263.00,192548272
NIFTY Smallcap 100,20210901,10314.15,10330.90,10226.90,10297.55,182476064
NIFTY Smallcap 100,20210902,10335.75,10418.85,10333.85,10404.10,233366112
NIFTY Smallcap 100,20210903,10452.35,10480.00,10417.65,10446.50,279882176
NIFTY Smallcap 100,20210906,10502.15,10573.65,10497.55,10560.25,423757376
NIFTY Smallcap 100,20210907,10610.70,10620.15,10476.30,10550.50,233981472
NIFTY Smallcap 100,20210908,10592.70,10647.60,10560.50,10619.30,247778288
NIFTY Smallcap 100,20210909,10639.75,10700.35,10632.35,10687.75,294528704
NIFTY Smallcap 100,20210913,10729.55,10754.40,10677.85,10744.95,240264000
NIFTY Smallcap 100,20210914,10811.70,10824.15,10747.60,10775.90,219227504
NIFTY Smallcap 100,20210915,10812.90,10857.20,10787.85,10845.50,222856688
NIFTY Smallcap 100,20210916,10880.00,10940.45,10838.50,10867.20,199722048
NIFTY Smallcap 100,20210917,10933.55,10941.85,10697.40,10788.25,299371264
NIFTY Smallcap 100,20210920,10717.55,10812.50,10584.60,10602.05,219908496
NIFTY Smallcap 100,20210921,10597.30,10634.65,10415.55,10587.70,192644048
NIFTY Smallcap 100,20210922,10645.80,10765.15,10642.10,10739.90,210293760
NIFTY Smallcap 100,20210923,10819.65,10865.55,10806.00,10823.60,200339648
NIFTY Smallcap 100,20210924,10904.00,10919.60,10775.30,10836.55,216612832
NIFTY Smallcap 100,20210927,10928.45,10943.75,10798.55,10823.45,206649696
NIFTY Smallcap 100,20210928,10872.55,10879.40,10692.45,10765.40,222808128
NIFTY Smallcap 100,20210929,10716.15,10832.55,10672.90,10809.10,335214048
NIFTY Smallcap 100,20210930,10860.90,10921.55,10859.45,10890.00,511155264
NIFTY Smallcap 100,20211001,10856.25,10921.60,10837.60,10904.45,421561856
NIFTY Smallcap 100,20211004,10991.55,11093.85,10982.05,11076.50,325763360
NIFTY Smallcap 100,20211005,11107.00,11159.90,11099.80,11125.25,253778832
NIFTY Smallcap 100,20211006,11191.40,11216.55,11014.25,11033.25,460009088
NIFTY Smallcap 100,20211007,11147.50,11191.75,11146.60,11168.00,418538784
NIFTY Smallcap 100,20211008,11251.30,11321.55,11204.85,11305.70,317388320
NIFTY Smallcap 100,20211011,11396.25,11486.35,11372.95,11436.45,345323520
NIFTY Smallcap 100,20211012,11471.60,11539.30,11428.75,11528.15,707819392
NIFTY Smallcap 100,20211013,11599.60,11626.60,11511.30,11526.45,480654016
NIFTY Smallcap 100,20211014,11616.60,11644.20,11574.70,11595.90,478171744
NIFTY Smallcap 100,20211018,11702.00,11740.80,11651.00,11677.55,477715712
NIFTY Smallcap 100,20211019,11800.65,11876.50,11420.35,11480.70,559691520
NIFTY Smallcap 100,20211020,11496.20,11496.65,11122.35,11202.10,367989824
NIFTY Smallcap 100,20211021,11265.10,11299.50,11041.25,11112.25,378848928
NIFTY Smallcap 100,20211022,11206.80,11237.10,10896.90,10973.40,462197600
NIFTY Smallcap 100,20211025,11029.30,11054.10,10601.90,10716.10,288935168
NIFTY Smallcap 100,20211026,10754.05,11015.35,10754.05,10991.15,282580352
NIFTY Smallcap 100,20211027,11071.10,11077.75,10988.80,11020.85,228632800
NIFTY Smallcap 100,20211028,11043.60,11043.60,10792.60,10817.10,238379296
NIFTY Smallcap 100,20211029,10778.95,10841.40,10574.80,10766.85,245188080
NIFTY Smallcap 100,20211101,10819.85,10876.15,10780.15,10859.90,177245152
NIFTY Smallcap 100,20211102,10912.35,10985.10,10901.75,10970.30,201012464
NIFTY Smallcap 100,20211103,11002.90,11012.75,10861.85,10898.40,180096560
NIFTY Smallcap 100,20211104,11000.00,11050.15,10990.55,11039.65,59932408
NIFTY Smallcap 100,20211108,11097.85,11170.35,10981.85,11158.45,219955840
NIFTY Smallcap 100,20211109,11182.35,11232.80,11159.75,11213.00,234859280
NIFTY Smallcap 100,20211110,11193.90,11312.50,11153.20,11202.95,297497984
NIFTY Smallcap 100,20211111,11212.05,11230.85,11114.60,11145.60,189099136
NIFTY Smallcap 100,20211112,11197.40,11208.65,11112.45,11177.70,222096080
NIFTY Smallcap 100,20211115,11236.25,11239.05,11107.30,11149.30,187331376
NIFTY Smallcap 100,20211116,11183.45,11276.05,11151.00,11205.35,273977088
NIFTY Smallcap 100,20211117,11221.55,11304.20,11201.65,11219.40,218324800
NIFTY Smallcap 100,20211118,11274.05,11301.10,10990.95,11036.90,279742560
NIFTY Smallcap 100,20211122,11068.50,11077.45,10605.60,10734.05,284217376
NIFTY Smallcap 100,20211123,10674.00,10953.70,10622.35,10938.60,263828912
NIFTY Smallcap 100,20211124,11047.50,11119.20,10973.45,11007.25,320604160
NIFTY Smallcap 100,20211125,11027.20,11108.85,10950.60,11091.75,258543136
NIFTY Smallcap 100,20211126,10985.05,11064.35,10745.50,10771.15,401614496
NIFTY Smallcap 100,20211129,10645.90,10680.30,10249.30,10490.25,233789696
NIFTY Smallcap 100,20211130,10493.60,10746.40,10492.05,10660.90,351988928
NIFTY Smallcap 100,20211201,10749.70,10801.45,10606.40,10673.50,253537632
NIFTY Smallcap 100,20211202,10693.25,10752.00,10635.15,10738.50,235654016
NIFTY Smallcap 100,20211203,10779.50,10911.85,10776.75,10827.00,253397744
NIFTY Smallcap 100,20211206,10854.80,10882.70,10685.70,10709.30,232843936
NIFTY Smallcap 100,20211207,10823.00,10878.25,10796.20,10826.50,230067712
NIFTY Smallcap 100,20211208,10936.70,11043.20,10933.00,11024.25,276504544
NIFTY Smallcap 100,20211209,11106.25,11185.60,11035.15,11161.30,472343296
NIFTY Smallcap 100,20211210,11206.05,11275.65,11190.85,11251.20,628576768
NIFTY Smallcap 100,20211213,11331.10,11382.45,11214.00,11238.45,441412704
NIFTY Smallcap 100,20211214,11204.70,11280.60,11143.60,11263.35,396254304
NIFTY Smallcap 100,20211215,11294.35,11329.65,11189.00,11219.20,341918112
NIFTY Smallcap 100,20211216,11316.95,11353.85,11072.95,11125.70,431062112
NIFTY Smallcap 100,20211217,11139.15,11144.35,10831.55,10849.55,373209472
NIFTY Smallcap 100,20211220,10699.25,10703.65,10306.20,10411.70,297625728
NIFTY Smallcap 100,20211221,10493.75,10657.00,10489.95,10542.00,244699632
NIFTY Smallcap 100,20211222,10627.65,10784.10,10624.00,10768.90,190676320
NIFTY Smallcap 100,20211223,10852.15,10916.80,10834.75,10905.90,346509024
NIFTY Smallcap 100,20211224,10968.50,10974.55,10792.25,10849.40,342512032
NIFTY Smallcap 100,20211227,10834.20,10893.55,10705.10,10871.60,229871392
NIFTY Smallcap 100,20211228,10953.85,11065.60,10953.00,11040.25,219764640
NIFTY Smallcap 100,20211229,11067.05,11137.45,11040.40,11104.95,462714272
NIFTY Smallcap 100,20211230,11116.55,11170.80,11094.75,11131.70,271715488
NIFTY Smallcap 100,20211231,11181.80,11309.70,11181.60,11289.00,373975264
NIFTY Smallcap 100,20220103,11336.75,11451.60,11332.10,11418.45,253311936
NIFTY Smallcap 100,20220104,11473.70,11495.55,11349.65,11455.00,519221792
NIFTY Smallcap 100,20220105,11449.60,11466.95,11356.10,11426.45,344474144
NIFTY Smallcap 100,20220106,11339.55,11461.00,11296.15,11450.10,463244768
NIFTY Smallcap 100,20220107,11519.05,11589.10,11418.90,11492.90,428473536
NIFTY Smallcap 100,20220110,11573.85,11655.80,11561.80,11640.15,394078656
NIFTY Smallcap 100,20220111,11680.00,11714.00,11605.40,11646.70,589240256
NIFTY Smallcap 100,20220112,11746.45,11783.60,11688.25,11749.10,617334016
NIFTY Smallcap 100,20220113,11799.10,11844.35,11731.75,11821.15,493289056
NIFTY Smallcap 100,20220114,11820.45,11926.50,11781.45,11909.50,461129696
NIFTY Smallcap 100,20220117,11966.10,12025.35,11912.70,11980.75,527142016
NIFTY Smallcap 100,20220118,12040.95,12047.45,11658.70,11687.45,599155136
NIFTY Smallcap 100,20220119,11666.55,11710.65,11526.80,11688.95,504569440
NIFTY Smallcap 100,20220120,11697.30,11790.75,11656.50,11683.65,398329920
NIFTY Smallcap 100,20220121,11629.15,11669.70,11342.70,11416.95,390813056
NIFTY Smallcap 100,20220124,11388.10,11403.05,10780.10,10870.90,357165696
NIFTY Smallcap 100,20220125,10730.55,11037.80,10541.10,10969.05,406553536
NIFTY Smallcap 100,20220127,10889.70,10980.10,10793.05,10888.80,383360896
NIFTY Smallcap 100,20220128,10988.45,11187.25,10973.40,10991.90,422793856
NIFTY Smallcap 100,20220131,11153.35,11195.80,11043.60,11116.45,288368608
NIFTY Smallcap 100,20220201,11231.85,11248.90,11027.00,11179.30,510112384
NIFTY Smallcap 100,20220202,11278.95,11377.15,11276.30,11340.00,317625600
NIFTY Smallcap 100,20220203,11378.95,11388.65,11282.50,11301.25,319819584
NIFTY Smallcap 100,20220204,11305.45,11338.50,11177.70,11197.40,228122352
NIFTY Smallcap 100,20220207,11235.45,11244.35,11019.85,11047.80,263671744
NIFTY Smallcap 100,20220208,11087.35,11130.95,10754.15,10857.40,312278816
NIFTY Smallcap 100,20220209,10924.70,10973.80,10856.65,10902.00,270098240
NIFTY Smallcap 100,20220210,10945.55,10964.50,10836.00,10952.80,317891104
NIFTY Smallcap 100,20220211,10864.05,10905.00,10672.55,10693.30,235611184
NIFTY Smallcap 100,20220214,10412.20,10483.85,10188.85,10218.80,278581568
NIFTY Smallcap 100,20220215,10266.95,10487.70,10088.15,10475.15,352098304
NIFTY Smallcap 100,20220216,10607.20,10656.85,10527.40,10551.20,247155184
NIFTY Smallcap 100,20220217,10610.40,10636.45,10425.45,10441.80,158918496
NIFTY Smallcap 100,20220218,10387.75,10451.40,10317.20,10331.05,177333632
NIFTY Smallcap 100,20220221,10253.00,10268.30,10030.20,10048.70,303200256
NIFTY Smallcap 100,20220222,9727.10,9887.25,9715.55,9842.55,296813280
NIFTY Smallcap 100,20220223,9937.70,10055.05,9935.75,9956.85,225075520
NIFTY Smallcap 100,20220224,9565.90,9680.55,9286.40,9334.80,351312000
NIFTY Smallcap 100,20220225,9576.85,9815.85,9574.00,9786.65,313290240
NIFTY Smallcap 100,20220228,9692.35,9854.15,9550.30,9844.65,294012224
NIFTY Smallcap 100,20220302,9771.15,9955.75,9753.05,9893.70,233361536
NIFTY Smallcap 100,20220303,10034.15,10091.05,9908.85,9928.55,215835120
NIFTY Smallcap 100,20220304,9873.75,9888.00,9733.10,9751.95,232836272
NIFTY Smallcap 100,20220307,9544.10,9598.20,9436.15,9552.60,235340096
NIFTY Smallcap 100,20220308,9579.90,9727.90,9523.70,9696.80,217638496
NIFTY Smallcap 100,20220309,9817.65,9950.65,9773.80,9927.65,257889872
NIFTY Smallcap 100,20220310,10168.15,10175.45,10010.10,10066.50,237657664
NIFTY Smallcap 100,20220311,10055.15,10198.65,10018.40,10158.40,246445808
NIFTY Smallcap 100,20220314,10197.70,10224.45,10092.35,10180.35,201104928
NIFTY Smallcap 100,20220315,10240.40,10270.80,9995.35,10036.60,268478400
NIFTY Smallcap 100,20220316,10175.00,10201.25,10110.80,10154.20,188922896
NIFTY Smallcap 100,20220317,10284.90,10303.80,10243.25,10279.05,283806464
NIFTY Smallcap 100,20220321,10351.35,10381.50,10267.20,10303.10,247973232
NIFTY Smallcap 100,20220322,10333.35,10341.05,10233.50,10332.20,246703504
NIFTY Smallcap 100,20220323,10403.05,10431.05,10291.45,10311.00,224357072
NIFTY Smallcap 100,20220324,10280.25,10370.80,10265.10,10355.65,292510688
NIFTY Smallcap 100,20220325,10420.60,10436.40,10289.65,10304.45,254510368
NIFTY Smallcap 100,20220328,10355.45,10368.40,10173.65,10229.60,230825824
NIFTY Smallcap 100,20220329,10285.65,10318.00,10227.55,10264.55,295143392
NIFTY Smallcap 100,20220330,10361.20,10405.50,10341.20,10364.30,275895552
NIFTY Smallcap 100,20220331,10413.00,10478.95,10403.70,10436.25,258716944
NIFTY Smallcap 100,20220401,10458.80,10619.65,10446.15,10611.25,235467520
NIFTY Smallcap 100,20220404,10693.35,10789.40,10689.60,10783.55,300839200
NIFTY Smallcap 100,20220405,10866.10,10920.40,10830.00,10875.35,297538592
NIFTY Smallcap 100,20220406,10871.95,10943.85,10829.75,10888.35,281904832
NIFTY Smallcap 100,20220407,10921.15,11001.50,10809.65,10854.50,535887712
NIFTY Smallcap 100,20220408,10925.95,10967.10,10876.50,10896.55,333853824
NIFTY Smallcap 100,20220411,10929.90,10989.55,10876.60,10890.10,300833952
NIFTY Smallcap 100,20220412,10887.95,10887.95,10615.45,10717.50,312860672
NIFTY Smallcap 100,20220413,10812.40,10850.65,10728.35,10738.00,259603504
NIFTY Smallcap 100,20220418,10679.15,10679.15,10533.20,10603.70,243469440
NIFTY Smallcap 100,20220419,10677.05,10730.70,10324.55,10428.15,315045440
NIFTY Smallcap 100,20220420,10491.30,10573.00,10388.35,10409.85,186512736
NIFTY Smallcap 100,20220421,10510.35,10596.20,10509.60,10571.05,207388624
NIFTY Smallcap 100,20220422,10530.50,10646.90,10509.20,10537.20,266254240
NIFTY Smallcap 100,20220425,10446.55,10448.10,10266.20,10282.60,212522576
NIFTY Smallcap 100,20220426,10399.05,10434.55,10350.85,10402.45,171036032
NIFTY Smallcap 100,20220427,10315.60,10362.65,10224.35,10339.25,295034560
NIFTY Smallcap 100,20220428,10432.55,10445.50,10271.40,10376.90,426745312
NIFTY Smallcap 100,20220429,10440.10,10458.75,10231.35,10256.95,339420832
NIFTY Smallcap 100,20220502,10162.75,10193.70,10082.40,10119.65,222118464
NIFTY Smallcap 100,20220504,10172.90,10206.20,9844.30,9881.45,249356848
NIFTY Smallcap 100,20220505,10000.90,10018.70,9792.80,9807.10,218022528
NIFTY Smallcap 100,20220506,9606.55,9621.45,9482.20,9559.15,208280208
NIFTY Smallcap 100,20220509,9495.60,9505.20,9315.70,9356.15,205415360
NIFTY Smallcap 100,20220510,9339.55,9481.00,9117.45,9146.80,193616752
NIFTY Smallcap 100,20220511,9205.70,9244.45,8688.75,8880.65,330534816
NIFTY Smallcap 100,20220512,8790.30,8813.20,8625.45,8714.35,284970112
NIFTY Smallcap 100,20220513,8865.95,8981.10,8771.00,8796.65,263239712
NIFTY Smallcap 100,20220516,8864.15,8916.00,8734.85,8895.25,178836272
NIFTY Smallcap 100,20220517,8980.25,9209.85,8933.35,9193.70,219267728
NIFTY Smallcap 100,20220518,9248.95,9305.70,9132.15,9158.00,200580144
NIFTY Smallcap 100,20220519,8915.35,8996.75,8859.05,8912.30,155310336
NIFTY Smallcap 100,20220520,9060.20,9148.15,9030.90,9136.10,188620032
NIFTY Smallcap 100,20220523,9172.90,9192.35,9049.35,9063.35,150202672
NIFTY Smallcap 100,20220524,9097.90,9118.45,8930.40,8948.85,136601616
NIFTY Smallcap 100,20220525,8988.05,9005.60,8627.70,8638.95,181161312
NIFTY Smallcap 100,20220526,8675.80,8719.95,8429.95,8705.25,270773632
NIFTY Smallcap 100,20220527,8807.50,8874.00,8752.05,8824.05,172540128
NIFTY Smallcap 100,20220530,8944.35,9105.15,8925.10,9095.95,187960016
NIFTY Smallcap 100,20220531,9093.00,9241.15,9057.20,9208.50,309051488
NIFTY Smallcap 100,20220601,9259.05,9336.45,9167.80,9233.85,216926208
NIFTY Smallcap 100,20220602,9230.65,9304.65,9213.95,9290.55,265331712
NIFTY Smallcap 100,20220603,9381.95,9408.00,9188.15,9210.25,235536688
NIFTY Smallcap 100,20220606,9193.10,9204.00,9028.70,9115.90,236401968
NIFTY Smallcap 100,20220607,9062.90,9102.80,9005.95,9062.15,164402272
NIFTY Smallcap 100,20220608,9107.85,9141.40,8995.80,9035.35,212946112
NIFTY Smallcap 100,20220609,8993.05,9065.05,8965.05,9054.60,205922992
NIFTY Smallcap 100,20220610,8959.85,9000.90,8934.95,8955.20,171722176
NIFTY Smallcap 100,20220613,8770.45,8775.00,8591.25,8607.60,303527872
NIFTY Smallcap 100,20220614,8548.75,8692.90,8531.85,8556.80,272503072
NIFTY Smallcap 100,20220615,8612.05,8645.35,8583.65,8607.85,171857664
NIFTY Smallcap 100,20220616,8714.50,8737.40,8296.45,8313.35,230750176
NIFTY Smallcap 100,20220617,8272.60,8341.40,8149.50,8246.50,255039088
NIFTY Smallcap 100,20220620,8259.75,8284.30,7904.90,7982.55,241581920
NIFTY Smallcap 100,20220621,8064.65,8275.95,8052.55,8255.50,227568800
NIFTY Smallcap 100,20220622,8229.45,8230.95,8123.65,8138.90,223807376
NIFTY Smallcap 100,20220623,8170.25,8261.05,8136.50,8245.70,170569552
NIFTY Smallcap 100,20220624,8319.60,8400.85,8312.95,8390.65,171989168
NIFTY Smallcap 100,20220627,8509.60,8584.45,8486.65,8561.70,210873792
NIFTY Smallcap 100,20220628,8535.55,8540.90,8457.25,8532.50,189135584
NIFTY Smallcap 100,20220629,8434.70,8522.00,8417.40,8484.30,194088448
NIFTY Smallcap 100,20220630,8504.30,8565.40,8419.20,8445.25,176553904
NIFTY Smallcap 100,20220701,8435.90,8490.95,8348.30,8477.55,134669616
NIFTY Smallcap 100,20220704,8495.35,8545.05,8490.00,8532.15,143202992
NIFTY Smallcap 100,20220705,8573.15,8639.00,8515.55,8526.50,213791344
NIFTY Smallcap 100,20220706,8546.05,8577.20,8451.25,8568.65,178420304
NIFTY Smallcap 100,20220707,8644.90,8713.65,8623.95,8703.55,195669264
NIFTY Smallcap 100,20220708,8767.35,8782.50,8710.05,8730.10,185302720
NIFTY Smallcap 100,20220711,8713.05,8817.30,8697.50,8812.65,185381504
NIFTY Smallcap 100,20220712,8800.20,8842.80,8761.45,8775.80,193286128
NIFTY Smallcap 100,20220713,8833.80,8855.75,8774.85,8795.15,197589200
NIFTY Smallcap 100,20220714,8808.40,8825.65,8652.65,8694.70,181194304
NIFTY Smallcap 100,20220715,8710.70,8732.85,8646.50,8724.35,150051392
NIFTY Smallcap 100,20220718,8788.10,8875.25,8787.00,8863.20,189658832
NIFTY Smallcap 100,20220719,8856.40,8963.95,8838.60,8953.25,247071792
NIFTY Smallcap 100,20220720,9047.25,9093.10,9006.10,9025.40,228636128
NIFTY Smallcap 100,20220721,9055.20,9104.15,9016.55,9094.90,220110160
NIFTY Smallcap 100,20220722,9136.15,9153.20,9082.95,9128.75,223550176
NIFTY Smallcap 100,20220725,9125.50,9142.25,9035.25,9075.90,183540304
NIFTY Smallcap 100,20220726,9074.30,9078.55,8929.55,8941.15,197542560
NIFTY Smallcap 100,20220727,8925.20,8949.35,8889.85,8941.55,172476416
NIFTY Smallcap 100,20220728,8999.60,9024.40,8964.60,9017.95,234914432
NIFTY Smallcap 100,20220729,9084.15,9184.35,9076.40,9171.20,262516256
NIFTY Smallcap 100,20220801,9230.50,9350.30,9173.15,9336.65,320843936
NIFTY Smallcap 100,20220802,9328.80,9422.55,9295.65,9402.80,301998112
NIFTY Smallcap 100,20220803,9424.55,9453.90,9302.80,9357.45,222165520
NIFTY Smallcap 100,20220804,9410.25,9452.20,9193.55,9323.40,262935840
NIFTY Smallcap 100,20220805,9358.70,9395.15,9304.00,9318.00,276740960
NIFTY Smallcap 100,20220808,9329.85,9358.70,9276.50,9349.65,250956016
NIFTY Smallcap 100,20220810,9386.55,9393.75,9294.60,9316.70,289289824
NIFTY Smallcap 100,20220811,9398.15,9410.70,9366.20,9397.95,253080624
NIFTY Smallcap 100,20220812,9417.60,9458.10,9404.50,9421.60,242629952
NIFTY Smallcap 100,20220816,9478.90,9526.40,9459.50,9511.55,238125520
NIFTY Smallcap 100,20220817,9550.50,9597.45,9544.25,9558.30,240866224
NIFTY Smallcap 100,20220818,9576.40,9605.25,9550.35,9573.80,206149376
NIFTY Smallcap 100,20220819,9597.60,9630.75,9437.30,9457.80,267650080
NIFTY Smallcap 100,20220822,9433.60,9433.65,9292.60,9303.95,392895360
NIFTY Smallcap 100,20220823,9245.75,9433.35,9231.75,9410.10,468512896
NIFTY Smallcap 100,20220824,9425.90,9498.70,9424.90,9487.15,400281536
NIFTY Smallcap 100,20220825,9541.35,9597.80,9514.95,9529.55,422966656
NIFTY Smallcap 100,20220826,9581.70,9625.20,9565.10,9596.70,376830560
NIFTY Smallcap 100,20220829,9303.75,9519.00,9303.40,9502.20,334329056
NIFTY Smallcap 100,20220830,9572.55,9632.55,9572.10,9621.95,254694000
NIFTY Smallcap 100,20220901,9581.70,9669.05,9572.00,9633.75,337482528
NIFTY Smallcap 100,20220902,9691.45,9711.10,9604.65,9617.05,328977120
NIFTY Smallcap 100,20220905,9659.55,9739.90,9646.30,9731.40,618442816
NIFTY Smallcap 100,20220906,9795.15,9824.75,9694.10,9759.85,852749440
NIFTY Smallcap 100,20220907,9723.55,9849.90,9707.75,9836.20,364084576
NIFTY Smallcap 100,20220908,9934.85,9959.75,9885.45,9930.30,324592672
NIFTY Smallcap 100,20220909,9995.15,10011.95,9894.75,9936.35,335212928
NIFTY Smallcap 100,20220912,10012.15,10080.05,9999.95,10068.35,251836816
NIFTY Smallcap 100,20220913,10124.55,10144.75,10068.75,10084.00,252914976
NIFTY Smallcap 100,20220914,9933.10,10104.35,9919.45,10076.70,344291072
NIFTY Smallcap 100,20220915,10133.80,10180.55,10043.65,10074.95,300692192
NIFTY Smallcap 100,20220916,10068.60,10084.10,9746.60,9817.00,369220832
NIFTY Smallcap 100,20220919,9834.80,9872.20,9692.05,9724.40,225857840
NIFTY Smallcap 100,20220920,9801.15,9880.90,9800.70,9832.25,247713920
NIFTY Smallcap 100,20220921,9850.50,9890.65,9698.75,9731.25,304544704
NIFTY Smallcap 100,20220922,9709.05,9814.80,9684.30,9789.50,510834208
NIFTY Smallcap 100,20220923,9815.70,9841.25,9577.60,9589.45,300175904
NIFTY Smallcap 100,20220926,9506.25,9508.15,9171.65,9262.55,356552448
NIFTY Smallcap 100,20220927,9320.55,9401.20,9222.45,9285.95,382110336
NIFTY Smallcap 100,20220928,9232.65,9324.70,9191.90,9235.55,269236320
NIFTY Smallcap 100,20220929,9345.10,9395.05,9229.40,9293.90,313474368
NIFTY Smallcap 100,20220930,9296.50,9455.80,9222.45,9441.80,304865920
NIFTY Smallcap 100,20221003,9438.80,9489.95,9318.40,9379.15,380385696
NIFTY Smallcap 100,20221004,9542.75,9559.40,9486.05,9544.45,301910368
NIFTY Smallcap 100,20221006,9614.50,9702.30,9612.25,9663.25,367543328
NIFTY Smallcap 100,20221007,9655.85,9693.80,9610.05,9686.10,336994080
NIFTY Smallcap 100,20221010,9596.65,9663.45,9557.65,9641.60,388716800
NIFTY Smallcap 100,20221011,9672.35,9702.30,9453.75,9477.85,394016320
NIFTY Smallcap 100,20221012,9508.30,9563.15,9425.60,9553.80,382484192
NIFTY Smallcap 100,20221013,9555.15,9581.05,9463.85,9506.35,324168544
NIFTY Smallcap 100,20221014,9654.45,9670.70,9503.50,9518.45,286573696
NIFTY Smallcap 100,20221017,9499.35,9587.80,9428.10,9561.15,425009504
NIFTY Smallcap 100,20221018,9614.35,9646.60,9595.20,9633.50,396725120
NIFTY Smallcap 100,20221019,9667.25,9687.45,9626.25,9656.05,825125312
NIFTY Smallcap 100,20221020,9618.40,9679.55,9578.75,9667.05,770909952
NIFTY Smallcap 100,20221021,9698.00,9731.65,9612.85,9653.50,311462048
NIFTY Smallcap 100,20221024,9770.60,9787.30,9726.80,9743.05,107483616
NIFTY Smallcap 100,20221025,9762.10,9775.50,9679.80,9730.30,248022656
NIFTY Smallcap 100,20221027,9787.60,9797.20,9726.75,9770.65,300158208
NIFTY Smallcap 100,20221028,9789.00,9801.75,9662.60,9673.05,233603616
NIFTY Smallcap 100,20221031,9710.00,9723.45,9656.80,9686.10,255998304
NIFTY Smallcap 100,20221101,9714.55,9745.85,9674.15,9707.85,345341344
NIFTY Smallcap 100,20221102,9723.25,9751.95,9679.05,9696.15,239007984
NIFTY Smallcap 100,20221103,9667.25,9751.15,9656.20,9719.65,212896816
NIFTY Smallcap 100,20221104,9753.25,9778.30,9726.90,9755.70,298277728
NIFTY Smallcap 100,20221107,9807.55,9846.30,9773.70,9836.30,354645632
NIFTY Smallcap 100,20221109,9864.55,9865.80,9762.25,9781.50,340896416
NIFTY Smallcap 100,20221110,9757.70,9798.45,9617.85,9668.60,237232352
NIFTY Smallcap 100,20221111,9775.00,9809.75,9691.45,9705.35,334430432
NIFTY Smallcap 100,20221114,9732.75,9769.85,9669.90,9752.25,306889696
NIFTY Smallcap 100,20221115,9785.80,9786.95,9735.65,9777.30,258679664
NIFTY Smallcap 100,20221116,9786.60,9796.75,9666.75,9696.55,306799136
NIFTY Smallcap 100,20221117,9690.70,9705.55,9649.25,9663.50,240505376
NIFTY Smallcap 100,20221118,9680.75,9702.60,9570.70,9613.60,306364704
NIFTY Smallcap 100,20221121,9628.40,9667.50,9591.05,9636.90,444475616
NIFTY Smallcap 100,20221122,9658.05,9669.80,9619.10,9639.70,377625984
NIFTY Smallcap 100,20221123,9675.30,9707.15,9662.70,9691.30,456992608
NIFTY Smallcap 100,20221124,9724.55,9755.10,9711.15,9740.65,304888832
NIFTY Smallcap 100,20221125,9769.75,9864.30,9768.35,9849.70,610943616
NIFTY Smallcap 100,20221128,9853.50,9977.05,9847.40,9971.20,541552128
NIFTY Smallcap 100,20221129,9992.90,10020.10,9896.25,9916.05,435013440
NIFTY Smallcap 100,20221130,9947.50,9992.95,9926.05,9976.05,502614976
NIFTY Smallcap 100,20221201,10040.40,10073.20,10000.75,10019.40,414381376
NIFTY Smallcap 100,20221202,10029.95,10089.05,10018.80,10079.95,454984480
NIFTY Smallcap 100,20221205,10119.70,10153.70,10083.85,10123.30,755633088
NIFTY Smallcap 100,20221206,10117.25,10146.15,10078.50,10106.90,597143936
NIFTY Smallcap 100,20221207,10130.55,10149.00,10024.20,10047.40,530937952
NIFTY Smallcap 100,20221208,10066.70,10104.35,10053.15,10080.70,401167552
NIFTY Smallcap 100,20221209,10118.40,10134.40,9900.55,9969.60,518394304
NIFTY Smallcap 100,20221212,9975.90,10032.40,9895.75,10024.50,551964928
NIFTY Smallcap 100,20221213,10071.15,10091.55,10039.30,10067.45,550363264
NIFTY Smallcap 100,20221214,10109.10,10165.85,10081.80,10138.85,962800320
NIFTY Smallcap 100,20221215,10147.70,10178.85,10061.85,10080.95,906994432
NIFTY Smallcap 100,20221216,10054.50,10146.50,9976.50,10017.45,640726144
NIFTY Smallcap 100,20221219,10067.10,10097.10,10009.75,10064.00,1002749120
NIFTY Smallcap 100,20221220,10064.35,10095.25,9943.90,10020.20,681718720
NIFTY Smallcap 100,20221221,10054.10,10087.85,9767.30,9795.30,904385088
NIFTY Smallcap 100,20221222,9837.35,9881.90,9545.40,9637.50,742864768
NIFTY Smallcap 100,20221223,9537.75,9565.00,9159.15,9182.55,631221824
NIFTY Smallcap 100,20221226,9176.20,9547.80,9103.00,9532.60,687155904
NIFTY Smallcap 100,20221227,9610.20,9695.25,9542.60,9645.80,479823872
NIFTY Smallcap 100,20221228,9642.95,9665.80,9567.10,9639.10,396588640
NIFTY Smallcap 100,20221229,9599.95,9670.00,9561.55,9658.95,380260224
NIFTY Smallcap 100,20221230,9720.40,9792.80,9710.40,9731.30,506865344
NIFTY Smallcap 100,20230102,9756.05,9807.25,9704.35,9798.60,338404960
NIFTY Smallcap 100,20230103,9822.55,9848.30,9795.55,9825.35,400221760
NIFTY Smallcap 100,20230104,9843.05,9854.70,9687.75,9731.90,360182016
NIFTY Smallcap 100,20230105,9763.55,9778.70,9653.40,9735.25,339488736
NIFTY Smallcap 100,20230106,9746.75,9753.25,9616.30,9656.05,380229280
NIFTY Smallcap 100,20230109,9720.35,9765.35,9682.40,9709.50,298906272
NIFTY Smallcap 100,20230110,9727.85,9734.45,9621.75,9652.25,270914784
NIFTY Smallcap 100,20230111,9685.95,9716.35,9637.40,9647.70,259570160
NIFTY Smallcap 100,20230112,9679.00,9704.10,9596.85,9647.65,276391520
NIFTY Smallcap 100,20230113,9669.55,9689.05,9626.35,9675.70,280759904
NIFTY Smallcap 100,20230116,9705.45,9739.35,9658.30,9668.95,375875648
NIFTY Smallcap 100,20230117,9677.00,9688.75,9616.05,9665.00,302000192
NIFTY Smallcap 100,20230118,9680.25,9706.30,9658.45,9670.85,213522864
NIFTY Smallcap 100,20230119,9643.00,9663.90,9609.25,9623.60,189980256
NIFTY Smallcap 100,20230120,9645.90,9651.85,9555.55,9569.10,253438144
NIFTY Smallcap 100,20230123,9603.75,9611.80,9551.30,9566.50,203747648
NIFTY Smallcap 100,20230124,9589.05,9606.10,9516.15,9531.10,200498592
NIFTY Smallcap 100,20230125,9523.85,9532.85,9397.50,9420.95,206757744
NIFTY Smallcap 100,20230127,9442.55,9482.80,9155.25,9242.70,316533792
NIFTY Smallcap 100,20230130,9242.95,9351.40,9185.95,9233.00,292958208
NIFTY Smallcap 100,20230131,9265.30,9526.25,9233.60,9501.75,342358336
NIFTY Smallcap 100,20230201,9567.05,9651.65,9262.45,9392.75,464166944
NIFTY Smallcap 100,20230202,9342.80,9522.70,9328.05,9448.30,355683488
NIFTY Smallcap 100,20230203,9473.40,9507.10,9311.30,9415.55,339942016
NIFTY Smallcap 100,20230206,9436.05,9504.85,9430.70,9466.40,262277328
NIFTY Smallcap 100,20230207,9491.80,9495.00,9371.60,9399.65,207346048
NIFTY Smallcap 100,20230208,9413.75,9487.40,9385.30,9478.90,226352336
NIFTY Smallcap 100,20230209,9487.40,9491.05,9433.90,9475.05,258075984
NIFTY Smallcap 100,20230210,9453.95,9549.90,9450.80,9526.40,232201488
NIFTY Smallcap 100,20230213,9535.10,9538.00,9375.45,9388.05,224479808
NIFTY Smallcap 100,20230214,9389.90,9409.50,9316.30,9350.70,217881136
NIFTY Smallcap 100,20230215,9320.00,9387.20,9315.45,9378.85,260259216
NIFTY Smallcap 100,20230216,9411.20,9496.00,9410.45,9471.50,233569776
NIFTY Smallcap 100,20230217,9445.40,9496.25,9402.55,9417.55,219848880
NIFTY Smallcap 100,20230220,9444.55,9455.75,9356.45,9385.20,294933536
NIFTY Smallcap 100,20230221,9404.95,9413.00,9338.80,9351.45,202157024
NIFTY Smallcap 100,20230222,9321.55,9342.65,9219.90,9244.80,307843552
NIFTY Smallcap 100,20230223,9265.25,9276.80,9158.35,9237.65,276023136
NIFTY Smallcap 100,20230224,9278.60,9314.95,9208.25,9221.80,202838224
NIFTY Smallcap 100,20230227,9215.20,9216.50,9053.20,9118.25,213246528
NIFTY Smallcap 100,20230228,9146.25,9176.65,9117.60,9155.60,217126112
NIFTY Smallcap 100,20230301,9162.05,9286.20,9153.25,9278.00,253379760
NIFTY Smallcap 100,20230302,9282.05,9306.00,9250.25,9262.50,230596448
NIFTY Smallcap 100,20230303,9296.80,9366.10,9295.55,9337.35,315284160
NIFTY Smallcap 100,20230306,9392.15,9484.65,9386.75,9442.10,288565632
NIFTY Smallcap 100,20230308,9409.60,9478.10,9364.25,9462.15,263146080
NIFTY Smallcap 100,20230309,9485.70,9511.45,9395.50,9410.90,266601632
NIFTY Smallcap 100,20230310,9350.10,9360.85,9282.15,9326.95,229726432
NIFTY Smallcap 100,20230313,9308.70,9333.10,9091.00,9118.50,248322320
NIFTY Smallcap 100,20230314,9123.15,9141.95,9007.00,9043.15,267915616
NIFTY Smallcap 100,20230315,9115.65,9160.65,9062.00,9080.15,276177088
NIFTY Smallcap 100,20230316,9066.50,9070.60,8925.15,9032.55,302210272
NIFTY Smallcap 100,20230317,9095.35,9135.85,9062.45,9094.60,254432544
NIFTY Smallcap 100,20230320,9052.85,9122.10,8948.65,9005.85,271642464
NIFTY Smallcap 100,20230321,9052.40,9084.50,9040.20,9065.00,193084432
NIFTY Smallcap 100,20230322,9091.15,9148.70,9087.40,9114.40,171941168
NIFTY Smallcap 100,20230323,9091.70,9125.60,9063.80,9075.50,210126336
NIFTY Smallcap 100,20230324,9074.05,9099.85,8903.55,8923.90,283516416
NIFTY Smallcap 100,20230327,8928.55,8945.75,8759.15,8781.65,260977264
NIFTY Smallcap 100,20230328,8786.90,8801.55,8682.00,8701.40,280159776
NIFTY Smallcap 100,20230329,8708.55,8867.95,8706.65,8852.10,473304768
NIFTY Smallcap 100,20230331,8904.65,9023.35,8903.30,8994.75,465621984
NIFTY Smallcap 100,20230403,9044.95,9093.60,9026.65,9061.60,344989056
NIFTY Smallcap 100,20230405,9084.95,9136.95,9074.95,9126.85,292367424
NIFTY Smallcap 100,20230406,9141.45,9210.05,9112.25,9198.35,267688640
NIFTY Smallcap 100,20230410,9235.70,9242.45,9188.40,9223.70,270885408
NIFTY Smallcap 100,20230411,9258.25,9286.60,9238.80,9261.55,258841728
NIFTY Smallcap 100,20230412,9286.75,9332.80,9270.25,9310.75,248385040
NIFTY Smallcap 100,20230413,9320.25,9358.05,9294.95,9337.30,315883232
NIFTY Smallcap 100,20230417,9327.05,9374.75,9286.80,9368.50,347656448
NIFTY Smallcap 100,20230418,9385.75,9419.40,9363.85,9396.00,281382720
NIFTY Smallcap 100,20230419,9413.60,9444.70,9375.75,9386.80,299108064
NIFTY Smallcap 100,20230420,9415.30,9429.50,9383.45,9400.90,220631104
NIFTY Smallcap 100,20230421,9435.65,9440.50,9326.75,9369.40,223088416
NIFTY Smallcap 100,20230424,9392.25,9440.95,9362.00,9424.95,385495680
NIFTY Smallcap 100,20230425,9445.80,9503.40,9425.90,9472.85,582265856
NIFTY Smallcap 100,20230426,9480.40,9525.25,9475.45,9516.30,746243328
NIFTY Smallcap 100,20230427,9537.60,9603.25,9532.40,9592.50,439608448
NIFTY Smallcap 100,20230428,9644.60,9683.80,9635.30,9672.55,576346304
NIFTY Smallcap 100,20230502,9719.85,9776.95,9709.90,9739.10,597032064
NIFTY Smallcap 100,20230503,9737.25,9782.80,9716.40,9732.55,543055104
NIFTY Smallcap 100,20230504,9757.40,9821.30,9750.25,9809.80,669508032
NIFTY Smallcap 100,20230505,9807.30,9833.10,9717.80,9729.75,650876992
NIFTY Smallcap 100,20230508,9780.05,9834.20,9746.90,9820.75,399506976
NIFTY Smallcap 100,20230509,9876.40,9919.45,9802.75,9815.45,463808576
NIFTY Smallcap 100,20230510,9836.00,9856.65,9769.75,9829.20,338310464
NIFTY Smallcap 100,20230511,9871.75,9914.95,9864.75,9881.10,291488640
NIFTY Smallcap 100,20230512,9892.65,9904.90,9792.65,9807.35,266886144
NIFTY Smallcap 100,20230515,9829.05,9897.15,9765.30,9887.05,306181280
NIFTY Smallcap 100,20230516,9923.00,9953.95,9873.05,9885.45,394913312
NIFTY Smallcap 100,20230517,9909.95,9957.40,9880.40,9937.50,494809408
NIFTY Smallcap 100,20230518,9987.95,10009.15,9869.20,9890.00,451758112
NIFTY Smallcap 100,20230519,9920.15,9925.55,9790.70,9891.70,292485472
NIFTY Smallcap 100,20230522,9863.90,9954.50,9820.10,9946.35,570615744
NIFTY Smallcap 100,20230523,9971.80,10018.40,9938.60,9948.25,385197536
NIFTY Smallcap 100,20230524,9936.25,10002.30,9908.35,9949.40,591886976
NIFTY Smallcap 100,20230525,9959.40,9989.15,9938.25,9957.95,416659968
NIFTY Smallcap 100,20230526,9985.15,10024.20,9967.65,10010.80,384718720
NIFTY Smallcap 100,20230529,10052.60,10068.00,10014.35,10040.60,452948128
NIFTY Smallcap 100,20230530,10054.65,10076.20,10032.35,10062.30,583701888
NIFTY Smallcap 100,20230531,10057.95,10181.05,10045.70,10166.10,1056163904
NIFTY Smallcap 100,20230601,10199.00,10290.45,10193.75,10269.85,675737984
NIFTY Smallcap 100,20230602,10323.35,10365.45,10308.65,10321.60,632216320
NIFTY Smallcap 100,20230605,10379.45,10407.55,10349.15,10359.05,699075072
NIFTY Smallcap 100,20230606,10388.15,10421.90,10338.00,10415.25,801529152
NIFTY Smallcap 100,20230607,10460.20,10561.55,10459.10,10555.55,1792737664
NIFTY Smallcap 100,20230608,10582.05,10587.45,10442.35,10455.30,819833472
NIFTY Smallcap 100,20230609,10481.35,10489.40,10419.15,10442.85,821074240
NIFTY Smallcap 100,20230612,10488.95,10541.70,10452.65,10533.70,757446464
NIFTY Smallcap 100,20230613,10582.95,10621.30,10568.15,10607.20,646504768
NIFTY Smallcap 100,20230614,10647.00,10654.80,10612.75,10620.35,561883712
NIFTY Smallcap 100,20230615,10651.45,10693.25,10620.00,10636.60,430860896
NIFTY Smallcap 100,20230616,10694.05,10783.95,10688.30,10740.50,738279552
NIFTY Smallcap 100,20230619,10793.45,10824.70,10749.60,10769.15,512841024
