20MICRONS,20200713,32.85,33.85,31.85,33.45,187303
21STCENMGM,20200713,11.1,11.1,10.75,10.75,1829
3IINFOTECH,20200713,2.6,2.65,2.55,2.55,4260840
3MINDIA,20200713,19650,20100,19400,19936.2,3557
5PAISA,20200713,301.9,309.75,290,309.75,146960
63MOONS,20200713,73.2,75.9,71.2,71.85,19064
A2ZINFRA,20200713,5.1,5.1,4.9,4.95,125556
AARTIDRUGS,20200713,1374.95,1390,1342.05,1354.2,40805
AARTIIND,20200713,948,948,926.05,928.45,340589
AARVEEDEN,20200713,11.1,11.65,11.1,11.2,9644
AARVI,20200713,37.7,37.7,34.8,35.85,2325
AAVAS,20200713,1314.05,1340,1285,1290.85,43361
ABAN,20200713,27.1,27.9,26.15,26.35,61075
ABB,20200713,922,925.35,910,914.9,76574
ABBOTINDIA,20200713,15512,15650,15450,15493,8464
ABCAPITAL,20200713,62.5,62.8,59.6,60.25,2696934
ABFRL,20200713,122.2,122.5,119.3,120.2,1405102
ABFRL-RE,20200713,17.85,18.5,14.9,15.05,1475006
ABSLBANETF,20200713,229.71,229.71,220.1,222.99,277
ABSLNN50ET,20200713,265.67,268.22,260,261.84,55
ACC,20200713,1310.25,1353.5,1310.25,1346,1707292
ACCELYA,20200713,943.15,952.95,939,946.3,18224
ACE,20200713,62.55,64,60.45,61.5,333626
ADANIENT,20200713,161.45,162.45,154.35,156.05,2586181
ADANIGAS,20200713,152.65,157.5,152,153.85,1366841
ADANIGREEN,20200713,381,382.65,361.6,364.75,855922
ADANIPORTS,20200713,336.25,339.65,331.5,332.2,2187706
ADANIPOWER,20200713,34.9,34.95,34.4,34.7,3333128
ADANITRANS,20200713,243.95,253.15,240.1,251.15,442979
ADFFOODS,20200713,297.65,298.6,285.7,289.35,24300
ADHUNIKIND,20200713,21.25,22.25,20.65,21.65,27179
ADORWELD,20200713,260.1,262.1,253.3,255.55,25959
ADROITINFO,20200713,8.75,9.05,8.75,9.05,12504
ADSL,20200713,16.15,16.5,15.75,16.05,61944
ADVANIHOTR,20200713,45.1,45.15,44,44.15,2809
ADVENZYMES,20200713,164.5,167.05,163.25,163.95,88967
AEGISCHEM,20200713,181,190,179.65,186.65,624708
AFFLE,20200713,1780.55,1810,1701,1707.95,116042
AGARIND,20200713,90,90.05,87.45,87.7,17199
AGCNET,20200713,284.5,303.3,284.5,286.1,7756
AGRITECH,20200713,31.9,31.9,29.35,29.7,11539
AGROPHOS,20200713,12.65,13.75,12.6,12.75,54303
AHLEAST,20200713,140.05,143.8,136.8,139.95,1324
AHLUCONT,20200713,216.6,218,212.8,213.05,1500
AHLWEST,20200713,268.05,268.05,252.35,253.7,839
AIAENG,20200713,1643.05,1657.9,1633.55,1649.2,22917
AIONJSW,20200713,13.8,14.1,13,13,183583
AIRAN,20200713,12.7,13,12.45,12.75,73380
AJANTPHARM,20200713,1423.5,1426,1382,1388.2,144362
AJMERA,20200713,83.75,84.8,81.5,82.15,58078
AKASH,20200713,121.75,121.95,118,119.4,1488
AKSHARCHEM,20200713,220,230.65,218,223.75,80501
AKSHOPTFBR,20200713,4.75,4.75,4.75,4.75,68966
AKZOINDIA,20200713,1829.55,1868.95,1815.5,1853.7,7865
ALANKIT,20200713,17,17,16.1,16.3,86053
ALBERTDAVD,20200713,406.55,413,402.1,409.3,23292
ALCHEM,20200713,4.95,5.1,4.75,4.75,35126
ALEMBICLTD,20200713,82.5,85.45,81.8,82.4,1112005
ALICON,20200713,272.65,277.65,265.3,272.3,3875
ALKALI,20200713,46.95,48.2,46.05,47,34638
ALKEM,20200713,2425.85,2444.95,2351,2407,86902
ALKYLAMINE,20200713,2448.75,2464,2383.45,2393,51998
ALLCARGO,20200713,92.4,97.7,92.4,95.25,259850
ALLSEC,20200713,189,189,180.25,184.5,8335
ALMONDZ,20200713,10.8,11.3,10.6,11,2573
ALOKINDS,20200713,40.45,42,39.05,39.05,34487361
ALPA,20200713,20.2,20.35,19.75,20,29637
ALPHAGEO,20200713,181.65,184.9,175.05,176.6,22038
ALPSINDUS,20200713,1.25,1.25,1.25,1.25,4457
AMARAJABAT,20200713,697,712.4,694.1,698.2,792988
AMBER,20200713,1556.4,1563.4,1523.8,1538.25,33758
AMBIKCO,20200713,689,689,650,657.8,6955
AMBUJACEM,20200713,197.2,199.7,193.75,198.45,5213446
AMDIND,20200713,15.15,15.2,14.45,14.5,11258
AMJLAND,20200713,19.4,20.35,19.3,19.4,8242
AMRUTANJAN,20200713,370,385,367.1,380.9,256764
ANANTRAJ,20200713,23.15,23.3,22.9,23,101879
ANDHRACEMT,20200713,6.6,6.6,6.6,6.6,110545
ANDHRAPAP,20200713,232.45,234.75,227.6,229.1,120970
ANDHRSUGAR,20200713,257.9,274.9,257.05,267.95,267536
ANIKINDS,20200713,14.1,14.4,14.1,14.15,10236
ANKITMETAL,20200713,0.65,0.65,0.6,0.6,23768
ANSALAPI,20200713,4.05,4.3,4.05,4.25,112086
ANSALHSG,20200713,3.85,4,3.75,3.9,21221
ANUP,20200713,474,475.9,461.25,475.1,43920
APARINDS,20200713,339.95,341,333.05,335.4,9235
APCL,20200713,143,149.25,139.8,144.4,65970
APCOTEXIND,20200713,132,132.05,128,128.85,57249
APEX,20200713,232.95,233.4,225,225.45,159560
APLAPOLLO,20200713,1735,1794.5,1735,1776.65,30021
APLLTD,20200713,951,970,935.5,943.55,264209
APOLLO,20200713,107.5,124,105.15,120.35,1035026
APOLLOHOSP,20200713,1414.95,1442.9,1406.55,1431.45,769109
APOLLOPIPE,20200713,328,339,324,324.55,55210
APOLLOTYRE,20200713,114.35,115.25,112.25,114.1,3529042
APOLSINHOT,20200713,446,470.05,439,457.45,1618
APTECHT,20200713,108.75,110.45,105.8,106.25,186287
ARCHIDPLY,20200713,29,29.65,26.5,27.1,90968
ARCHIES,20200713,13.4,13.4,12.55,12.8,16652
ARCOTECH,20200713,3.05,3.05,3.05,3.05,6349
ARENTERP,20200713,11.45,11.45,10.45,10.85,146
ARIES,20200713,60.1,63.1,60.1,61.35,12467
ARIHANT,20200713,16,16,15.2,15.75,2826
ARIHANTSUP,20200713,26.05,26.05,24.5,25,1306
ARMANFIN,20200713,532.6,546,505,511.85,14141
AROGRANITE,20200713,26.05,26.1,24.15,24.85,7944
ARROWGREEN,20200713,43.2,47.15,43.2,45.7,2959
ARSHIYA,20200713,11,11,10.3,10.45,22808
ARSSINFRA,20200713,14.45,14.75,13.6,14.05,20145
ARTEMISMED,20200713,187.8,187.8,176.6,179.9,1413
ARVIND,20200713,34.2,34.75,32.8,33.2,1520222
ARVINDF-RE,20200713,47.45,50.5,31.5,38.15,725946
ARVINDFASN,20200713,166.8,166.8,157.05,157.05,199856
ARVSMART,20200713,84.1,85,79.4,81.2,119829
ASAHIINDIA,20200713,173.15,175.45,172.35,173,10787
ASAHISONG,20200713,152.9,170,152,161.5,188868
ASAL,20200713,19,20.05,19,19.05,1110
ASALCBR,20200713,259.7,259.7,248.6,252.65,38098
ASHAPURMIN,20200713,46.7,46.7,45.4,46.7,242538
ASHIANA,20200713,67.9,67.9,63.15,63.85,20726
ASHIMASYN,20200713,5.6,5.85,5.35,5.35,25442
ASHOKA,20200713,62.95,63.3,61.8,62.1,747023
ASHOKLEY,20200713,51.6,52.45,50.6,50.8,22919466
ASIANHOTNR,20200713,57.8,58.2,56.2,57.25,22886
ASIANPAINT,20200713,1708,1732.9,1700,1705.65,1289791
ASIANTILES,20200713,209.9,212,207.1,209.75,14439
ASPINWALL,20200713,132,135.85,122.5,125.7,40755
ASTEC,20200713,971.9,974,910.9,933.25,137770
ASTERDM,20200713,124.15,124.75,122.7,123.25,107819
ASTRAL,20200713,931.6,944,920.1,932.75,94524
ASTRAMICRO,20200713,123,123.45,114.1,115.2,2309700
ASTRAZEN,20200713,3447.55,3451,3330.1,3340.95,35351
ASTRON,20200713,39,39,38.05,38.15,28552
ATFL,20200713,530,530,516.2,519.2,6321
ATLANTA,20200713,11.05,11.15,10.15,10.4,59499
ATLASCYCLE,20200713,56.95,56.95,52.3,52.35,17174
ATNINTER,20200713,0.15,0.2,0.15,0.15,5856
ATUL,20200713,4650.05,4695,4600,4606.65,12815
ATULAUTO,20200713,171.85,171.85,165.15,166.6,53536
AUBANK,20200713,635,646,617,624.55,696280
AURIONPRO,20200713,48.05,50.45,48,50.45,18373
AUROPHARMA,20200713,827.1,827.7,806.6,809.5,3076468
AUSOMENT,20200713,31.6,31.65,27.95,29.15,6648
AUTOAXLES,20200713,573.6,576.1,544.4,545.85,19564
AUTOIND,20200713,20.35,20.35,18.7,19.55,16551
AUTOLITIND,20200713,16.8,17.2,16.4,16.95,14297
AVADHSUGAR,20200713,182,182,176,177.05,57051
AVANTIFEED,20200713,485.6,485.6,465,468.95,349151
AVTNPL,20200713,38.7,39.5,37.7,38.9,185044
AXISBANK,20200713,443.95,446.4,432.75,440.05,21326996
AXISCADES,20200713,65.7,70,65,65.65,84918
AXISGOLD,20200713,4295,4300,4270,4294.9,1316
AXISNIFTY,20200713,1119,1119,1084.32,1103.01,209
AYMSYNTEX,20200713,22.85,23.3,22.1,22.6,5979
BAFNAPH,20200713,22.4,22.4,22.4,22.4,162
BAGFILMS,20200713,2.65,2.85,2.65,2.75,68343
BAJAJ-AUTO,20200713,2898.9,2910,2876.8,2900,481614
BAJAJCON,20200713,143.9,159.9,143.25,157.3,4241508
BAJAJELEC,20200713,397.95,406,393.25,395.35,115712
BAJAJFINSV,20200713,6574,6592.4,6400,6461.45,810726
BAJAJHIND,20200713,6.2,6.3,5.9,5.95,4398151
BAJAJHLDNG,20200713,2765,2765,2681.2,2723.25,128517
BAJFINANCE,20200713,3360,3378,3216.2,3234.6,13136482
BALAJITELE,20200713,80.4,80.9,77.9,78.3,41484
BALAMINES,20200713,593.9,635.9,587.1,626.5,838680
BALAXI,20200713,120.25,131.25,120.25,130.15,13338
BALKRISHNA,20200713,14.15,14.85,13.65,14.85,14446
BALKRISIND,20200713,1275,1295.95,1261,1277.45,1014046
BALLARPUR,20200713,1.65,1.65,1.6,1.6,1508934
BALMLAWRIE,20200713,111.6,111.95,108.8,109.35,201089
BALPHARMA,20200713,44,44.1,42.1,43.55,14900
BALRAMCHIN,20200713,129.75,129.8,125.65,126.15,1154111
BANARBEADS,20200713,40.45,41.95,39.5,40.65,5757
BANARISUG,20200713,1089,1098.95,1059,1065.85,1442
BANCOINDIA,20200713,87.75,90,86.1,86.45,281857
BANDHANBNK,20200713,378,382.75,367.35,370.1,10149824
BANG,20200713,19.35,19.6,18.5,19.3,5187
BANKBARODA,20200713,52,52.45,50.15,50.55,31368155
BANKBEES,20200713,226.04,229.15,221.8,222.51,2148571
BANKINDIA,20200713,49.9,49.9,48,48.25,1888289
BANSWRAS,20200713,74,74.05,68.6,70.65,54480
BASF,20200713,1224,1344.3,1202.55,1325.85,470920
BASML,20200713,94.05,97.25,91.55,92.95,8073
BATAINDIA,20200713,1280.95,1280.95,1245.3,1251.85,1266076
BAYERCROP,20200713,5789,5901.05,5680,5712.15,15322
BBL,20200713,787.85,792.9,771,774.7,5687
BBTC,20200713,1248.15,1270,1221,1231.1,596133
BCG,20200713,7.6,7.6,7.6,7.6,346748
BCP,20200713,4.95,4.95,4.85,4.85,262734
BDL,20200713,408.8,415,395.5,398.35,1426942
BEARDSELL,20200713,8.2,8.7,8,8.1,1349
BEDMUTHA,20200713,14.05,15.45,14.05,14.85,15390
BEL,20200713,100.7,101.35,97.7,98.5,10791094
BEML,20200713,648,648,636.1,639.85,394808
BEPL,20200713,51,51.2,49.8,50.05,389034
BERGEPAINT,20200713,499.55,507.95,497.5,499.75,858326
BFINVEST,20200713,296.05,324,296.05,307.1,96342
BFUTILITIE,20200713,198.85,206.5,197.55,200.75,340303
BGRENERGY,20200713,54.5,54.8,50.3,50.95,447783
BHAGERIA,20200713,117.95,117.95,115,115.35,45577
BHAGYANGR,20200713,17,17.45,16.6,17,21352
BHAGYAPROP,20200713,22.1,23.25,21.55,23,20351
BHANDARI,20200713,1.4,1.5,1.4,1.4,306135
BHARATFORG,20200713,359,377.9,358.3,369.05,8621256
BHARATGEAR,20200713,42.5,46,41.5,44.8,22586
BHARATRAS,20200713,9992.95,10100,9500,9666.65,26681
BHARATWIRE,20200713,22.3,22.5,21.75,21.9,14472
BHARTIARTL,20200713,574.5,589,570,586.8,16353967
BHEL,20200713,42.45,43,41.8,42.6,44813674
BIGBLOC,20200713,29.15,30.2,29,29.9,138417
BIL,20200713,142.1,149.35,142.1,144,8978
BILENERGY,20200713,1.2,1.2,1.15,1.2,1453644
BINDALAGRO,20200713,12,12.7,12,12.6,24066
BIOCON,20200713,446.95,446.95,412.75,414.85,20181221
BIOFILCHEM,20200713,14.05,14.05,14.05,14.05,31493
BIRLACABLE,20200713,51.15,52.85,51,51.6,67780
BIRLACORPN,20200713,592,603.95,590,594.75,263967
BIRLAMONEY,20200713,37.3,37.45,36.05,36.35,174867
BIRLATYRE,20200713,35.45,35.45,35.45,35.45,55740
BKMINDST,20200713,1.25,1.25,1.25,1.25,17426
BLBLIMITED,20200713,5.85,6,5.6,5.6,4902
BLISSGVS,20200713,106.1,111.2,105.35,106.5,1035710
BLKASHYAP,20200713,5.5,5.5,5.15,5.4,103949
BLS,20200713,62.6,62.6,62,62.05,27291
BLUECHIP,20200713,0.25,0.25,0.25,0.25,1000
BLUECOAST,20200713,4.4,4.4,4.4,4.4,50
BLUEDART,20200713,2025,2031.95,2000,2009.25,9720
BLUESTARCO,20200713,494,494,479,480.2,61217
BODALCHEM,20200713,64.45,74,63.65,70.05,1908187
BOMDYEING,20200713,76.5,77.75,74.25,75.65,2539687
BORORENEW,20200713,83.95,83.95,83.95,83.95,48991
BOSCHLTD,20200713,13498,13960,13335,13858.9,61390
BPCL,20200713,378,384.2,375.45,379.95,5139428
BPL,20200713,18.55,19.6,18.55,19.2,31552
BRFL,20200713,6.5,6.5,6.5,6.5,19123
BRIGADE,20200713,142,142.9,139.25,140.95,142159
BRITANNIA,20200713,3760,3835,3750.25,3796.8,1108644
BRNL,20200713,36.75,37.5,36.25,36.5,7624
BROOKS,20200713,30,30,28.55,28.8,4530
BSE,20200713,505.2,514.4,503,504.75,207335
BSELINFRA,20200713,1.1,1.2,1.1,1.1,33080
BSL,20200713,24.4,25,23.35,24,3554
BSLGOLDETF,20200713,4540,4541.05,4505.05,4512.05,402
BSLNIFTY,20200713,117.17,119.8,116,119,76
BSOFT,20200713,97.6,105.7,97.6,103.45,4732272
BURNPUR,20200713,1.85,1.85,1.85,1.85,7425
BUTTERFLY,20200713,125.2,127.5,122.05,123.6,54660
BVCL,20200713,13,13.5,13,13.5,1965
BYKE,20200713,15.75,16.5,15.55,15.95,153646
CADILAHC,20200713,357.9,360.15,356,358.1,1869088
CALSOFT,20200713,9.6,9.6,8.8,8.95,37828
CAMLINFINE,20200713,57.05,59.35,57,57.75,488257
CANBK,20200713,105,106.15,102.75,103.4,15607691
CANFINHOME,20200713,362.25,367,358.05,360.3,206810
CANTABIL,20200713,297.05,297.1,293,296.05,86133
CAPACITE,20200713,111.65,112.35,102.8,107.3,61105
CAPLIPOINT,20200713,348.5,378.8,342.65,372.1,1969133
CAPTRUST,20200713,77.75,81.6,77.75,80.95,7278
CARBORUNIV,20200713,258.5,258.9,249.1,249.75,101695
CAREERP,20200713,137.5,139.7,136.1,136.9,11177
CARERATING,20200713,421.4,434.95,418.55,425.3,66519
CASTEXTECH,20200713,0.55,0.55,0.55,0.55,10707
CASTROLIND,20200713,123.4,124,121.7,121.95,678797
CCCL,20200713,0.2,0.25,0.2,0.25,111650
CCHHL,20200713,3.6,3.6,3.35,3.35,22639
CCL,20200713,245.35,245.35,237.45,243.2,139606
CDSL,20200713,292.4,298.4,285.5,287.3,430379
CEATLTD,20200713,895.25,908,881.8,889.65,200221
CEBBCO,20200713,13.8,13.9,13.4,13.55,12152
CELEBRITY,20200713,4.65,4.85,4.65,4.85,27887
CENTENKA,20200713,183.2,184.95,178.05,178.8,45745
CENTEXT,20200713,4.5,4.55,4.45,4.45,119842
CENTRALBK,20200713,17.45,17.65,17.15,17.25,1029358
CENTRUM,20200713,15.9,16.25,15.4,15.6,78497
CENTUM,20200713,324,324,302.65,305.3,14165
CENTURYPLY,20200713,133,133.9,130.3,130.85,656959
CENTURYTEX,20200713,316.3,318.45,309.05,311.55,1020314
CERA,20200713,2215.05,2235,2210,2212.15,2334
CEREBRAINT,20200713,28.25,28.6,27.25,27.5,296017
CESC,20200713,635,662,628.15,655.15,396070
CESCVENT,20200713,171.05,175,165,168.5,119104
CGCL,20200713,171.6,175.75,167.1,171.4,122763
CGPOWER,20200713,8.85,9,8.85,8.85,1358629
CHALET,20200713,138,138.5,132.5,132.95,108987
CHAMBLFERT,20200713,156.2,157.2,153,154.5,686243
CHEMBOND,20200713,142,163.4,140.5,157.75,325819
CHEMFAB,20200713,148.2,149.35,146.15,147.05,10158
CHENNPETRO,20200713,81.65,82.2,80,80.15,444451
CHOLAFIN,20200713,210,212.9,204.35,205.25,5681014
CHOLAHLDNG,20200713,335,335,328,333.85,47857
CHROMATIC,20200713,0.9,0.95,0.9,0.9,68856
CIGNITITEC,20200713,267.95,270,259.3,261.95,16954
CIMMCO,20200713,20.35,21.55,20.05,20.4,57715
CINELINE,20200713,25.6,25.6,24.6,24.8,8888
CINEVISTA,20200713,6.2,6.6,6.05,6.15,8990
CIPLA,20200713,641,646,636.6,638.35,3450074
CLEDUCATE,20200713,39.45,39.6,38.55,39.15,13643
CLNINDIA,20200713,570,581.55,538,581.55,4728520
CMICABLES,20200713,34.65,34.65,32.15,33.15,23338
CNOVAPETRO,20200713,6.5,7,6.5,6.7,5014
COALINDIA,20200713,131.8,132.45,130.3,130.5,7748616
COCHINSHIP,20200713,327.95,331.5,319.7,327.75,667952
COLPAL,20200713,1396,1436.85,1395,1432.15,1612858
COMPINFO,20200713,12.1,12.1,11.4,11.4,110915
COMPUSOFT,20200713,8.6,8.6,8.05,8.15,18513
CONCOR,20200713,435,437.85,422.4,425.45,1275777
CONFIPET,20200713,20,20.7,19.9,19.95,181177
CONSOFINVT,20200713,29,29,28.25,28.6,2179
CONTROLPR,20200713,212,212,205.95,207.35,7000
CORALFINAC,20200713,22.75,22.75,22.35,22.75,40353
CORDSCABLE,20200713,36.2,36.7,35,35.05,26904
COROMANDEL,20200713,752,774.5,746,750.75,628123
COSMOFILMS,20200713,337.4,356.8,334.85,349.65,395688
COUNCODOS,20200713,1.4,1.4,1.35,1.4,29795
CPSEETF,20200713,17.75,17.75,17.33,17.37,1317174
CREATIVE,20200713,76.9,76.9,73,73.8,18460
CREATIVEYE,20200713,1.75,1.75,1.75,1.75,8015
CREDITACC,20200713,605,605,567.4,569.35,60078
CREST,20200713,65.1,68.45,64.5,65.1,8232
CRISIL,20200713,1776.1,1809.7,1756.95,1786.55,18366
CROMPTON,20200713,240.05,254,238.9,245.8,979806
CSBBANK,20200713,184.8,187.55,178.25,178.95,109776
CTE,20200713,20,20,18.5,18.75,13939
CUB,20200713,133.05,134,127.35,127.75,2093785
CUBEXTUB,20200713,12.95,12.95,12.2,12.5,6785
CUMMINSIND,20200713,397,399.85,387,388.4,1522264
CUPID,20200713,213.2,231,212.75,220.25,442577
CYBERTECH,20200713,43.2,43.5,41.5,42.55,12959
CYIENT,20200713,251.5,270,249.2,266.65,1342141
DAAWAT,20200713,44.4,45.3,40.8,43.25,1066250
DABUR,20200713,474.95,486,474.6,484.5,3108357
DALBHARAT,20200713,700,708,691.4,697.45,219503
DALMIASUG,20200713,108,108.95,105.9,107.15,161342
DAMODARIND,20200713,26.4,26.95,24.85,25.3,7796
DATAMATICS,20200713,48.85,48.85,46,46.85,43008
DBCORP,20200713,85,85.25,79.1,80.35,676920
DBL,20200713,296,299,285,286.25,442845
DBREALTY,20200713,6.7,6.85,6.5,6.6,440766
DBSTOCKBRO,20200713,10.45,10.45,10.4,10.4,6
DCAL,20200713,154.5,158.25,149.3,154.95,883695
DCBBANK,20200713,83.9,84.5,82.5,82.8,1297084
DCM,20200713,20.15,21.05,19.15,19.3,30771
DCMFINSERV,20200713,1.15,1.2,1.15,1.2,5826
DCMNVL,20200713,30.65,30.65,27.8,28.15,22987
DCMSHRIRAM,20200713,310,311.8,305,306.25,44935
DCW,20200713,12.2,12.3,11.8,11.85,274786
DECCANCE,20200713,284.8,284.8,266.7,268.4,63015
DEEPAKFERT,20200713,118.55,119.65,116.4,117.85,559859
DEEPAKNTR,20200713,529,554.7,524.5,551.2,2791837
DEEPIND,20200713,80.2,81.4,77.1,78.95,33610
DELTACORP,20200713,92.1,92.9,90.75,91.45,781122
DELTAMAGNT,20200713,23.15,23.85,22.75,23,4554
DEN,20200713,79,82.75,78,80.8,639550
DENORA,20200713,221.95,229.8,214.2,227.7,2652
DFMFOODS,20200713,192.9,210,186.35,200.8,710936
DGCONTENT,20200713,7.75,8.15,7.75,7.75,29373
DHAMPURSUG,20200713,129.35,129.8,124.5,125.65,795966
DHANBANK,20200713,13.95,14,13.45,13.55,671296
DHANUKA,20200713,762,770,742.05,745.2,60080
DHARSUGAR,20200713,6.95,6.95,6.95,6.95,100
DHFL,20200713,14.4,14.7,14.25,14.3,1566397
DHUNINV,20200713,215.95,218,210,212.65,6316
DIAMONDYD,20200713,583.9,583.9,561.5,569.85,7663
DICIND,20200713,348,361.95,334.55,355.15,30145
DIGISPICE,20200713,6.9,6.9,6.3,6.6,9591
DISHTV,20200713,8,8,7.7,7.75,2961084
DIVISLAB,20200713,2220,2240,2197.2,2235.15,600585
DIXON,20200713,6230.5,6500,6230.5,6467.8,45626
DLF,20200713,148.85,149.2,141.65,142.9,13687808
DLINKINDIA,20200713,92.1,94.4,90.85,92.35,164775
DMART,20200713,2210.05,2304.95,2180,2233.95,1754347
DOLAT,20200713,47.25,47.8,46,46.25,59835
DOLLAR,20200713,127.55,136.25,127.55,132.7,234892
DONEAR,20200713,27.25,28.45,26.05,26.95,42089
DPSCLTD,20200713,9.2,9.2,8.7,8.95,8066
DPWIRES,20200713,54,54,53.05,53.05,1489
DQE,20200713,1.55,1.55,1.55,1.55,3743
DREDGECORP,20200713,274.75,276.5,268,271.4,193555
DRREDDY,20200713,3915.3,3928.95,3874,3899.55,535690
DSSL,20200713,22.25,22.25,21,22.15,8049
DTIL,20200713,169.1,197.7,165.3,187.15,122262
DUCON,20200713,4.15,4.15,3.9,3.9,22198
DVL,20200713,55.25,56.15,54,54.95,9806
DWARKESH,20200713,24.6,24.9,23.55,23.95,516429
DYNAMATECH,20200713,576.5,576.85,550,558.45,8980
DYNPRO,20200713,162.05,177,162.05,173.2,266631
EASTSILK,20200713,1,1,1,1,13191
EBANK,20200713,2390.01,2543.12,2280,2543.12,41
EBBETF0423,20200713,1144,1144,1078.5,1079.85,6130
EBBETF0430,20200713,1111,1115.94,1103,1104.22,16309
EBIXFOREX,20200713,409.9,414.45,401.85,411,5335
ECLERX,20200713,482.75,489,479.15,480.15,164073
EDELWEISS,20200713,57.5,57.6,55.6,56.8,1836284
EICHERMOT,20200713,19610,19729,19450,19655,133183
EIDPARRY,20200713,272.5,274.9,261,270.75,791218
EIHAHOTELS,20200713,246.35,251.55,236.1,239.75,6901
EIHOTEL,20200713,65.75,66.85,65.2,65.3,593096
EIMCOELECO,20200713,323,323,310,311.55,939
EKC,20200713,19.5,20.7,19.15,20.3,241883
ELECON,20200713,27.1,27.5,26.4,26.55,80380
ELECTCAST,20200713,16.5,16.85,16.05,16.1,529811
ELECTHERM,20200713,107.95,108.1,102.5,102.8,7951
ELGIEQUIP,20200713,163,164.9,155.2,156.4,163069
ELGIRUBCO,20200713,18.8,19.6,18.05,18.3,37238
EMAMILTD,20200713,233,248.5,227.55,245.2,1758932
EMAMIPAP,20200713,81,81,76.5,76.8,6297
EMAMIREAL,20200713,38,39.35,36.6,37.35,12977
EMKAY,20200713,50.25,51.75,48.35,49.1,8604
EMMBI,20200713,66,67.95,64.55,65.3,4628
ENDURANCE,20200713,934,945.3,903.05,913.25,86857
ENERGYDEV,20200713,6.75,6.75,6.15,6.75,81651
ENGINERSIN,20200713,73.4,73.4,72,72.2,1208625
ENIL,20200713,131.3,132.55,127.2,128.6,28920
EQ30,20200713,295,323.15,294.7,321.99,89
EQUITAS,20200713,60.6,61,57.6,58.35,15013493
ERIS,20200713,456,462.9,445.05,456.4,127994
EROSMEDIA,20200713,18.4,18.4,17.6,17.85,712408
ESABINDIA,20200713,1399.75,1400,1364.6,1375.4,3231
ESCORTS,20200713,1142,1154.8,1124.3,1129.15,1942503
ESSARSHPNG,20200713,7.55,7.9,7.05,7.4,73496
ESSELPACK,20200713,201.9,202,191.5,192.8,134528
ESTER,20200713,60.1,61.8,60,61.8,95214
EUROMULTI,20200713,0.95,0.95,0.9,0.95,7923
EVEREADY,20200713,84.2,84.65,80,81,477358
EVERESTIND,20200713,212.6,221.9,212.6,213.9,98098
EXCEL,20200713,1.05,1.05,1.05,1.05,2736
EXCELINDUS,20200713,724.75,725,708,711.8,26402
EXIDEIND,20200713,155.55,156.7,153.85,156.2,1799550
EXPLEOSOL,20200713,279,289,278,289,24487
FACT,20200713,49.45,49.55,48.05,48.15,198552
FAIRCHEM,20200713,640,666,636,643.95,100859
FCL,20200713,31.25,33.9,31.1,33.9,1301623
FCONSUMER,20200713,11.2,11.75,10.75,11.75,99805158
FCSSOFT,20200713,0.6,0.6,0.55,0.55,2849770
FDC,20200713,240,244,238,239.95,396811
FEDERALBNK,20200713,54.8,54.9,52.75,53.05,20919444
FEL,20200713,11.65,12.85,11.65,12.5,3310423
FELDVR,20200713,12.65,13.95,12.65,13.05,372359
FIEMIND,20200713,440.4,459,440.4,444.6,50379
FILATEX,20200713,24.95,28.15,24.95,26.25,448054
FINCABLES,20200713,296.9,298.95,285,286.15,87667
FINEORG,20200713,2033.45,2045,1980,1987.55,17976
FINPIPE,20200713,484,484,466.6,469.7,50520
FLEXITUFF,20200713,8.1,8.45,7.7,8.2,17805
FLFL,20200713,117.35,126.6,117.35,126.6,1585596
FLUOROCHEM,20200713,343,350.1,335,344.8,193927
FMGOETZE,20200713,383.95,389.4,362.4,365.25,5853
FMNL,20200713,19.7,21.65,19.7,21.65,53527
FORCEMOT,20200713,965.7,975,955.55,960.6,39445
FORTIS,20200713,122.05,124.4,121.8,123.15,1435724
FOSECOIND,20200713,1120,1127.7,1065,1097.95,4043
FRETAIL,20200713,105,111.05,105,111.05,8295130
FSC,20200713,164.9,182.2,164.9,182.2,490158
FSL,20200713,44,44.25,42.5,42.75,6041790
GABRIEL,20200713,94.5,96.3,94,95.4,192157
GAEL,20200713,153.3,153.3,146.25,147.9,98692
GAIL,20200713,103.95,103.95,100.3,101.1,10392495
GAL,20200713,2.9,2.9,2.9,2.9,22566
GALAXYSURF,20200713,1600,1600,1573.55,1587.3,12307
GALLANTT,20200713,33.95,35.4,33.35,34.2,161026
GALLISPAT,20200713,29.5,30.5,28,29.35,104168
GAMMNINFRA,20200713,0.7,0.7,0.7,0.7,1816553
GANDHITUBE,20200713,199,199,192,192.55,6507
GANECOS,20200713,221.1,231,221.1,228.65,18921
GANESHHOUC,20200713,25.65,25.7,24.35,24.6,11313
GANGESSECU,20200713,31.7,31.85,30.85,31.85,217
GARDENSILK,20200713,12.05,12.05,12.05,12.05,6854
GARFIBRES,20200713,1539,1560,1510,1518.4,8994
GATI,20200713,49.5,50.3,48.05,48.5,348763
GAYAHWS,20200713,0.35,0.35,0.3,0.35,2149020
GAYAPROJ,20200713,15.45,16.8,15.45,15.8,323782
GBGLOBAL,20200713,4.7,4.9,4.7,4.9,1405
GDL,20200713,90.5,91.8,88.35,89.5,117209
GEECEE,20200713,67.5,68,66.55,67.6,1392
GEEKAYWIRE,20200713,79,79,74.4,77.7,5243
GENESYS,20200713,33.4,33.4,31.75,31.75,28575
GENUSPAPER,20200713,5.55,5.55,5.3,5.4,272274
GENUSPOWER,20200713,26.65,27.35,25.6,26.45,467268
GEOJITFSL,20200713,43,43.8,39.6,40,967510
GEPIL,20200713,516.5,522.55,505.95,510.25,29238
GESHIP,20200713,212,216.95,208.7,214.5,114096
GET&D,20200713,82.5,82.5,79.9,80.3,557513
GFLLIMITED,20200713,102.6,102.6,99,99.55,73637
GFSTEELS,20200713,2.9,3,2.9,2.9,10875
GHCL,20200713,161.9,162.6,155,156.55,242083
GICHSGFIN,20200713,99,99.5,95.2,95.95,1033853
GICRE,20200713,155,157.55,152.5,153.15,220311
GILLANDERS,20200713,29,29.5,28.2,28.2,7444
GILLETTE,20200713,5100.2,5120,5050,5057.65,8028
GINNIFILA,20200713,13.7,13.7,12.5,12.5,106277
GIPCL,20200713,70.55,71.25,67.6,68.35,248638
GISOLUTION,20200713,2,2.1,2,2.1,1020
GKWLIMITED,20200713,478.75,498,473.25,480.15,265
GLAXO,20200713,1492.6,1515,1489.15,1504.65,44848
GLENMARK,20200713,428.9,432,413.5,415.5,3109961
GLOBALVECT,20200713,54.05,56,52.4,55.1,27082
GLOBOFFS,20200713,5.1,5.1,4.85,4.85,6572
GLOBUSSPR,20200713,139.4,143.35,136.55,140.95,258237
GMBREW,20200713,397.25,400.65,390,391.2,24785
GMDCLTD,20200713,41.3,43,41.3,42.15,1622211
GMMPFAUDLR,20200713,4259,4259,4155,4168.5,12380
GMRINFRA,20200713,20.15,20.45,19.9,19.95,7580536
GNA,20200713,183.6,186.1,180.05,181.9,38075
GNFC,20200713,178.8,179.75,170.05,171,3007838
GOACARBON,20200713,234.7,234.7,225.05,226.85,26529
GOCLCORP,20200713,177.75,177.75,165,165.75,9733
GODFRYPHLP,20200713,970.5,977.6,962.2,966.2,28869
GODREJAGRO,20200713,455.05,462,447.5,451.45,177784
GODREJCP,20200713,704.95,704.95,690,695.1,1486087
GODREJIND,20200713,378.45,381.45,360.95,364.65,185380
GODREJPROP,20200713,900.15,907.95,885.4,894.2,577851
GOKEX,20200713,39.4,40.15,38.75,39.25,83760
GOKUL,20200713,17.45,17.45,16.05,16.05,22570
GOKULAGRO,20200713,14.35,15.05,14.35,14.85,26900
GOLDBEES,20200713,43.14,43.45,43.05,43.26,6116123
GOLDENTOBC,20200713,25.95,26.65,25.2,25.9,4836
GOLDIAM,20200713,109.9,112.5,106,107.8,73676
GOLDSHARE,20200713,4449,4457.9,4401,4433.75,1524
GOLDTECH,20200713,8.4,8.4,7.85,7.95,28215
GOODLUCK,20200713,42.5,44.65,42,42.5,233700
GPIL,20200713,161.55,168.8,160.5,161.9,98192
GPPL,20200713,83.45,83.5,81.5,82.75,512663
GPTINFRA,20200713,27.5,27.5,26.4,26.55,42858
GRANULES,20200713,236.2,244.9,235,242.5,4991607
GRAPHITE,20200713,182.4,182.45,177,177.75,329152
GRASIM,20200713,614.4,617.95,607.55,611.75,1715549
GRAVITA,20200713,46.85,48.15,45.65,46.15,66390
GREAVESCOT,20200713,88,88.8,85.4,86.05,238458
GREENLAM,20200713,764.95,764.95,710,718.9,3063
GREENPANEL,20200713,36.75,39.5,36.3,38.05,18510
GREENPLY,20200713,92,92,88.05,89.15,102365
GREENPOWER,20200713,2.2,2.2,2.2,2.2,807638
GRINDWELL,20200713,505.55,527.5,504.65,521.4,98502
GROBTEA,20200713,397.15,399,389.15,390.3,179
GRPLTD,20200713,617,648,616.65,633,436
GRSE,20200713,220.45,221.8,212.25,214.6,402763
GSCLCEMENT,20200713,31.8,32.25,30.45,30.9,193102
GSFC,20200713,62.7,63.8,61.05,61.7,2157851
GSPL,20200713,211.25,216.95,206,207.5,524501
GSS,20200713,25,25.95,23.7,24,59602
GTL,20200713,1.9,1.9,1.85,1.85,24701
GTLINFRA,20200713,0.9,0.9,0.9,0.9,1573668
GTNIND,20200713,9.45,9.45,8.6,9,5864
GTNTEX,20200713,5.8,5.8,5.8,5.8,691
GTPL,20200713,71.35,72.5,70.15,71.6,96453
GUFICBIO,20200713,92.9,92.95,87.35,88.25,395836
GUJALKALI,20200713,342.95,347.25,337.4,339.4,57521
GUJAPOLLO,20200713,189.75,189.8,183.85,184.55,2744
GUJGASLTD,20200713,309.65,314.7,304,309.6,1150732
GUJRAFFIA,20200713,12.35,12.35,12.35,12.35,207
GULFOILLUB,20200713,611.55,614,590,592.25,13923
GULFPETRO,20200713,48.3,48.9,46.65,47,34835
GULPOLY,20200713,38.4,39.15,37.6,39.15,29029
GVKPIL,20200713,2.4,2.6,2.4,2.4,28525481
HAL,20200713,950,965,923.9,929.5,328109
HARITASEAT,20200713,387.85,392.8,372.3,381.9,3523
HARRMALAYA,20200713,82.55,84.4,80.05,81.65,231775
HATHWAY,20200713,34.1,35.1,33.3,34.75,5082808
HATSUN,20200713,660,680,660,674.25,28959
HAVELLS,20200713,587.9,589.25,577,587.1,939648
HAVISHA,20200713,0.7,0.75,0.65,0.65,138093
HBLPOWER,20200713,16.55,17.1,16.3,16.45,722106
HBSL,20200713,5.5,5.5,5.3,5.5,247
HCC,20200713,6.3,6.4,6.15,6.4,10389987
HCG,20200713,121.25,121.8,121.05,121.4,64589
HCL-INSYS,20200713,9.85,10.15,9.25,10.15,607501
HCLTECH,20200713,585,605,583.35,602.6,5443995
HDFC,20200713,1905,1907.2,1840,1845.55,3403604
HDFCAMC,20200713,2472,2478.75,2418.3,2445.7,299121
HDFCBANK,20200713,1109.9,1113,1071.3,1080.25,14961695
HDFCLIFE,20200713,593.95,603.75,584,600.3,2854269
HDFCMFGETF,20200713,4434.5,4434.5,4406.65,4423,15309
HDFCNIFETF,20200713,1136.15,1139,1120,1124.65,2461
HDFCSENETF,20200713,3900,3914.99,3849.13,3851,235
HEG,20200713,800.55,805.45,770.35,774.4,224556
HEIDELBERG,20200713,180.65,181.9,176.1,177.5,288238
HERCULES,20200713,82.5,93.5,78.45,90.5,2426326
HERITGFOOD,20200713,259.75,259.75,250,251.4,24817
HEROMOTOCO,20200713,2701.95,2714.35,2670.35,2689.7,713590
HESTERBIO,20200713,1220.35,1248.85,1220,1238.4,6440
HEXATRADEX,20200713,23,23.25,22.5,23,60385
HEXAWARE,20200713,348.4,348.4,343.05,346.1,912782
HFCL,20200713,14,14.25,13.35,13.5,2186346
HGINFRA,20200713,190.3,195,189,189.7,19801
HGS,20200713,685,708.55,681.1,698.35,18126
HIKAL,20200713,124.7,124.7,121.05,122.2,299869
HIL,20200713,1180,1225,1180,1207.25,38686
HILTON,20200713,10.75,10.75,9.75,9.85,10148
HIMATSEIDE,20200713,59.2,60.25,58.3,58.5,118163
HINDALCO,20200713,165.3,170.5,164.1,169.25,21894781
HINDCOMPOS,20200713,190,195,180.6,191.95,24066
HINDCOPPER,20200713,39.25,40.75,39.25,39.45,2159246
HINDMOTORS,20200713,6,6.1,5.85,6,158035
HINDNATGLS,20200713,32,33,32,33,1223
HINDOILEXP,20200713,66.8,67.5,66.35,66.55,147466
HINDPETRO,20200713,210.05,214.95,209.2,210.8,6509815
HINDUNILVR,20200713,2239,2275,2235,2265.25,4556688
HINDZINC,20200713,190.8,196.4,190.1,195.05,2187263
HIRECT,20200713,124,124,120,120.95,7759
HISARMETAL,20200713,70.45,70.45,65.95,66.95,3517
HITECH,20200713,112.3,113.8,110.15,111.5,2450
HITECHCORP,20200713,78,79.95,75.4,77.1,7290
HITECHGEAR,20200713,112,112,106.2,107.35,2019
HLVLTD,20200713,5.25,5.35,5.1,5.2,71173
HMVL,20200713,54.95,54.95,51.05,51.35,32661
HNDFDS,20200713,568.7,577.5,553.1,559.8,8868
HNGSNGBEES,20200713,345,354.99,345,347.38,328
HONAUT,20200713,28995,29499,28700.15,28918.5,2130
HONDAPOWER,20200713,999.8,1000.05,986.6,992.65,2424
HOTELRUGBY,20200713,1.55,1.55,1.55,1.55,1813
HOVS,20200713,43.1,43.95,42.5,42.75,3867
HPL,20200713,37.1,38,36.2,36.2,65169
HSCL,20200713,51,51.3,49.55,50.05,1112929
HSIL,20200713,56.4,56.4,53.8,54.55,350987
HTMEDIA,20200713,13.3,13.65,12.6,12.75,63820
HUBTOWN,20200713,11.55,11.95,11.45,11.45,95881
HUDCO,20200713,36.75,37.45,36.15,36.45,1957087
IBMFNIFTY,20200713,119.1,120,116.75,118.97,291
IBREALEST,20200713,70.45,71.8,66.25,66.7,2089193
IBULHSGFIN,20200713,238.45,250.8,235.6,238.4,54442280
IBULISL,20200713,54,55.75,52.5,52.6,171567
IBVENTURES,20200713,131.75,134,126.15,128.2,1712695
ICICI500,20200713,142.05,144.94,142.05,143.01,6969
ICICIB22,20200713,25.9,26.15,25.75,25.81,235176
ICICIBANK,20200713,364.1,367,352.5,353.6,32379950
ICICIBANKN,20200713,232,243.1,218.97,219.55,33265
ICICIBANKP,20200713,127.63,127.63,119.5,121.19,11682
ICICIGI,20200713,1270.95,1288,1251.05,1273.85,334234
ICICIGOLD,20200713,43.76,44.5,43.76,44.28,905024
ICICILIQ,20200713,1000,1000,999,999.99,13154
ICICILOVOL,20200713,90,90.4,86.87,88.88,2567
ICICIM150,20200713,60.87,60.87,57.02,57.15,6421
ICICIMCAP,20200713,59,59,56.82,57.53,4551
ICICINF100,20200713,116,118.74,115.12,117.61,1733
ICICINIFTY,20200713,114,115.02,113.85,114.04,139991
ICICINV20,20200713,54,55.27,53,53.72,4704
ICICINXT50,20200713,27.4,27.4,26.21,26.39,12009
ICICIPRULI,20200713,420,425.25,419,423.75,1572733
ICICISENSX,20200713,385,398,383.6,392.97,1745
ICIL,20200713,41,41.8,38.35,40.15,507942
ICRA,20200713,2520.85,2534.3,2485,2518.75,507
IDBI,20200713,42.15,43.35,41.55,41.55,8114719
IDBIGOLD,20200713,4500,4597,4500,4545.6,92
IDEA,20200713,10,10.1,9.5,9.75,378800062
IDFC,20200713,19.35,19.6,19.1,19.3,8043194
IDFCFIRSTB,20200713,27.35,27.6,26.65,26.9,28711210
IDFNIFTYET,20200713,110.01,110.03,110.01,110.02,77
IEX,20200713,185,188,182.9,185.85,403492
IFBAGRO,20200713,293.8,294.25,284,287.2,8791
IFBIND,20200713,414,414,391.3,394.9,57175
IFCI,20200713,7.4,7.45,7,7.05,3591898
IFGLEXPOR,20200713,141.35,141.6,138,138.1,1922
IGARASHI,20200713,280.9,283,276,276.65,33381
IGL,20200713,408,411.85,402,405.85,3527040
IGPL,20200713,172.15,172.15,163.55,163.55,36081
IIFL,20200713,76.65,77.1,74.2,75.15,442651
IIFLSEC,20200713,49.5,51.8,47.7,50.55,1477724
IIFLWAM,20200713,950,984,925.25,947.1,12960
IITL,20200713,60,60,58.8,59.1,160
IMAGICAA,20200713,5.05,5.05,4.7,4.7,63429
IMFA,20200713,175.05,178.8,169.55,173.15,12027
IMPAL,20200713,530.9,530.9,524,525,3116
IMPEXFERRO,20200713,0.5,0.5,0.5,0.5,8220
INDBANK,20200713,7.3,7.3,7,7.05,76597
INDHOTEL,20200713,81.5,81.95,79.6,80.05,1051905
INDIACEM,20200713,121.55,122.35,117.55,119.95,2058967
INDIAGLYCO,20200713,283.7,289,280.45,286.7,179856
INDIAMART,20200713,2248,2248,2185.8,2199.9,342301
INDIANB,20200713,63.9,64.6,62.5,62.75,1936594
INDIANCARD,20200713,91,100.05,91,97.15,4085
INDIANHUME,20200713,178.95,182.45,171.3,172.55,77343
INDIGO,20200713,1020,1029.7,1008.1,1014.85,677791
INDLMETER,20200713,16,16,15.55,15.6,7274
INDNIPPON,20200713,295.2,299,287.1,288.55,53822
INDOCO,20200713,205.55,207,202.15,205.05,65823
INDORAMA,20200713,16.8,17,16.2,16.75,75029
INDOSTAR,20200713,276.8,283,273.1,273.7,13204
INDOTECH,20200713,99.6,99.6,97.2,97.25,915
INDOTHAI,20200713,19.2,19.2,17.65,18.25,2935
INDOWIND,20200713,3.6,3.6,3.45,3.45,35337
INDRAMEDCO,20200713,50.8,51.85,49.15,49.6,234335
INDSWFTLAB,20200713,35.6,36.5,34,34.35,48176
INDSWFTLTD,20200713,3.2,3.2,3.05,3.05,2955
INDTERRAIN,20200713,30.6,30.6,29.5,29.9,117692
INDUSINDBK,20200713,549.7,555,534.5,539.65,16508012
INEOSSTYRO,20200713,825.1,834.95,815.7,820.45,76208
INFIBEAM,20200713,67,69.35,65.2,67.3,780449
INFOBEAN,20200713,93.95,94.2,88.4,90.15,12112
INFOMEDIA,20200713,4.2,4.2,4.15,4.15,7250
INFRABEES,20200713,320.89,320.89,316.13,316.41,233
INFRATEL,20200713,209.1,212.75,208.05,211.7,5091903
INFY,20200713,788,805.35,786.05,797.05,10804911
INGERRAND,20200713,622,625.6,615.65,617.35,6771
INOXLEISUR,20200713,233,233,225.05,227.95,190938
INOXWIND,20200713,38,38.9,36.3,36.5,79817
INSECTICID,20200713,447.9,447.9,430.1,440.95,56555
INSPIRISYS,20200713,29.45,32.8,29.4,32.8,94053
INTEGRA,20200713,0.95,1,0.95,1,6534
INTELLECT,20200713,112,116.45,112,116.15,471518
INTENTECH,20200713,34.45,35.05,32.8,35.05,44309
INVENTURE,20200713,14,14.5,14,14.25,23314
IOB,20200713,10.8,10.85,10.5,10.6,2538178
IOC,20200713,87,87.75,86.2,87.4,16659178
IOLCP,20200713,713,764.75,713,762.65,6252675
IPCALAB,20200713,1660.1,1677.6,1635.05,1643.05,118279
IRB,20200713,126.7,126.75,122.35,123.5,4960497
IRCON,20200713,98,99.3,93,93.8,2646283
IRCTC,20200713,1444,1444,1386.35,1397.35,1325294
ISEC,20200713,510.05,518.5,504.05,509.8,449498
ISFT,20200713,68,72.45,68,72.45,5670
ISMTLTD,20200713,5.1,5.25,4.85,5.15,74227
ITC,20200713,195.9,198.75,195.1,197.55,20298006
ITDC,20200713,216,224.15,209.1,224.05,112456
ITDCEM,20200713,51.9,52.3,50.75,51,199402
ITI,20200713,128,133.7,127.4,131.75,4339937
IVC,20200713,3.15,3.2,3.1,3.15,70693
IVP,20200713,40.3,41.3,38.5,39.55,7752
IVZINGOLD,20200713,4488,4499.95,4435,4452.85,47
IZMO,20200713,23.1,23.15,21.5,21.5,28682
J&KBANK,20200713,18.85,19.2,17.95,18,3297315
JAGRAN,20200713,41.35,41.45,40.15,40.35,489564
JAGSNPHARM,20200713,43,45.15,42.25,42.85,39028
JAIBALAJI,20200713,22.15,22.95,21.8,21.8,7802
JAICORPLTD,20200713,97.5,102.4,96.1,98.6,6852589
JAINSTUDIO,20200713,3.45,3.45,3.45,3.45,1155
JAMNAAUTO,20200713,32,32.2,31.25,31.45,1187836
JASH,20200713,163,164.5,152,153.7,4439
JAYAGROGN,20200713,91.1,96.1,90.5,95.05,7271
JAYBARMARU,20200713,187,193.45,187,189.95,22648
JAYNECOIND,20200713,3.8,3.85,3.7,3.8,83032
JAYSREETEA,20200713,50.75,51.95,49.5,51.05,158982
JBCHEPHARM,20200713,719,723.95,714.05,715.55,315312
JBFIND,20200713,11.15,11.45,10.6,10.75,37770
JBMA,20200713,213.15,216.45,209.4,210.45,22694
JCHAC,20200713,2227,2256,2213.2,2224.15,3267
JHS,20200713,15.9,15.9,14.85,14.85,72910
JINDALPHOT,20200713,13.7,15,13.35,14.85,10943
JINDALPOLY,20200713,375.05,403.5,374.95,395.25,234684
JINDALSAW,20200713,63,63.2,60.3,60.8,1441607
JINDALSTEL,20200713,170.5,172.8,168.25,170.1,16663165
JINDRILL,20200713,72,73.3,70.1,70.9,5562
JINDWORLD,20200713,52.85,53,49.05,50.15,15092
JISLDVREQS,20200713,11.9,12.15,11.05,11.15,181652
JISLJALEQS,20200713,11.8,11.95,10.85,10.85,3281062
JITFINFRA,20200713,6.25,6.5,6.25,6.25,11299
JIYAECO,20200713,18.15,18.15,16.45,16.45,237349
JKCEMENT,20200713,1453.9,1474,1404.9,1423.4,102292
JKIL,20200713,99.4,99.95,96.25,96.8,109753
JKLAKSHMI,20200713,279.9,294,278.15,285.15,1480171
JKPAPER,20200713,101.95,102.95,101,101.5,1014774
JKTYRE,20200713,67,67.8,65.65,66.4,868264
JMA,20200713,22,22.5,21.65,22.35,20930
JMCPROJECT,20200713,51.85,51.85,49.8,50,77857
JMFINANCIL,20200713,82.75,84.1,80.7,83.2,2276695
JMTAUTOLTD,20200713,4.55,4.55,4.55,4.55,212638
JOCIL,20200713,150,154.8,148,149.2,8577
JPASSOCIAT,20200713,2.7,2.75,2.55,2.6,12028441
JPINFRATEC,20200713,1.7,1.7,1.7,1.7,242913
JPOLYINVST,20200713,16.15,16.15,16.15,16.15,811
JPPOWER,20200713,2.1,2.1,1.9,1.9,17686482
JSL,20200713,40.95,41.2,40.65,40.85,434934
JSLHISAR,20200713,77,78,74.6,75.5,298741
JSWENERGY,20200713,46.5,46.65,45,45.75,889949
JSWHL,20200713,1979.25,1979.25,1930,1936.3,661
JSWSTEEL,20200713,195.4,199.8,195.25,198.4,11050735
JTEKTINDIA,20200713,67.05,69,66.25,67.9,464453
JUBILANT,20200713,710.95,716.9,695.05,697.35,255859
JUBLFOOD,20200713,1638,1649,1596.05,1634.65,987263
JUBLINDS,20200713,107,109.05,95.85,102.25,37829
JUMPNET,20200713,59.5,59.5,58.4,58.7,883376
JUNIORBEES,20200713,285,285,271,273.29,52513
JUSTDIAL,20200713,377,379,366.2,370.35,1314675
JYOTHYLAB,20200713,118.7,119.45,115,117.1,749368
KABRAEXTRU,20200713,53.9,54,51.15,51.6,17100
KAJARIACER,20200713,391.85,393.95,385.6,390.6,83914
KAKATCEM,20200713,146.5,146.5,141.3,142.65,8391
KALPATPOWR,20200713,265.8,267,259.1,260.6,285411
KALYANIFRG,20200713,139,139,135,137.85,194
KAMATHOTEL,20200713,32.5,33.6,31,31.35,200536
KAMDHENU,20200713,74,74,69.65,72.6,7408
KANANIIND,20200713,4.1,4.5,4.1,4.5,8901
KANORICHEM,20200713,37.15,37.85,36.3,36.8,23244
KANSAINER,20200713,435,447.2,431.05,441.15,166507
KAPSTON,20200713,91.75,91.75,89,89,411
KARDA,20200713,62.5,62.9,58.5,58.65,32060
KARMAENG,20200713,10.9,11.3,10.9,10.9,1805
KARURVYSYA,20200713,35.1,35.1,33.8,33.95,1089186
KAUSHALYA,20200713,0.7,0.75,0.65,0.75,29005
KAYA,20200713,215.95,220.95,207.5,209.95,15167
KCP,20200713,56.5,57,53.55,54,312629
KCPSUGIND,20200713,15,15.9,14.65,15.25,424591
KDDL,20200713,164.95,167.9,153,153.45,4233
KEC,20200713,278.8,279.85,270.35,272.8,120651
KECL,20200713,12.9,12.9,11.95,12,65986
KEI,20200713,390.85,398,385,388.55,358383
KELLTONTEC,20200713,15.75,15.75,15.7,15.75,82794
KENNAMET,20200713,794,794,758,761.1,6074
KERNEX,20200713,21.1,21.4,20.1,20.6,4216
KESORAMIND,20200713,34.85,35.4,34.05,34.4,94981
KEYFINSERV,20200713,39,39,36.65,38.75,13
KHADIM,20200713,120,123.95,118.05,119.05,14205
KHANDSE,20200713,10,10.1,9.8,10.05,737
KICL,20200713,1290,1313.9,1265,1293.4,478
KILITCH,20200713,92.35,95,90,90.8,8590
KINGFA,20200713,405.05,407,395.95,397.85,4066
KIOCL,20200713,102.5,102.5,99,100.2,11184
KIRIINDUS,20200713,470.9,514.95,467.6,505.45,1013303
KIRLFER,20200713,71.25,76,70.1,73.95,64737
KIRLOSBROS,20200713,109.8,112,108.25,110,166864
KIRLOSENG,20200713,110,111.95,110,110.55,17268
KIRLOSIND,20200713,666.75,666.75,635,636.6,1152
KITEX,20200713,108.35,110.65,107.2,108.3,98350
KKCL,20200713,740,740,726.05,737.9,417
KMSUGAR,20200713,8.85,9.1,8.25,8.6,240247
KNRCON,20200713,213,213.75,203.15,207.2,86484
KOKUYOCMLN,20200713,53.5,54.4,51.15,52.4,127895
KOLTEPATIL,20200713,156.6,156.8,151.55,152,41667
KOPRAN,20200713,37,39.25,36.5,37.9,307221
KOTAKBANK,20200713,1360,1364.9,1324.1,1335.55,3356703
KOTAKBKETF,20200713,230.13,230.18,222.3,222.56,1010189
KOTAKGOLD,20200713,433.05,435.95,431.15,433.9,95417
KOTAKNIFTY,20200713,112.2,112.86,111.5,112.55,211306
KOTAKNV20,20200713,54.9,55.29,54.21,54.99,11087
KOTAKPSUBK,20200713,148,149.98,143.75,144.59,11503
KOTARISUG,20200713,13,13.4,12.7,13.15,85234
KOTHARIPET,20200713,16.25,16.5,16,16.1,35084
KOTHARIPRO,20200713,62.9,63.05,60,60.85,9251
KPITTECH,20200713,63.25,65.5,62.15,64.8,496249
KPRMILL,20200713,487.85,488.5,462.1,465.15,11600
KRBL,20200713,267.2,271.2,260.15,263.05,279138
KREBSBIO,20200713,75.05,76,72.8,73.1,17466
KRIDHANINF,20200713,3.5,3.5,3.5,3.5,60684
KRISHANA,20200713,45.1,45.1,44,44.8,551
KSB,20200713,521.55,590.5,521.55,556.3,532345
KSCL,20200713,572.65,578.3,560,562.45,131995
KSERASERA,20200713,0.35,0.4,0.35,0.4,7748469
KSK,20200713,0.75,0.75,0.75,0.75,101692
KSL,20200713,241.5,241.8,231,234.05,462786
KTKBANK,20200713,49.05,49.7,46.85,47.25,12348594
KUANTUM,20200713,635,699.8,628,679.3,100319
KWALITY,20200713,3.85,3.85,3.85,3.85,261082
L&TFH,20200713,69.95,70.3,67.8,68.25,14620313
LAKSHVILAS,20200713,23.45,23.45,22.65,23.45,3550139
LALPATHLAB,20200713,1815,1920,1791.95,1892.4,549620
LAMBODHARA,20200713,29.05,30,28,28.05,15427
LAOPALA,20200713,197.7,200.95,195.1,198.2,85337
LASA,20200713,44,46.35,43.8,45,19775
LAURUSLABS,20200713,607.45,627.9,599,623.9,2622341
LAXMIMACH,20200713,2785,3020,2779.95,2843.2,6253
LEMONTREE,20200713,24.8,25.2,24.2,24.25,945233
LFIC,20200713,92.05,92.05,83.35,83.35,10410
LGBBROSLTD,20200713,239.95,239.95,230.1,232.9,22709
LGBFORGE,20200713,2.6,2.6,2.5,2.55,13146
LIBAS,20200713,51,51.9,49.55,50,5798
LIBERTSHOE,20200713,136.65,141.4,136.5,139.95,291838
LICHSGFIN,20200713,278,281.9,273.5,274.85,2630670
LICNETFGSC,20200713,22,22.48,21.32,22.01,15013
LICNETFN50,20200713,114,114,110.01,111.34,542
LICNETFSEN,20200713,388.7,395.2,388.7,391.98,25
LICNFNHGP,20200713,116,116.94,115,115.42,91
LINCOLN,20200713,163.8,178.05,161.6,175.8,438197
LINCPEN,20200713,182,184.25,175,175.65,5291
LINDEINDIA,20200713,702.25,719,695,697.7,123918
LIQUIDBEES,20200713,1000,1000.01,999.85,1000,806085
LIQUIDETF,20200713,1000,1000.04,999.99,1000,14950
LOKESHMACH,20200713,26.75,26.75,24.3,24.7,45744
LOTUSEYE,20200713,31.95,32.05,31.5,31.6,5750
LOVABLE,20200713,53.2,54.05,52,52.15,16584
LPDC,20200713,1.6,1.65,1.6,1.65,29492
LSIL,20200713,1.05,1.05,1.05,1.05,446800
LT,20200713,940,944.8,925,928.15,3821343
LTI,20200713,2123,2230,2116.5,2196.05,478574
LTTS,20200713,1429,1457.1,1420.05,1439,153471
LUMAXIND,20200713,1308,1310.6,1283.8,1303.3,3563
LUMAXTECH,20200713,95.5,95.5,91.2,94.4,84921
LUPIN,20200713,868.85,877,858.35,869.8,1910103
LUXIND,20200713,1205,1219.3,1178,1191.2,41913
LYKALABS,20200713,19.9,20.55,19,19.55,16838
LYPSAGEMS,20200713,3.25,3.25,3,3.2,21098
M&M,20200713,560,560.5,549.2,555.85,3167393
M&MFIN,20200713,207,208.6,203.05,204,9493979
M100,20200713,16.32,16.32,15.8,15.94,47292
M50,20200713,105.91,107.27,105.31,106.5,1123
MAANALU,20200713,56.3,60.4,55.1,55.75,22494
MADHAV,20200713,22.2,25.4,22.2,23.7,20347
MADHUCON,20200713,2.65,2.65,2.6,2.6,3200
MADRASFERT,20200713,19.1,19.25,18.75,18.8,93077
MAGADSUGAR,20200713,124.2,128.35,123.65,124.9,27965
MAGMA,20200713,26.45,27,25.1,26.5,1947838
MAGNUM,20200713,6.7,6.7,6.1,6.7,99488
MAHABANK,20200713,11.6,11.7,11.2,11.25,1682033
MAHAPEXLTD,20200713,75,75,70,70,130
MAHASTEEL,20200713,74.95,74.95,71,71.3,4747
MAHEPC,20200713,178,184.9,173.15,178.6,787252
MAHESHWARI,20200713,170.1,170.1,162,163.5,32459
MAHINDCIE,20200713,113.5,117.6,113.5,115.35,94521
MAHLIFE,20200713,218.5,222.9,215.05,216.2,69100
MAHLOG,20200713,333.8,352,327,331.55,287063
MAHSCOOTER,20200713,3268.95,3280,2934.8,3086.65,12825
MAHSEAMLES,20200713,228.85,233.2,225.5,228.6,139992
MAITHANALL,20200713,481,483.7,473.5,475,24908
MAJESCO,20200713,367.05,368.95,343.95,353,19689
MALUPAPER,20200713,30.4,30.65,29.5,29.6,11405
MAN50ETF,20200713,110.2,110.45,109.7,109.75,668
MANAKALUCO,20200713,9.75,9.75,9.1,9.4,35930
MANAKCOAT,20200713,5.4,5.4,5.15,5.15,3386
MANAKSIA,20200713,35,36,33.95,35.3,31153
MANAKSTEEL,20200713,9.9,10.2,9.7,9.7,39845
MANALIPETC,20200713,21.4,21.8,20.2,20.45,310335
MANAPPURAM,20200713,161.3,162.65,156.65,157.8,4928754
MANGALAM,20200713,66.55,67,63.5,66.4,28879
MANGCHEFER,20200713,37.7,38.2,36.5,37,989432
MANGLMCEM,20200713,200,200.95,194.45,196.7,51891
MANGTIMBER,20200713,7.55,7.55,7.2,7.45,731
MANINDS,20200713,47.75,48.15,46.05,46.7,69965
MANINFRA,20200713,18.5,18.85,18.05,18.1,110593
MANUGRAPH,20200713,8.55,8.95,8.2,8.25,4781
MANXT50,20200713,264.4,264.4,262.3,262.3,1504
MARALOVER,20200713,12.9,13.15,12.6,13.1,1478
MARATHON,20200713,51,52.6,48.75,50.8,16763
MARICO,20200713,343.05,348,342.1,347.2,1301824
MARKSANS,20200713,34,35.35,33.95,35.35,2690315
MARUTI,20200713,6000,6059.25,5927.8,5988.85,1035124
MASFIN,20200713,685.6,685.6,656.15,667.25,16517
MASKINVEST,20200713,51.15,51.15,48.75,51.15,3952
MASTEK,20200713,387.8,400,382.1,395.15,88419
MATRIMONY,20200713,385.5,398.85,380,386.85,2426
MAWANASUG,20200713,29.5,29.5,27,28.2,19104
MAXVIL,20200713,33.9,34.55,32.5,33.1,47453
MAYURUNIQ,20200713,249.9,264.95,227.7,232.6,634811
MAZDA,20200713,323.7,323.7,310.2,312.5,4460
MBAPL,20200713,65,65,65,65,85
MBECL,20200713,5.4,5.4,5.1,5.15,22465
MBLINFRA,20200713,6.2,6.5,6,6.5,89695
MCDHOLDING,20200713,24,24.95,23.8,24.6,48953
MCDOWELL-N,20200713,641,645,622.15,629.4,2830295
MCLEODRUSS,20200713,8.45,8.8,8.05,8.45,278558
MCX,20200713,1332,1334.9,1295,1318.95,121325
MEGASOFT,20200713,7,7.05,6.6,6.65,32687
MEGH,20200713,56.6,57.4,55.05,55.35,1341695
MENONBE,20200713,42.55,42.9,40.45,40.8,29490
MEP,20200713,20,21.15,20,20.5,21257
MERCATOR,20200713,1.25,1.25,1.25,1.25,50092
METALFORGE,20200713,4.9,5.4,4.9,5.4,16832
METROPOLIS,20200713,1521.85,1596.3,1486.1,1582.15,291009
MFSL,20200713,559,565.8,550.5,560.5,684025
MGL,20200713,970.4,983.4,962.9,969.95,685399
MHRIL,20200713,174.9,174.9,165.6,166.6,34926
MIC,20200713,1,1,1,1,4414
MIDHANI,20200713,216,218.7,213.2,214,1173285
MINDACORP,20200713,73.5,73.75,71,71.5,528272
MINDAIND,20200713,304.2,307,302.5,304.95,112837
MINDTECK,20200713,25.4,26.05,24.7,25.5,23044
MINDTREE,20200713,1018.1,1026.55,1001.6,1007.8,794007
MIRCELECTR,20200713,7.6,7.6,7.25,7.25,201120
MIRZAINT,20200713,51,51.7,49.2,49.65,384250
MITTAL,20200713,82.35,82.35,82.35,82.35,115
MMFL,20200713,197,197,186,188,47156
MMP,20200713,79,80.5,75.25,76.2,10930
MMTC,20200713,20.15,20.85,19.85,20,2986283
MODIRUBBER,20200713,32.45,33.85,32.2,32.2,552
MOHOTAIND,20200713,12.65,13.4,12.65,13.3,4067
MOIL,20200713,152,152.05,146.7,148.25,253551
MOLDTECH,20200713,36.85,36.85,35.3,35.5,14316
MOLDTKPAC,20200713,203.7,204.6,200,200.65,26038
MONTECARLO,20200713,158,166,153.35,164.35,72423
MORARJEE,20200713,11.55,11.75,11.2,11.3,3001
MOREPENLAB,20200713,23.5,24.1,23.25,23.4,1637131
MOTHERSUMI,20200713,97.25,98.25,95.5,96.1,10195902
MOTILALOFS,20200713,692.1,708.35,665.35,669.6,124635
MOTOGENFIN,20200713,19.75,20.25,19.3,19.45,6485
MPHASIS,20200713,916.55,934,910,923.65,118826
MPSLTD,20200713,289.05,299.8,285.1,288.7,4579
MRF,20200713,65100,65698.9,64350,64673.45,8443
MRO-TEK,20200713,23.9,23.9,23.9,23.9,1087
MRPL,20200713,36.45,36.95,35.5,35.85,645217
MSPL,20200713,6.3,6.9,6.3,6.7,7814
MSTCLTD,20200713,164.5,174.3,163.7,169.65,872455
MTEDUCARE,20200713,15.3,15.35,14.35,14.45,75552
MTNL,20200713,10.8,10.8,10.3,10.3,1102461
MUKANDENGG,20200713,8.95,8.95,8.55,8.55,5069
MUKANDLTD,20200713,20.2,21.8,20.2,20.6,3109
MUKTAARTS,20200713,22.7,23.9,22.7,23.2,2541
MUNJALAU,20200713,52.45,53.5,50.95,51.05,199101
MUNJALSHOW,20200713,105,105,99,99.85,33323
MURUDCERA,20200713,17.3,17.9,16.8,17,28290
MUTHOOTCAP,20200713,395.9,398,385.25,387,20759
MUTHOOTFIN,20200713,1090.3,1121,1080.3,1110.75,2018309
N100,20200713,815.65,839.4,792,803.98,29388
NACLIND,20200713,39.05,39.85,38.5,39.2,46602
NAGAFERT,20200713,5.75,5.75,5.35,5.35,134506
NAGREEKCAP,20200713,5.5,5.5,5.5,5.5,1369
NAGREEKEXP,20200713,12.7,13.5,12.7,13.1,3047
NAHARCAP,20200713,66.25,69.45,66.25,66.95,9344
NAHARINDUS,20200713,26,29.8,25.15,28,13477
NAHARPOLY,20200713,57.05,60.3,57,60.2,78867
NAHARSPING,20200713,35.5,35.5,33.25,33.75,16035
NAM-INDIA,20200713,298,298.4,284.2,286.55,806644
NATCOPHARM,20200713,681.9,685,673.1,679.05,241228
NATHBIOGEN,20200713,328,332.75,322.1,330.6,6867
NATIONALUM,20200713,36.95,37.15,35.3,35.7,16016795
NATNLSTEEL,20200713,3.45,3.45,3.45,3.45,2875
NAUKRI,20200713,2910,2925,2822.75,2834.2,160296
NAVINFLUOR,20200713,1728,1734.5,1665.1,1669.95,103481
NAVKARCORP,20200713,29.7,32.25,29.5,30.1,4005189
NAVNETEDUL,20200713,76.3,77.45,75.5,76.05,52977
NBCC,20200713,26.1,26.35,25.05,25.15,9441069
NBIFIN,20200713,1550,1550,1550,1550,4
NBVENTURES,20200713,51.45,51.45,49,50.2,317905
NCC,20200713,33.6,34.1,32.75,32.9,17865363
NCLIND,20200713,78.5,79.9,77.05,77.85,185619
NDGL,20200713,592.95,592.95,551,571,90
NDL,20200713,21.9,22.05,21.05,21.3,40917
NDTV,20200713,36.6,37,36.05,36.2,14133
NECCLTD,20200713,16.1,16.1,15.9,16,672202
NECLIFE,20200713,22.9,23.15,21.85,22,474369
NELCAST,20200713,51,51.25,48.8,49.05,158684
NELCO,20200713,209.25,218,209.25,210.65,162364
NEOGEN,20200713,568.95,580,545,549.85,38909
NESCO,20200713,435,440,430.4,437.2,50467
NESTLEIND,20200713,16885,17098,16875.05,16956.85,114029
NETFCONSUM,20200713,52.99,53.2,52.31,52.99,774
NETFDIVOPP,20200713,27.66,27.66,27.03,27.18,77
NETFIT,20200713,16,16.33,15.76,15.91,20495
NETFLTGILT,20200713,22,22.07,21.95,22.04,39575
NETFMID150,20200713,58.95,59,57.51,58.19,108957
NETFNIF100,20200713,115,118.88,110.31,112.12,1333
NETFNV20,20200713,45,55.95,45,55.6,54399
NETWORK18,20200713,42.1,42.75,41.45,42,2088385
NEULANDLAB,20200713,598,687,597.95,666.8,616837
NEWGEN,20200713,169.5,177.7,167.35,169.2,53544
NEXTMEDIA,20200713,5.6,5.6,5.35,5.45,1382
NFL,20200713,36.55,36.9,35.6,35.7,1150605
NH,20200713,290,292.15,280.6,282.45,85397
NHPC,20200713,20.35,20.5,20.2,20.3,2672625
NIACL,20200713,115.55,116.2,113.15,113.7,166765
NIBL,20200713,7.5,7.5,7.5,7.5,200
NIFTYBEES,20200713,117,117,114.26,114.86,2318031
NIFTYEES,20200713,13620,13650,13620,13650,5
NIITLTD,20200713,94.2,95.35,94,94.45,217883
NIITTECH,20200713,1594.45,1632,1578.5,1587,638391
NILAINFRA,20200713,4.2,4.25,3.95,4,282580
NILASPACES,20200713,1.3,1.3,1.2,1.2,605198
NILKAMAL,20200713,1214,1220.2,1182.35,1201.2,10985
NIPPOBATRY,20200713,535.1,550,535.1,544.35,1107
NITCO,20200713,19.4,19.4,18,18.15,125710
NITINSPIN,20200713,41.85,41.85,39.6,39.8,39729
NLCINDIA,20200713,46.2,46.4,45,45.1,1727333
NMDC,20200713,84.2,86.35,84,85.65,6173352
NOCIL,20200713,102.8,103.35,99.3,100.3,1516637
NOIDATOLL,20200713,3.7,3.8,3.6,3.7,102158
NORBTEAEXP,20200713,3.05,3.2,2.9,3.2,1050
NPBET,20200713,124.69,124.69,120.01,120.61,616
NRAIL,20200713,229.9,229.9,224,225.5,25280
NRBBEARING,20200713,83,84,80.15,80.45,111088
NSIL,20200713,659.95,664.05,641,650,407
NTL,20200713,0.85,0.9,0.8,0.8,22200
NTPC,20200713,91.05,92.85,89.5,89.9,17512895
NUCLEUS,20200713,282.4,285.3,270.05,275.25,41782
NXTDIGITAL,20200713,404.9,404.9,389.65,393.25,1334
OAL,20200713,254.95,258.95,245.6,247.8,50639
OBEROIRLTY,20200713,369.4,375.5,360.1,367.1,776800
OCCL,20200713,797.9,797.9,770,773.3,3514
OFSS,20200713,2765,2845,2732.35,2818.15,40064
OIL,20200713,99.8,100.6,97.1,97.6,829739
OILCOUNTUB,20200713,4.9,5,4.65,4.7,14601
OISL,20200713,3.2,3.35,3.2,3.35,9710
OLECTRA,20200713,66.75,66.75,64,64.65,60636
OMAXAUTO,20200713,33.95,34.9,30.9,32.85,33110
OMAXE,20200713,75.85,75.85,75.85,75.85,95842
OMKARCHEM,20200713,5,5.3,4.8,4.95,26634
OMMETALS,20200713,16.2,16.8,15.6,15.6,94534
ONELIFECAP,20200713,6,6.1,5.7,5.85,1772
ONEPOINT,20200713,12.5,12.5,11.75,12.25,10812
ONGC,20200713,79.2,79.55,78.4,78.9,9361006
ONMOBILE,20200713,29.2,29.2,28.25,28.35,39863
ONWARDTEC,20200713,59,61.4,57.35,59.4,16112
OPTIEMUS,20200713,22.85,23.4,21.85,22.9,24644
OPTOCIRCUI,20200713,13.25,13.25,13.25,13.25,617749
ORBTEXP,20200713,65.75,68.65,61.65,65.8,9449
ORICONENT,20200713,19,19.05,17.65,17.8,287921
ORIENTABRA,20200713,18.7,19.3,18.25,18.4,26868
ORIENTALTL,20200713,16.1,16.1,16.1,16.1,4538
ORIENTBELL,20200713,81.95,81.95,78.05,78.5,25206
ORIENTCEM,20200713,66,67.65,64.8,65.45,183893
ORIENTELEC,20200713,179.4,181.2,173.75,174.55,290374
ORIENTHOT,20200713,20.95,20.95,20,20.5,21855
ORIENTLTD,20200713,69.1,72.9,69.1,71.4,67
ORIENTPPR,20200713,19.8,19.9,19.3,19.55,287481
ORIENTREF,20200713,168.45,171,165.55,166.7,19071
ORISSAMINE,20200713,1700,1720,1650,1659.1,4758
ORTINLABSS,20200713,15.9,15.9,14.4,14.9,9664
OSWALAGRO,20200713,10.85,10.85,10.85,10.85,77633
PAGEIND,20200713,19996.5,20124.95,19675.05,19910.35,15098
PAISALO,20200713,256.95,268,232.2,244.35,42654
PALASHSECU,20200713,26.25,26.25,24.9,24.9,4
PALREDTEC,20200713,24.65,26.2,24,24.1,4990
PANACEABIO,20200713,192.05,194.6,191.05,191.55,91812
PANACHE,20200713,54.4,54.4,54.4,54.4,20808
PANAMAPET,20200713,45.1,47.95,41.25,43.4,40537
PAPERPROD,20200713,203.75,213.8,203.75,208.1,110930
PARACABLES,20200713,7.35,7.8,7.2,7.65,153349
PARAGMILK,20200713,91.85,92.9,89.5,89.6,382683
PARSVNATH,20200713,3.55,3.55,3.25,3.3,80338
PATELENG,20200713,15.35,15.7,14.9,15.05,267935
PATINTLOG,20200713,22.1,23.35,21.8,22.3,17511
PATSPINLTD,20200713,6.2,6.2,6.2,6.2,500
PCJEWELLER,20200713,15.8,15.8,15.1,15.25,1331325
PDMJEPAPER,20200713,15.05,15.2,14.6,14.7,71666
PDSMFL,20200713,295.1,300.25,286.5,291.55,2031
PEARLPOLY,20200713,16.85,17.9,16.2,17.8,27101
PEL,20200713,1464,1481.9,1420,1431.35,1420063
PENIND,20200713,17.4,17.8,16.5,16.6,352032
PENINLAND,20200713,4.15,4.2,3.85,3.85,391872
PERSISTENT,20200713,730,734,700,724.8,95797
PETRONET,20200713,263,268.3,262.6,265.35,2364528
PFC,20200713,84.15,84.55,82.35,83.4,4630049
PFIZER,20200713,4099.95,4149,4080.1,4126.6,63782
PFOCUS,20200713,25.45,25.9,25,25.5,23027
PFS,20200713,13.45,14.85,13.45,14.8,4009110
PGEL,20200713,42.55,44.4,42.5,43.05,37367
PGHH,20200713,10412,10646,10250.2,10339.7,5555
PGHL,20200713,4176,4180.95,4081,4110.15,13738
PGIL,20200713,104.1,104.55,101,103.15,19094
PHILIPCARB,20200713,108.5,108.8,104.45,106.3,1211526
PHOENIXLTD,20200713,606.95,606.95,588.5,593,246579
PIDILITIND,20200713,1390,1405,1383,1395.35,542091
PIIND,20200713,1780.6,1784.95,1672.75,1695.65,295980
PILANIINVS,20200713,1393,1400,1353.05,1390.25,532
PILITA,20200713,5.7,5.85,5.6,5.8,37210
PIONDIST,20200713,123.5,124.75,119.3,121.55,8231
PIONEEREMB,20200713,25,28,24.5,25.2,421235
PITTIENG,20200713,30.1,30.4,28.8,29.15,8420
PKTEA,20200713,104,110,104,110,1328
PLASTIBLEN,20200713,170.85,174,165.05,168,23017
PNB,20200713,35.4,35.45,34.3,34.55,28823774
PNBGILTS,20200713,36.55,36.85,35,35.3,347379
PNBHOUSING,20200713,214.8,215,208,209.55,278211
PNC,20200713,15.95,15.95,14.45,15.05,2831
PNCINFRA,20200713,149.6,149.6,144.55,145.1,87489
PODDARHOUS,20200713,183.1,196.05,171.95,174.7,12385
PODDARMENT,20200713,161.5,192.45,159.1,179.8,185042
POKARNA,20200713,133.85,147.7,133.85,135.35,47717
POLYCAB,20200713,840.2,845,816.55,819.5,244361
POLYMED,20200713,352,384,350,368.7,1225435
POLYPLEX,20200713,581.5,610,575.1,583.9,221795
PONNIERODE,20200713,151.95,151.95,142.8,147.75,18271
POWERGRID,20200713,172.6,174.2,168.2,169.1,6077163
POWERINDIA,20200713,854,855,847.25,850.05,49531
POWERMECH,20200713,475.9,480.7,457.6,460.65,26646
PPAP,20200713,170.7,173.2,167.55,170.25,32410
PPL,20200713,61.9,63.9,61.05,63.9,173651
PRABHAT,20200713,70.9,72.8,69.65,71.2,51911
PRADIP,20200713,0.75,0.75,0.7,0.7,250
PRAENG,20200713,5.85,6,5.75,5.8,14492
PRAJIND,20200713,67.9,68.4,65.8,66.25,1483767
PRAKASH,20200713,36.3,36.6,35.15,35.3,431751
PRAKASHSTL,20200713,1.55,1.55,1.55,1.55,63443
PRAXIS,20200713,32.25,33.85,30.65,32.6,2840
PRECAM,20200713,35.5,36.35,33.6,34,714740
PRECOT,20200713,25,25,23.75,23.8,155
PRECWIRE,20200713,102.55,104.5,100.4,100.75,24262
PREMEXPLN,20200713,146.25,146.25,132.35,132.35,13913
PREMIER,20200713,1.9,1.9,1.85,1.85,605
PREMIERPOL,20200713,25.55,25.55,24,24.05,3758
PRESSMN,20200713,18.8,19.85,18.75,19.55,23097
PRESTIGE,20200713,196,197,187.5,189.15,380984
PRICOLLTD,20200713,39.45,39.45,37.5,37.7,49913
PRIMESECU,20200713,49.95,49.95,48,48.05,8473
PRINCEPIPE,20200713,111,111,105.6,106.85,170567
PROSEED,20200713,0.5,0.5,0.5,0.5,21148
PROZONINTU,20200713,18.5,18.5,17.65,17.65,146229
PRSMJOHNSN,20200713,51,51.9,50.05,50.5,178503
PSB,20200713,13.85,14,13.5,13.65,256666
PSL,20200713,0.55,0.6,0.55,0.55,55085
PSPPROJECT,20200713,410.2,414.65,405.75,410,12779
PSUBNKBEES,20200713,16.9,16.9,16.1,16.17,102906
PTC,20200713,49.9,50.1,48.75,49.15,1812791
PTL,20200713,44.75,44.75,40.55,41.05,173125
PUNJABCHEM,20200713,474,487.9,472.15,479.2,2888
PURVA,20200713,43.1,44.5,42.35,43.1,77975
PVR,20200713,1051,1063.2,1041.65,1051.65,613298
QGOLDHALF,20200713,2141,2153.4,2140,2147.6,1091
QNIFTY,20200713,1118,1118,1109,1109,23
QUESS,20200713,340,346,331,333.05,212012
QUICKHEAL,20200713,114.85,117,113.4,114.05,371666
RADAAN,20200713,1.25,1.25,1.2,1.2,6200
RADICO,20200713,382.9,390,377.05,380.85,749003
RADIOCITY,20200713,17.2,17.5,16.85,16.95,610559
RAIN,20200713,91,102,88.5,100.35,7066639
RAJESHEXPO,20200713,475,481.45,471,472.1,134340
RAJRATAN,20200713,256.4,258.8,232.65,240.8,9377
RAJSREESUG,20200713,15.55,15.95,15.3,15.65,2443
RAJTV,20200713,34.05,36,34.05,34.35,2507
RALLIS,20200713,273.1,274.35,268.6,270.6,320218
RAMANEWS,20200713,15.45,15.45,15,15.05,8842
RAMASTEEL,20200713,34.05,36.25,33.1,34.6,7774
RAMCOCEM,20200713,647.25,672,640.25,667.25,886767
RAMCOIND,20200713,182.9,184.45,176.2,182,165779
RAMCOSYS,20200713,112.05,114,108.05,108.65,137425
RAMKY,20200713,37.95,38.1,35.15,36.3,134689
RANASUG,20200713,3.95,4.1,3.95,4,132149
RANEENGINE,20200713,214.05,214.05,202.75,204.15,899
RANEHOLDIN,20200713,449.3,458.95,449.3,451.1,6454
RATNAMANI,20200713,1045,1048.75,1010.1,1021.3,8139
RAYMOND,20200713,268,268.7,257,260,574316
RBL,20200713,566.7,566.7,551,554.5,7959
RBLBANK,20200713,185.9,185.9,177.1,177.9,23245904
RCF,20200713,50.9,51.7,50.15,50.4,3718869
RCOM,20200713,2,2,2,2,1577419
RECLTD,20200713,105.25,105.6,103,104.5,4253805
REDINGTON,20200713,92,98.9,91.5,96.15,3336133
REFEX,20200713,50.8,50.8,47.7,47.95,220156
RELAXO,20200713,638.6,641,622,625.85,322624
RELCAPITAL,20200713,12.35,12.4,11.55,11.55,2189457
RELIANCE,20200713,1903.35,1947.7,1900,1935,32124397
RELIGARE,20200713,38.5,39.55,37.65,38,105965
RELINFRA,20200713,38.1,38.1,35.25,35.25,4379123
REMSONSIND,20200713,67.1,68.95,65.55,67.05,761
RENUKA,20200713,8.65,9.1,8.65,8.7,2779264
REPCOHOME,20200713,129.95,131.8,126.5,127.8,211321
REPRO,20200713,399.85,399.85,385,390,2846
RESPONIND,20200713,93.1,94,90.05,90.9,116307
REVATHI,20200713,428,428,385,397,2456
RGL,20200713,221.95,224.95,218.2,223.5,690
RHFL,20200713,2.7,2.7,2.5,2.5,2509381
RICOAUTO,20200713,31.4,31.5,30.15,30.25,367653
RIIL,20200713,432.5,479.95,425.7,457.5,3597207
RITES,20200713,258.9,258.9,247.15,248.35,595089
RKDL,20200713,8.05,8.05,7.6,7.65,28972
RKFORGE,20200713,165,166.05,160.5,162.05,73948
RMCL,20200713,3.95,3.95,3.65,3.65,74055
RML,20200713,228,230.6,217.6,220.85,16504
RNAVAL,20200713,3.05,3.05,2.85,3,7216306
ROHITFERRO,20200713,1.25,1.25,1.25,1.25,5482
ROHLTD,20200713,60.95,61.4,57.7,58.75,70842
ROLLT,20200713,2.2,2.2,2,2.1,24338
ROLTA,20200713,6,6.15,5.85,5.85,180129
ROSSELLIND,20200713,78.4,78.4,74,74.8,11341
RPGLIFE,20200713,273.85,284.8,272.75,279.4,118694
RPOWER,20200713,3.9,4.05,3.75,3.75,33251600
RPPINFRA,20200713,61,64.4,61,62.25,4095
RSSOFTWARE,20200713,17.1,17.2,16.5,16.7,10158
RSWM,20200713,76,76.7,73.55,73.9,11052
RSYSTEMS,20200713,102.55,105,99,100.1,26842
RTNINFRA,20200713,3.2,3.2,3.2,3.2,25830
RTNPOWER,20200713,2.4,2.4,2.4,2.4,461268
RUBYMILLS,20200713,156.25,164.85,156.25,160,716
RUCHI,20200713,1056,1056,1056,1056,22922
RUCHINFRA,20200713,20.05,20.05,19.1,20.05,1241431
RUCHIRA,20200713,53.3,53.3,50.3,50.85,78696
RUPA,20200713,167,168,165.05,165.25,26010
RUSHIL,20200713,115,115,107.75,108.4,4202
RVNL,20200713,20.1,20.2,19.65,19.75,3566139
S&SPOWER,20200713,15.75,15.75,14.9,15.7,4888
SABEVENTS,20200713,1.05,1.1,1.05,1.1,14325
SABTN,20200713,1.85,1.85,1.85,1.85,675
SADBHAV,20200713,51.15,51.15,50.3,51.15,1191752
SADBHIN,20200713,17.1,17.25,17.1,17.25,241139
SAFARI,20200713,379.6,379.6,366.95,368.5,9409
SAGARDEEP,20200713,131,131,128.5,129.6,49879
SAGCEM,20200713,370.05,404.55,369.1,394.35,31210
SAIL,20200713,38.7,38.7,35.5,35.75,92261841
SAKAR,20200713,61,62.05,58.15,58.75,7903
SAKHTISUG,20200713,9.65,9.65,9.3,9.35,9410
SAKSOFT,20200713,197,197,187.35,191.2,6642
SAKUMA,20200713,6.35,6.8,6.35,6.4,190673
SALASAR,20200713,178.25,183.5,177.75,179.6,27149
SALONA,20200713,58.5,58.5,55.05,55.05,66
SALSTEEL,20200713,3.1,3.15,3.1,3.1,35284
SALZERELEC,20200713,90.45,91.9,87.1,87.75,29023
SAMBHAAV,20200713,2.45,2.65,2.45,2.45,10818
SANCO,20200713,10,10.2,9.75,10,17109
SANDESH,20200713,504,504,486.25,498.15,159
SANDHAR,20200713,225,225,211.05,211.95,13674
SANGAMIND,20200713,45.85,46.95,45.15,46.05,6175
SANGHIIND,20200713,24.85,24.9,23.55,23.85,483087
SANGHVIFOR,20200713,16.4,17.4,16.2,16.2,4472
SANGHVIMOV,20200713,66,67.4,61.2,63,16585
SANGINITA,20200713,85.95,91.8,77.05,91.45,42560
SANOFI,20200713,7640,7674.95,7595,7613.55,20058
SANWARIA,20200713,3,3,3,3,559982
SARDAEN,20200713,173.2,176.3,167.1,168.05,44467
SAREGAMA,20200713,424,434.9,424,426.9,4578
SARLAPOLY,20200713,18.65,18.65,17.1,17.35,38265
SASKEN,20200713,467.7,474.05,464,466.05,6834
SASTASUNDR,20200713,82.1,82.1,75.45,77.55,1631
SATHAISPAT,20200713,2.15,2.35,2.15,2.3,5746
SATIA,20200713,81,85.6,76.25,80.3,112631
SATIN,20200713,91.4,92.9,86.6,89.15,105384
SBICARD,20200713,706,708.45,693.1,698.2,1082265
SBIETFQLTY,20200713,95.5,96.9,95.1,96.84,3359
SBILIFE,20200713,867.85,867.85,848.15,862.95,668675
SBIN,20200713,198.8,199.8,191.6,192.7,61952344
SCAPDVR,20200713,1.6,1.6,1.6,1.6,91426
SCHAEFFLER,20200713,3654.5,3654.5,3562.45,3598.55,8056
SCHAND,20200713,58.6,58.6,53.15,54.35,55796
SCHNEIDER,20200713,82.25,83.95,81.25,82.15,145680
SCI,20200713,59.6,62.6,57.85,61.6,5714510
SDBL,20200713,66.1,66.4,62.75,62.75,59765
SEAMECLTD,20200713,402.15,409,385.55,396.45,41715
SELAN,20200713,122,124.15,110.6,114.55,54210
SEPOWER,20200713,2.9,3,2.85,2.95,15620
SEQUENT,20200713,93.65,109,92.3,104.85,6117573
SESHAPAPER,20200713,151.9,154.45,151.1,152.6,23484
SETCO,20200713,10,10.2,9.7,9.95,62596
SETF10GILT,20200713,198.7,198.7,197.05,198.7,52
SETFGOLD,20200713,4429.95,4683.6,4401.5,4423.6,15378
SETFNIF50,20200713,114,114,111.32,111.53,110406
SETFNIFBK,20200713,227.94,227.94,219.9,220.88,112204
SETFNN50,20200713,273,273,267.1,269.88,3600
SETUINFRA,20200713,1.15,1.2,1.1,1.1,246440
SEYAIND,20200713,87.05,88.5,82.95,83.05,74802
SFL,20200713,1449,1462.95,1432.85,1450.2,5003
SGL,20200713,8.6,8.6,8.3,8.45,10673
SHAHALLOYS,20200713,8.05,8.4,8.05,8.4,2013
SHAKTIPUMP,20200713,184.8,189,180,181.5,14541
SHALBY,20200713,73.2,75.5,72.05,73.95,143010
SHALPAINTS,20200713,61.35,61.35,58.55,59.35,73776
SHANKARA,20200713,353.25,364,350.5,353.7,33914
SHANTIGEAR,20200713,92,92.45,86.4,88.95,132435
SHARDACROP,20200713,275.1,280,262,263.75,51500
SHARDAMOTR,20200713,770.45,798.8,765.45,772.45,2922
SHARIABEES,20200713,255.8,264.5,250,261.16,1983
SHEMAROO,20200713,65.95,65.95,60.9,61.6,114587
SHIL,20200713,76.9,78.8,76.4,77,97645
SHILPAMED,20200713,507.5,513.3,487.2,495.8,85141
SHIRPUR-G,20200713,8.3,8.3,7.7,7.75,43753
SHIVAMAUTO,20200713,15.05,15.4,14.8,15.1,51677
SHIVAMILLS,20200713,24.55,25,24.05,24.3,2660
SHIVATEX,20200713,93.25,93.25,85.4,85.4,4170
SHK,20200713,68.65,69.35,66.6,67.7,1188440
SHOPERSTOP,20200713,168,168,159.6,160.65,167356
SHREDIGCEM,20200713,53.6,54.45,51,51.7,744197
SHREECEM,20200713,22460,22627.85,22250,22311.2,52262
SHREEPUSHK,20200713,95.8,98.1,95.8,96.85,18203
SHREERAMA,20200713,4.95,4.95,4.6,4.85,22485
SHRENIK,20200713,46.9,46.95,45.4,46.6,39162
SHREYANIND,20200713,79.95,79.95,77,77.45,14816
SHREYAS,20200713,62.85,64.1,60.85,61.3,11442
SHRIPISTON,20200713,609.05,609.05,575,598,1016
SHRIRAMCIT,20200713,709.9,717.95,695,699.35,55116
SHRIRAMEPC,20200713,4.6,4.6,4.6,4.6,279187
SHYAMCENT,20200713,3.65,3.65,3.45,3.45,14856
SICAGEN,20200713,13.1,13.7,12.7,13.7,3733
SICAL,20200713,10.4,10.4,9.65,9.7,373356
SIEMENS,20200713,1143.4,1149.75,1121.7,1143.65,606460
SIGIND,20200713,22.25,22.95,22.25,22.35,2551
SIL,20200713,9.35,9.8,9.2,9.3,11917
SILINV,20200713,135.6,144.3,135.6,136.95,1176
SILLYMONKS,20200713,31.05,31.05,31.05,31.05,100
SIMBHALS,20200713,7.05,7.35,6.8,7.2,8049
SIMPLEXINF,20200713,35.2,35.9,34.6,35.9,155028
SINTEX,20200713,2.6,2.6,2.55,2.55,1894804
SIRCA,20200713,220,220,211.05,213.35,16301
SIS,20200713,379.9,380.7,373,374.6,23779
SITINET,20200713,1.85,1.9,1.8,1.8,181045
SIYSIL,20200713,135,135,130.25,132.4,40706
SJVN,20200713,22.5,22.5,22.15,22.25,901411
SKFINDIA,20200713,1800,1805,1749.6,1755,169172
SKIL,20200713,4.6,4.7,4.45,4.5,19854
SKIPPER,20200713,39.4,39.4,36.5,36.9,115781
SKMEGGPROD,20200713,37,37,35,35.4,15340
SMARTLINK,20200713,69.5,70.75,68.25,68.6,7328
SMLISUZU,20200713,420.95,423,411,412.15,51075
SMSLIFE,20200713,324,376,319.55,361.25,246019
SMSPHARMA,20200713,74.8,76.7,70.1,72.4,1315539
SNOWMAN,20200713,31.8,33,31.05,31.15,582885
SOBHA,20200713,238.4,240,230.5,232.2,216741
SOLARA,20200713,660,707.7,660,697.75,339601
SOLARINDS,20200713,1005,1014.85,992.1,996.65,47461
SOMANYCERA,20200713,118.95,120,117,119.2,52952
SOMATEX,20200713,2.8,2.8,2.7,2.7,1142
SOMICONVEY,20200713,20,20,17.75,17.95,46199
SONATSOFTW,20200713,234.45,239,233.6,235.05,197713
SORILINFRA,20200713,59.55,61.2,56.55,56.65,76787
SOTL,20200713,697,697,660,666.1,2183
SOUTHBANK,20200713,8.1,8.1,7.75,7.8,14560595
SOUTHWEST,20200713,21.1,21.95,20.75,21.25,5004
SPAL,20200713,78.6,81.1,76.25,78.2,16417
SPANDANA,20200713,701.85,701.85,701.85,701.85,12975
SPARC,20200713,170,172.1,166.45,167.3,1040599
SPCENET,20200713,1.15,1.15,1.15,1.15,1100
SPECIALITY,20200713,34,34.5,31.5,31.75,83868
SPENCERS,20200713,94.9,97.3,91.65,92.35,1324232
SPENTEX,20200713,0.75,0.75,0.75,0.75,49779
SPIC,20200713,22.1,22.25,21.15,21.3,173167
SPICEJET,20200713,50.45,50.5,49.6,49.7,1226902
SPLIL,20200713,30,30.8,29.1,29.3,17276
SPMLINFRA,20200713,9.1,9.15,8.75,8.8,14191
SPTL,20200713,3.05,3.05,2.85,2.85,3298890
SPYL,20200713,0.3,0.35,0.25,0.3,484095
SREEL,20200713,133.8,140.5,128.05,132.55,38193
SREINFRA,20200713,7.3,7.65,7.2,7.2,2149205
SRF,20200713,3916.6,3940.95,3816.05,3840.65,195859
SRHHYPOLTD,20200713,152.75,154.8,150,154.8,32376
SRIPIPES,20200713,208.3,221.9,207.5,218.85,234508
SRTRANSFIN,20200713,706,712.85,682,689.15,3960319
SSWL,20200713,433.2,456,433.2,442.05,66941
STAMPEDE,20200713,0.55,0.55,0.55,0.55,100740
STAR,20200713,423.7,424.25,414.15,418.15,417252
STARCEMENT,20200713,91.8,92.55,88.5,89.85,187791
STARPAPER,20200713,104.55,106,102.3,103.1,106071
STCINDIA,20200713,51.45,51.45,48.2,48.8,14748
STEELCITY,20200713,31.15,31.25,29.55,29.55,2882
STEELXIND,20200713,28.4,29.25,28,28.55,142794
STEL,20200713,65,65,61.1,61.45,13214
STERTOOLS,20200713,182.95,186.95,181.05,183,23572
STRTECH,20200713,138.15,139.75,136.75,137.65,1230758
SUBCAPCITY,20200713,7.9,7.9,7.9,7.9,1
SUBEX,20200713,7.85,7.9,7.55,7.8,408952
SUBROS,20200713,170.4,171.4,168.1,168.9,57382
SUDARSCHEM,20200713,415.4,417.25,396,405.15,226452
SUJANAUNI,20200713,0.25,0.3,0.25,0.25,457081
SUMEETINDS,20200713,2.1,2.3,2.1,2.1,133263
SUMICHEM,20200713,274,278,273.1,274.55,275649
SUMIT,20200713,11,11.95,10.9,11,12708
SUMMITSEC,20200713,335.75,349,335.1,340.4,1858
SUNCLAYLTD,20200713,1645.2,1668.35,1605,1624.75,1864
SUNDARAM,20200713,1.35,1.45,1.35,1.35,117323
SUNDARMFIN,20200713,1265,1283.75,1239.9,1244.6,17005
SUNDARMHLD,20200713,49.9,50.8,49.15,49.8,236665
SUNDRMBRAK,20200713,233.95,234,227.1,230.3,1164
SUNDRMFAST,20200713,385.5,396.7,381.7,386,77062
SUNFLAG,20200713,42.1,42.5,40.9,41.5,1374352
SUNPHARMA,20200713,495,501.7,492.3,499.7,7504401
SUNTECK,20200713,199,201,189.85,192.4,727559
SUNTV,20200713,390.8,396.85,387.7,390.25,3610859
SUPERHOUSE,20200713,86,86,83.65,84,13989
SUPERSPIN,20200713,4.4,4.4,4,4.25,17968
SUPPETRO,20200713,193.1,193.95,185.05,190.1,50896
SUPRAJIT,20200713,157.95,165.6,155,157.2,2454038
SUPREMEIND,20200713,1105.95,1135.3,1103.65,1113.2,31543
SURANASOL,20200713,7.7,7.7,7.2,7.45,18806
SURANAT&P,20200713,4.3,4.8,4.2,4.25,51707
SURYALAXMI,20200713,18.5,18.5,17.7,17.9,7192
SURYAROSNI,20200713,117.15,119.3,115.35,117.2,50131
SUTLEJTEX,20200713,21.65,22.05,21.3,21.4,28111
SUVEN,20200713,38.35,39.9,38.25,38.75,752850
SUVENPHAR,20200713,512.3,560.5,512,539.95,570746
SUZLON,20200713,5.25,5.25,4.9,4.9,21805138
SWANENERGY,20200713,141.6,150,141.6,147,326885
SWARAJENG,20200713,1442,1450,1409.95,1426.25,5534
SWELECTES,20200713,119.7,125,114.85,122.1,29145
SWSOLAR,20200713,220.95,237.4,220.95,225.35,937798
SYMPHONY,20200713,895,895,876.1,879,16727
SYNCOM,20200713,2.65,2.65,2.65,2.65,51361
SYNGENE,20200713,450,453,428.15,435.7,797772
TAINWALCHM,20200713,52.6,55.95,51.2,55.85,31008
TAJGVK,20200713,148,149.5,145,145.25,48723
TAKE,20200713,44.9,44.9,42.25,42.55,264057
TALBROAUTO,20200713,106,107.7,102.5,103.15,16558
TANLA,20200713,77.4,79,76.9,77.45,188946
TARMAT,20200713,26.2,28.35,25.1,28.35,13145
TASTYBITE,20200713,12605,12947.65,12200,12333.9,1916
TATACHEM,20200713,301.7,303.5,297.6,298.35,1804452
TATACOFFEE,20200713,83.15,84.45,79.6,80.3,1629873
TATACOMM,20200713,640,666,640,666,204307
TATACONSUM,20200713,430.1,433.55,422,424.45,2552387
TATAELXSI,20200713,923.7,924,900,902.8,367328
TATAINVEST,20200713,764.5,768.3,749,751.8,17423
TATAMETALI,20200713,518,522.05,491,504.4,36466
TATAMOTORS,20200713,108.85,112.1,106.85,108,81900473
TATAMTRDVR,20200713,42.6,43.7,42.1,42.45,4855842
TATAPOWER,20200713,50.9,51.1,49.15,49.65,23184293
TATASTEEL,20200713,343.3,347,338.5,342.1,12115002
TATASTLBSL,20200713,21.55,21.65,21.1,21.3,1895671
TATASTLLP,20200713,263.5,272,260.65,263.2,52398
TBZ,20200713,31,31,29.7,30.1,156833
TCI,20200713,178.25,178.45,167.25,168.4,37363
TCIDEVELOP,20200713,283,284,275,280.25,786
TCIEXP,20200713,670,670,640.7,643.2,13761
TCIFINANCE,20200713,7,7,6.7,6.7,1053
TCNSBRANDS,20200713,359.85,365,344.65,347.45,12548
TCPLPACK,20200713,296.85,296.85,285.7,292.2,10363
TCS,20200713,2220,2244.95,2210,2220,2963525
TDPOWERSYS,20200713,117,117,110.25,111.55,28117
TEAMLEASE,20200713,1829.8,1829.8,1798.15,1800.5,7220
TECHIN,20200713,3.6,3.6,3.6,3.6,2869
TECHM,20200713,571.95,601.8,570.5,600.05,11008262
TECHNOE,20200713,184.8,184.8,177.5,178.95,8777
TECHNOFAB,20200713,9.8,10.05,9.5,9.5,16518
TEJASNET,20200713,57.05,57.05,57.05,57.05,61702
TERASOFT,20200713,28.45,29.9,28,28.25,41860
TEXINFRA,20200713,39.5,39.8,37.6,38.2,21563
TEXMOPIPES,20200713,14.6,15.3,13.95,14,88621
TEXRAIL,20200713,27.8,28.3,26.1,26.3,395606
TFCILTD,20200713,38.75,39.1,36.7,36.9,228212
TFL,20200713,3.2,3.25,3.2,3.2,750
TGBHOTELS,20200713,3.55,3.8,3.55,3.55,26351
THANGAMAYL,20200713,269.8,269.8,259.65,260.95,10226
THEINVEST,20200713,101.8,106.55,101.8,104.5,30651
THEMISMED,20200713,380,411.7,380,405.4,10294
THERMAX,20200713,785,790.45,766.75,783.95,48774
THOMASCOOK,20200713,32.5,32.5,29.95,29.95,435241
THOMASCOTT,20200713,6.45,6.45,6.45,6.45,366
THYROCARE,20200713,543.65,601.2,535.5,586.3,621475
TI,20200713,18.5,18.9,17.8,17.85,30601
TIDEWATER,20200713,4280,4350,4220,4226.5,1960
TIIL,20200713,254.85,263,248.95,253.4,5504
TIINDIA,20200713,450,450.15,443,444.2,51395
TIJARIA,20200713,6.75,6.75,6.4,6.6,16802
TIL,20200713,146.65,146.75,139.5,140.5,17336
TIMESGTY,20200713,23.15,23.15,22.55,22.55,1128
TIMETECHNO,20200713,38.95,39.65,37.15,37.65,188649
TIMKEN,20200713,998,1036,990,1028.8,117574
TINPLATE,20200713,136.6,137.9,132.05,132.8,476386
TIPSINDLTD,20200713,140.5,142.45,136.45,138.5,5597
TIRUMALCHM,20200713,62,62.8,59.4,60.45,438365
TITAN,20200713,973.95,973.95,959,966.35,2760626
TMRVL,20200713,12.4,12.4,12.4,12.4,79098
TNPETRO,20200713,39.5,39.5,37.35,37.9,238795
TNPL,20200713,119,119.4,115.45,115.8,1247538
TNTELE,20200713,1.85,1.85,1.85,1.85,34
TOKYOPLAST,20200713,64,64,61.5,61.8,5046
TORNTPHARM,20200713,2370,2384,2340.5,2359.6,178875
TORNTPOWER,20200713,328.7,331.25,323.9,329.5,568418
TOUCHWOOD,20200713,41.05,42.95,41.05,42.95,3919
TPLPLASTEH,20200713,112.7,117.35,111.6,112.6,3699
TREEHOUSE,20200713,4.5,4.75,4.5,4.65,48788
TREJHARA,20200713,10.85,10.85,10.55,10.55,11276
TRENT,20200713,625.05,627.45,608.55,613.45,693431
TRF,20200713,78.85,79.1,76.7,77.6,8874
TRIDENT,20200713,6.55,6.65,6.55,6.6,5413017
TRIGYN,20200713,35,35,32.9,33.05,34523
TRIL,20200713,11.75,11.95,11,11.05,308165
TRITURBINE,20200713,70.5,71.35,67.1,67.3,253504
TRIVENI,20200713,55.4,56.2,54,54.5,236569
TTKHLTCARE,20200713,446.95,447,431.1,433.9,1613
TTKPRESTIG,20200713,5424.8,5428.8,5335.2,5405.95,7054
TTL,20200713,30,30.7,29.25,29.7,5750
TTML,20200713,3.75,3.8,3.65,3.65,956883
TV18BRDCST,20200713,35.45,35.85,34.6,35.1,6339031
TVSELECT,20200713,99.5,101,97,98.3,9918
TVSMOTOR,20200713,387.6,391.75,384.05,389.55,1218951
TVSSRICHAK,20200713,1450,1481.05,1430,1434.75,11274
TVTODAY,20200713,204,211.9,204,207.1,92671
TVVISION,20200713,1.8,1.9,1.8,1.9,29944
TWL,20200713,42,42.4,40.05,40.55,145879
UBL,20200713,1033.2,1045,1002.8,1007.95,731056
UCALFUEL,20200713,113,114.05,109.75,110.2,16218
UCOBANK,20200713,13.9,14.05,13.7,13.75,1462601
UFLEX,20200713,261.9,266.8,258.1,262.45,375094
UFO,20200713,75.25,76.7,73.6,74.05,96773
UGARSUGAR,20200713,14.1,14.35,13.85,13.9,111163
UJAAS,20200713,7.4,7.4,6.7,6.7,2850764
UJJIVAN,20200713,259.1,262,252.1,256.2,2824076
UJJIVANSFB,20200713,39.2,39.45,36.15,36.8,2885882
ULTRACEMCO,20200713,3820,3837.8,3778,3787.9,302967
UMANGDAIRY,20200713,47,47,43.25,43.35,10314
UMESLTD,20200713,1.45,1.5,1.45,1.5,2000
UNICHEMLAB,20200713,188,190.65,183.8,188.45,189470
UNIENTER,20200713,62.85,63.25,59,59.05,3122
UNIONBANK,20200713,32.1,32.45,31.35,31.55,2943967
UNIPLY,20200713,6.25,6.35,6,6.15,308656
UNITEDTEA,20200713,257.95,264.8,240,253.75,608
UNIVASTU,20200713,30.55,30.6,29.5,29.7,2249
UNIVCABLES,20200713,120.55,123.6,119.1,119.5,10735
UNIVPHOTO,20200713,97.45,97.9,95,96.2,1560
UPL,20200713,440,444.95,435.5,439.2,2480373
URJA,20200713,3.9,3.9,3.7,3.7,2220030
USHAMART,20200713,19.6,19.8,18.65,18.65,588215
UTINEXT50,20200713,270,270,270,270,178
UTINIFTETF,20200713,1125.65,1183.8,1125.65,1145.2,436
UTISENSETF,20200713,387,399.7,376.8,398.38,1214
UTISXN50,20200713,295.79,295.79,295.79,295.79,8
UTTAMSTL,20200713,7.2,7.2,6.65,7.1,199797
UTTAMSUGAR,20200713,76.7,76.7,72,75.4,26981
UVSL,20200713,0.7,0.7,0.65,0.7,61224602
V2RETAIL,20200713,52.7,54.7,50.8,51.55,149619
VADILALIND,20200713,520.8,520.8,510,513.05,4326
VAIBHAVGBL,20200713,1329,1330,1291,1299.35,6025
VAISHALI,20200713,52,54,49.2,50.35,18634
VAKRANGEE,20200713,31.65,32.2,31.2,31.55,1794120
VARDHACRLC,20200713,31.55,32.95,30.8,31.4,49163
VARDMNPOLY,20200713,11.4,11.4,11.4,11.4,6689
VARROC,20200713,232.8,240.35,217.55,218.1,661380
VASCONEQ,20200713,9.1,9.3,8.75,8.9,167858
VASWANI,20200713,5.25,5.25,5.25,5.25,2419
VBL,20200713,687.8,690.05,664.35,680.6,214394
VEDL,20200713,111.2,114.2,111.1,112.4,17232333
VENKEYS,20200713,1092.6,1102.9,1050,1067.2,112722
VENUSREM,20200713,59.3,60.3,56,59.35,24126
VERTOZ,20200713,108,111.6,106,108,180901
VESUVIUS,20200713,915,919,898,901.55,1311
VETO,20200713,45.8,47,43.7,43.95,17210
VGUARD,20200713,173.1,173.95,170.05,171.5,277017
VHL,20200713,1136,1217.9,1136,1163.15,1379
VICEROY,20200713,2.45,2.45,2.45,2.45,34544
VIDHIING,20200713,73.4,73.8,70.1,70.6,57546
VIJIFIN,20200713,0.7,0.7,0.7,0.7,140669
VIKASECO,20200713,3.65,3.85,3.65,3.85,1244974
VIKASMCORP,20200713,7.1,7.1,7.1,7.1,179764
VIKASPROP,20200713,3.7,3.7,3.7,3.7,192313
VIKASWSP,20200713,6.85,6.95,6.55,6.8,328276
VIMTALABS,20200713,91.55,96.2,91.2,92.85,314403
VINATIORGA,20200713,1011,1019.9,996,999.15,34791
VINDHYATEL,20200713,724,745,716,726.55,12370
VINYLINDIA,20200713,94,94,91.05,92.35,80377
VIPCLOTHNG,20200713,7.9,8.15,7.65,7.85,17614
VIPIND,20200713,257,257.95,253,254.15,402130
VIPULLTD,20200713,14.6,15.3,14.05,15.25,6412
VISAKAIND,20200713,251.75,268.1,251.75,257.05,605155
VISASTEEL,20200713,5.75,5.95,5.5,5.7,10259
VISHAL,20200713,278,286.5,265,282.25,28402
VISHNU,20200713,135.05,140.4,128,130.5,25860
VISHWARAJ,20200713,83.55,83.55,81,81.35,6552
VIVIDHA,20200713,0.35,0.35,0.3,0.35,468327
VIVIMEDLAB,20200713,13.1,13.1,13.1,13.1,107182
VLSFINANCE,20200713,57.5,57.85,53.05,55.55,82477
VMART,20200713,1895.05,1929.45,1755,1828.85,28968
VOLTAMP,20200713,1120,1123,1066.6,1078.4,13824
VOLTAS,20200713,567.8,567.8,548.5,553.6,1777304
VRLLOG,20200713,158.7,161.3,155.2,156.45,210655
VSSL,20200713,61.65,61.65,59,59.3,1955
VSTIND,20200713,3289.95,3468.4,3289.95,3399.3,28711
VSTTILLERS,20200713,1326.2,1333.25,1305.9,1311.55,5821
VTL,20200713,673,678.25,657.05,664.8,42165
WABAG,20200713,110.65,112.5,110.4,111.55,97102
WABCOINDIA,20200713,6912.2,6949.95,6912.2,6922.55,2838
WALCHANNAG,20200713,56.6,57.65,54.05,55.05,165496
WANBURY,20200713,27.35,27.35,27.35,27.35,8328
WATERBASE,20200713,102.3,102.3,97,97.7,112362
WEBELSOLAR,20200713,20.9,21,20,20.05,28431
WEIZMANIND,20200713,25.8,27.25,25.4,25.55,2390
WELCORP,20200713,87.8,89.25,85.55,85.95,849402
WELENT,20200713,65.45,66.4,63.05,63.5,144360
WELINV,20200713,212.3,220,212.3,215.05,270
WELSPUNIND,20200713,33.45,33.9,31.25,31.65,1193937
WENDT,20200713,2701.35,2730,2682,2692.15,149
WESTLIFE,20200713,318.2,323.7,303.6,307.75,190788
WHEELS,20200713,443.2,447.5,422.9,433.55,11923
WHIRLPOOL,20200713,2215,2221.95,2185,2192.45,18186
WILLAMAGOR,20200713,17.25,17.4,16.7,17,3139
WINDMACHIN,20200713,14.7,14.7,13.8,13.95,245798
WIPL,20200713,50,50,50,50,60
WIPRO,20200713,223.95,229,222.55,227.6,12347310
WOCKPHARMA,20200713,266,266,253.65,255.85,676530
WONDERLA,20200713,135.1,142,133.05,140.35,125538
WSI,20200713,1.4,1.4,1.4,1.4,400
WSTCSTPAPR,20200713,188.2,189.8,184.6,185.65,65996
XCHANGING,20200713,44.3,47.5,43.1,43.9,35676
XELPMOC,20200713,78.5,80.3,75,80.3,9804
XPROINDIA,20200713,26,26,24.85,24.95,4513
YESBANK,20200713,22.05,23.5,21,22.05,70087262
ZEEL,20200713,172.8,174.9,170.6,173.75,15282639
ZEELEARN,20200713,14.75,14.95,14.55,14.6,565488
ZEEMEDIA,20200713,6.05,6.05,5.75,5.75,1285416
ZENITHBIR,20200713,0.8,0.8,0.8,0.8,2235
ZENITHEXPO,20200713,37.95,37.95,36.7,36.7,46
ZENSARTECH,20200713,128.85,129.5,126.3,128.4,86484
ZENTEC,20200713,52,52.8,51.55,51.75,92482
ZICOM,20200713,2.6,2.6,2.6,2.6,7575
ZODIACLOTH,20200713,123.55,130,120.35,127.75,14563
ZODJRDMKJ,20200713,39,39.5,35.3,35.3,10190
ZOTA,20200713,143,148.4,141.05,142.4,14379
ZUARI,20200713,101,101,97.8,98.7,12889
ZUARIGLOB,20200713,54.3,56.9,52,52.7,43352
ZYDUSWELL,20200713,1379,1379,1323,1332.65,44184
NSENIFTY,20200713,10851.85,10894.05,10756.05,10802.7,554050579
NIFTYJUNIOR,20200713,26351.7,26376.7,26092.85,26274.85,188962527
NSE100,20200713,11001.05,11036.05,10902.45,10953.75,743013106
NIFTY200,20200713,5610.45,5626.25,5558.4,5583.1,1640626908
NSE500,20200713,8879.55,8901.3,8796.55,8834.2,2073963572
MIDCAP50,20200713,4301,4318.3,4240.05,4256.3,847463090
NSEMIDCAP,20200713,15366.55,15412.7,15180.65,15217.15,897613802
NSESMLCAP100,20200713,4909.3,4918.9,4852.95,4872.65,164167007
NIFTY50DIVPOINT,20200713,-,-,-,29.37,-
NIFTYAUTO,20200713,7094.15,7139.85,7035.9,7084.45,134063369
BANKNIFTY,20200713,22613.25,22657.4,21981.65,22089.25,293704011
NIFTYENERGY,20200713,14827.75,15025.1,14754.3,14835.1,127403649
NIFTYFINSERVICE,20200713,11185.55,11202.35,10874.45,10919.9,186625278
NIFTYFMGC,20200713,31011.9,31283.15,30977.15,31214.9,42666375
NSEIT,20200713,15643.1,15885.55,15624.8,15819.2,44758097
NIFTYMEDIA,20200713,1381.95,1386.6,1371,1376.45,35339812
NIFTYMETAL,20200713,2098.2,2118.65,2087.6,2105.15,206644242
NIFTYMNC,20200713,13549.45,13603.05,13519.05,13589.2,441226803
NIFTYPHARMA,20200713,10171.85,10185.35,10065.95,10106.6,39393407
NIFTYPSUBANK,20200713,1503.55,1511.25,1458.6,1465.25,154530299
NIFTYREALTY,20200713,207.75,208.45,202.05,202.8,18941516
NIFTYCONSUMPTION,20200713,4922.45,4946.75,4915.15,4942,111675005
NIFTYCOMMODITIES,20200713,2927.85,2943.35,2913.5,2927.25,223684179
NIFTYDIVOPPS50,20200713,2324.45,2339.3,2322.6,2331.8,369674340
NIFTYINFRA,20200713,3104.55,3123.85,3093.25,3111.95,212063027
NIFTYPSE,20200713,2503.95,2511.1,2473.85,2478.4,263506423
NIFTYSERVSECTOR,20200713,14420.6,14442.75,14179.1,14236.95,344144650
NIFTY50SHARIAH,20200713,-,-,-,2548.33,95785719
NIFTY500SHARIAH,20200713,-,-,-,3001.07,361457998
NIFTYLOWVOL50,20200713,-,-,-,10415.56,153292487
NIFTYALPHA50,20200713,14263.45,14294.55,14159.35,14217.2,132568306
NIFTYHIGHBETA50,20200713,-,-,-,1091.03,1131087764
NIFTY100EQUALWEIGHT,20200713,12167.55,12187.35,12066.7,12131.15,743013106
NIFTYLIQ15,20200713,2734.15,2741.3,2696.7,2714.3,288315602
NIFTYCPSE,20200713,1435.5,1439.8,1416.1,1419.2,73904255
NIFTY50VALUE20,20200713,5186.8,5236.35,5179.9,5221.5,197189391
NIFTYMIDCAPLIQ15,20200713,3579.75,3591.35,3528.9,3541,117967785
NIFTYSHARIAH25,20200713,-,-,-,4260.86,81915122
VIX,20200713,24.9425,25.9075,22.805,25.25,-
NIFTYGROWSECT15,20200713,5456.35,5463.45,5358.45,5371.15,140864628
NIFTY50TR1XINV,20200713,352.15,355.3,350.8,353.8,-
NIFTY50TR2XLEV,20200713,4945.6,4983.2,4859.05,4901.15,-
NIFTY50PR1XINV,20200713,403.8,407.45,402.25,405.7,-
NIFTY50PR2XLEV,20200713,3756.6,3785.2,3690.85,3722.85,-
NIFTYALPHAQUALLOWVOL30,20200713,-,-,-,9325.84,147213747
NIFTY500VALUE50,20200713,-,-,-,3022.77,498323968
NIFTYTATA25CAP,20200713,-,-,-,4284.85,129366274
NSEMIDCAP150,20200713,5839.3,5852.6,5773.55,5785.25,910659244
NIFTY50FUTTRINDEX,20200713,-,-,-,11141.65,-
NIFTY100LOWVOL30,20200713,8557.95,8610.5,8550.35,8595.4,175926717
NIFTY100ENHESG,20200713,-,-,-,2115.71,586155842
NIFTYPVTBANK,20200713,12423.15,12448.15,12089.2,12143.5,173653523
NIFTYSMEEMERGE,20200713,-,-,-,1228.77,-
NIFTYLARGEMIDCAP250,20200713,-,-,-,5468.24,1653672350
NIFTYALPHAQUALVALLOWVOL30,20200713,-,-,-,7081.83,144744067
NIFTYQUALLOWVOL30,20200713,-,-,-,8159.06,113213510
NIFTY50EQUALWEIGHT,20200713,11034,11072.5,10963.75,11008.35,554050579
NIFTY50ARBITRAGE,20200713,-,-,-,1900.03,-
NIFTY50FUTINDEX,20200713,-,-,-,3616.07,-
NIFTYABGROUP,20200713,-,-,-,2600.21,406990262
NIFTYTATA,20200713,-,-,-,6741.14,136997806
NIFTYMAHINDRA,20200713,-,-,-,8498.48,24160778
NIFTY100ESG,20200713,-,-,-,2101.33,609437029
NIFTY-GS-8-13YR,20200713,2208.48,2208.51,2206.05,2206.05,-
NIFTY-GS-4-8YR,20200713,2356.55,2356.55,2353.78,2354.12,-
NIFTY-GS-11-15YR,20200713,2377.85,2378.73,2375.25,2375.93,-
NIFTY-GS-15YRPLUS,20200713,2618.83,2622.67,2618.83,2622.67,-
NIFTY-GS-COMPSITE,20200713,2253.59,2253.61,2251.23,2251.24,-
NIFTY-GS-10YR,20200713,2007.46,2007.66,2003.59,2003.59,-
NIFTY-GS-10YR-CLN,20200713,981.91,982.01,980,980,-
NSEDEFTY,20200713,-,-,-,4977.75,-
